ecmf prod rf 2004031200 20200312 11 046
0024 em 00  2.002 -0.724  2.129 4
0024 cf 00  1.943 -0.703  2.066 4
0024 pf 01  1.951 -0.632  2.051 4
0024 pf 02  1.916 -0.660  2.027 4
0024 pf 03  1.904 -0.894  2.103 4
0024 pf 04  2.073 -0.749  2.205 4
0024 pf 05  2.017 -0.710  2.139 4
0024 pf 06  1.995 -0.624  2.090 4
0024 pf 07  1.997 -0.769  2.140 4
0024 pf 08  2.029 -0.690  2.143 4
0024 pf 09  1.992 -0.777  2.138 4
0024 pf 10  2.057 -0.729  2.182 4
0048 em 00  2.246 -0.595  2.323 4
0048 cf 00  2.231 -0.621  2.316 4
0048 pf 01  2.139 -0.552  2.209 4
0048 pf 02  2.343 -0.616  2.422 4
0048 pf 03  2.136 -0.932  2.331 4
0048 pf 04  2.147 -0.655  2.245 4
0048 pf 05  2.294 -0.427  2.334 4
0048 pf 06  2.251 -0.474  2.300 4
0048 pf 07  2.433 -0.532  2.490 4
0048 pf 08  2.080 -0.558  2.154 4
0048 pf 09  2.162 -0.601  2.244 4
0048 pf 10  2.317 -0.548  2.381 4
0072 em 00  2.495 -0.491  2.543 4
0072 cf 00  2.431 -0.453  2.472 4
0072 pf 01  2.458 -0.480  2.504 4
0072 pf 02  2.740 -0.435  2.775 4
0072 pf 03  2.444 -0.958  2.625 4
0072 pf 04  2.400 -0.554  2.463 4
0072 pf 05  2.535 -0.483  2.581 4
0072 pf 06  2.473 -0.311  2.493 4
0072 pf 07  2.489 -0.272  2.504 4
0072 pf 08  2.324 -0.427  2.363 4
0072 pf 09  2.312 -0.609  2.391 4
0072 pf 10  2.665 -0.387  2.693 4
0096 em 00  2.439 -0.164  2.445 4
0096 cf 00  2.337 -0.131  2.341 4
0096 pf 01  2.468  0.072  2.469 5
0096 pf 02  2.582  0.090  2.583 5
0096 pf 03  2.243 -0.775  2.373 4
0096 pf 04  2.472 -0.288  2.489 4
0096 pf 05  2.528 -0.334  2.550 4
0096 pf 06  2.265 -0.071  2.266 4
0096 pf 07  2.330  0.005  2.330 5
0096 pf 08  2.428 -0.187  2.435 4
0096 pf 09  2.372 -0.247  2.385 4
0096 pf 10  2.646  0.086  2.648 5
0120 em 00  2.283  0.183  2.291 5
0120 cf 00  2.185  0.084  2.186 5
0120 pf 01  2.271  0.462  2.318 5
0120 pf 02  2.161  0.458  2.209 5
0120 pf 03  2.171 -0.577  2.246 4
0120 pf 04  2.310  0.008  2.310 5
0120 pf 05  2.647  0.118  2.650 5
0120 pf 06  2.111  0.087  2.113 5
0120 pf 07  1.727  0.328  1.758 5
0120 pf 08  2.317  0.170  2.323 5
0120 pf 09  2.461  0.265  2.475 5
0120 pf 10  2.597  0.612  2.669 5
0144 em 00  1.952  0.567  2.032 5
0144 cf 00  1.754  0.402  1.799 5
0144 pf 01  1.747  0.836  1.936 5
0144 pf 02  1.798  0.702  1.930 5
0144 pf 03  1.904 -0.294  1.927 4
0144 pf 04  1.959  0.497  2.021 5
0144 pf 05  2.517  0.641  2.597 5
0144 pf 06  1.680  0.374  1.721 5
0144 pf 07  1.607  0.621  1.723 5
0144 pf 08  1.999  0.578  2.081 5
0144 pf 09  2.091  0.558  2.164 5
0144 pf 10  2.253  1.296  2.599 5
0168 em 00  1.789  0.792  1.957 5
0168 cf 00  1.630  0.761  1.798 5
0168 pf 01  1.274  1.171  1.730 5
0168 pf 02  1.725  0.976  1.982 5
0168 pf 03  1.834  0.038  1.835 5
0168 pf 04  1.844  0.766  1.997 5
0168 pf 05  2.690  1.072  2.895 5
0168 pf 06  1.295  0.290  1.327 5
0168 pf 07  1.494  0.826  1.707 5
0168 pf 08  1.736  0.833  1.925 5
0168 pf 09  1.923  0.524  1.993 5
0168 pf 10  2.064  1.419  2.505 5
0192 em 00  1.801  0.952  2.037 5
0192 cf 00  1.702  0.945  1.946 5
0192 pf 01  1.129  1.509  1.885 6
0192 pf 02  1.820  1.037  2.094 5
0192 pf 03  2.009  0.472  2.064 5
0192 pf 04  1.968  0.953  2.187 5
0192 pf 05  2.607  1.349  2.935 5
0192 pf 06  1.037  0.136  1.046 5
0192 pf 07  1.491  1.073  1.837 5
0192 pf 08  1.746  0.981  2.003 5
0192 pf 09  2.085  0.466  2.137 5
0192 pf 10  2.012  1.514  2.518 5
0216 em 00  1.703  1.170  2.066 5
0216 cf 00  1.563  1.138  1.933 5
0216 pf 01  0.980  1.716  1.976 6
0216 pf 02  1.771  1.132  2.102 5
0216 pf 03  2.087  0.879  2.264 5
0216 pf 04  1.843  1.313  2.262 5
0216 pf 05  2.432  1.684  2.958 5
0216 pf 06  1.136  0.083  1.139 5
0216 pf 07  1.521  1.299  2.000 5
0216 pf 08  1.522  1.095  1.875 5
0216 pf 09  2.144  0.726  2.263 5
0216 pf 10  1.521  1.749  2.318 6
0240 em 00  1.417  1.355  1.961 5
0240 cf 00  1.228  1.303  1.791 6
0240 pf 01  0.607  1.758  1.860 6
0240 pf 02  1.510  1.110  1.874 5
0240 pf 03  1.830  1.121  2.146 5
0240 pf 04  1.377  1.678  2.170 6
0240 pf 05  1.952  2.017  2.807 6
0240 pf 06  1.146  0.234  1.170 5
0240 pf 07  1.365  1.565  2.076 6
0240 pf 08  1.297  1.155  1.736 5
0240 pf 09  2.049  0.960  2.263 5
0240 pf 10  1.020  1.923  2.177 6
0264 em 00  1.131  1.536  1.907 6
0264 cf 00  0.919  1.473  1.736 6
0264 pf 01  0.321  1.943  1.970 6
0264 pf 02  1.159  1.335  1.767 6
0264 pf 03  1.303  1.368  1.889 6
0264 pf 04  0.762  1.787  1.942 6
0264 pf 05  1.545  2.257  2.735 6
0264 pf 06  1.324  0.535  1.428 5
0264 pf 07  1.280  1.770  2.184 6
0264 pf 08  0.987  1.322  1.649 6
0264 pf 09  1.981  0.975  2.208 5
0264 pf 10  0.666  2.036  2.142 6
0288 em 00  0.804  1.598  1.789 6
0288 cf 00  0.576  1.630  1.729 6
0288 pf 01  0.170  2.011  2.018 6
0288 pf 02  0.984  1.348  1.669 6
0288 pf 03  0.706  1.503  1.661 6
0288 pf 04  0.421  1.799  1.847 6
0288 pf 05  1.011  2.187  2.409 6
0288 pf 06  1.170  0.758  1.394 5
0288 pf 07  1.004  1.922  2.168 6
0288 pf 08  0.611  1.544  1.661 6
0288 pf 09  2.024  0.823  2.185 5
0288 pf 10 -0.016  1.943  1.943 7
0312 em 00  0.514  1.531  1.615 6
0312 cf 00  0.041  1.453  1.454 6
0312 pf 01  0.229  1.977  1.991 6
0312 pf 02  1.007  1.340  1.676 6
0312 pf 03  0.256  1.463  1.486 6
0312 pf 04  0.341  1.463  1.502 6
0312 pf 05  0.535  1.902  1.976 6
0312 pf 06  0.919  0.787  1.210 5
0312 pf 07  0.817  1.876  2.046 6
0312 pf 08  0.026  1.587  1.587 6
0312 pf 09  2.057  0.747  2.188 5
0312 pf 10 -0.710  2.139  2.254 7
0336 em 00  0.210  1.306  1.323 6
0336 cf 00 -0.445  1.232  1.310 7
0336 pf 01  0.110  1.678  1.682 6
0336 pf 02  0.378  1.111  1.174 6
0336 pf 03 -0.315  1.248  1.287 7
0336 pf 04  0.203  1.288  1.304 6
0336 pf 05  0.219  1.805  1.818 6
0336 pf 06  0.925  0.796  1.220 5
0336 pf 07  0.724  1.548  1.709 6
0336 pf 08 -0.562  1.212  1.336 7
0336 pf 09  1.990  0.389  2.028 5
0336 pf 10 -1.006  1.973  2.215 7
0360 em 00 -0.025  1.073  1.073 7
0360 cf 00 -0.596  0.934  1.108 7
0360 pf 01 -0.250  1.485  1.506 7
0360 pf 02  0.007  1.101  1.101 6
0360 pf 03 -0.687  0.988  1.204 7
0360 pf 04  0.076  1.216  1.218 6
0360 pf 05 -0.229  1.470  1.488 7
0360 pf 06  1.168  0.659  1.341 5
0360 pf 07  0.416  0.977  1.062 6
0360 pf 08 -0.939  0.830  1.254 8
0360 pf 09  1.695  0.266  1.715 5
0360 pf 10 -0.995  1.815  2.070 7
0384 em 00 -0.246  0.823  0.859 7
0384 cf 00 -0.558  0.798  0.974 7
0384 pf 01 -0.478  0.970  1.082 7
0384 pf 02 -0.358  0.949  1.015 7
0384 pf 03 -1.031  1.076  1.490 7
0384 pf 04 -0.207  1.016  1.037 7
0384 pf 05 -0.771  1.210  1.435 7
0384 pf 06  1.429  0.486  1.509 5
0384 pf 07  0.316  0.713  0.780 6
0384 pf 08 -1.577  0.531  1.665 8
0384 pf 09  1.488 -0.082  1.490 4
0384 pf 10 -0.988  1.341  1.666 7
0408 em 00 -0.348  0.608  0.700 7
0408 cf 00 -0.609  0.379  0.717 8
0408 pf 01 -0.593  0.657  0.885 7
0408 pf 02 -0.400  0.827  0.919 7
0408 pf 03 -1.360  1.008  1.693 8
0408 pf 04 -0.299  0.912  0.960 7
0408 pf 05 -0.818  0.868  1.193 7
0408 pf 06  1.472  0.163  1.481 5
0408 pf 07  0.363  0.653  0.747 6
0408 pf 08 -1.860  0.047  1.861 8
0408 pf 09  1.260  0.034  1.261 5
0408 pf 10 -1.020  1.094  1.496 7
0432 em 00 -0.355  0.402  0.537 7
0432 cf 00 -0.563  0.097  0.572 8
0432 pf 01 -0.409  0.415  0.583 7
0432 pf 02 -0.379  0.608  0.716 7
0432 pf 03 -1.613  0.685  1.753 8
0432 pf 04 -0.296  1.142  1.180 7
0432 pf 05 -0.632  0.284  0.693 8
0432 pf 06  1.272  0.032  1.272 5
0432 pf 07  0.308  0.711  0.775 6
0432 pf 08 -1.933 -0.429  1.980 1
0432 pf 09  1.241  0.007  1.241 5
0432 pf 10 -0.953  0.818  1.256 8
0456 em 00 -0.327  0.200  0.383 8
0456 cf 00 -0.486 -0.103  0.497 1
0456 pf 01 -0.182  0.354  0.398 7
0456 pf 02 -0.414  0.393  0.571 8
0456 pf 03 -1.363  0.230  1.383 8
0456 pf 04 -0.348  1.018  1.076 7
0456 pf 05 -0.584 -0.070  0.588 1
0456 pf 06  1.249 -0.115  1.254 4
0456 pf 07  0.296  0.771  0.826 6
0456 pf 08 -1.680 -0.693  1.818 1
0456 pf 09  0.840 -0.063  0.843 4
0456 pf 10 -0.968  0.427  1.058 8
0480 em 00 -0.291  0.108  0.310 8
0480 cf 00 -0.512 -0.104  0.522 1
0480 pf 01 -0.199  0.314  0.371 7
0480 pf 02 -0.363  0.080  0.372 8
0480 pf 03 -1.241 -0.144  1.250 1
0480 pf 04 -0.230  1.022  1.047 7
0480 pf 05 -0.366 -0.257  0.447 1
0480 pf 06  1.247 -0.325  1.289 4
0480 pf 07  0.246  0.894  0.927 6
0480 pf 08 -1.238 -0.577  1.365 1
0480 pf 09  0.327 -0.014  0.327 4
0480 pf 10 -0.921  0.238  0.951 8
0504 em 00 -0.238  0.011  0.238 8
0504 cf 00 -0.587 -0.377  0.698 1
0504 pf 01 -0.159  0.462  0.488 7
0504 pf 02 -0.084 -0.145  0.168 2
0504 pf 03 -1.181 -0.733  1.389 1
0504 pf 04 -0.332  0.787  0.854 7
0504 pf 05 -0.153 -0.222  0.270 2
0504 pf 06  1.306 -0.203  1.322 4
0504 pf 07  0.074  0.845  0.848 6
0504 pf 08 -0.824 -0.560  0.996 1
0504 pf 09  0.007  0.142  0.142 6
0504 pf 10 -0.745  0.076  0.749 8
0528 em 00 -0.225 -0.155  0.273 1
0528 cf 00 -0.502 -0.549  0.744 2
0528 pf 01 -0.283  0.286  0.402 7
0528 pf 02 -0.157 -0.474  0.500 2
0528 pf 03 -1.193 -1.197  1.690 2
0528 pf 04 -0.448  0.726  0.853 7
0528 pf 05  0.465 -0.497  0.681 3
0528 pf 06  1.268 -0.257  1.294 4
0528 pf 07 -0.316  0.762  0.825 7
0528 pf 08 -0.556 -0.584  0.807 2
0528 pf 09 -0.103 -0.025  0.106 1
0528 pf 10 -0.692  0.035  0.693 8
0552 em 00 -0.140 -0.215  0.257 2
0552 cf 00 -0.467 -0.547  0.719 2
0552 pf 01 -0.554  0.105  0.564 8
0552 pf 02 -0.250 -0.371  0.447 2
0552 pf 03 -0.839 -1.266  1.519 2
0552 pf 04 -0.453  0.809  0.927 7
0552 pf 05  0.975 -0.563  1.126 4
0552 pf 06  1.467 -0.082  1.470 4
0552 pf 07 -0.409  0.670  0.785 7
0552 pf 08 -0.415 -0.566  0.702 2
0552 pf 09  0.025 -0.342  0.343 3
0552 pf 10 -0.680 -0.316  0.750 1
0576 em 00 -0.089 -0.210  0.228 2
0576 cf 00 -0.299 -0.342  0.455 2
0576 pf 01 -0.789  0.125  0.799 8
0576 pf 02 -0.390 -0.102  0.403 1
0576 pf 03 -0.528 -1.392  1.489 2
0576 pf 04 -0.582  0.904  1.075 7
0576 pf 05  1.283 -0.477  1.369 4
0576 pf 06  1.599  0.036  1.600 5
0576 pf 07 -0.480  0.413  0.633 8
0576 pf 08 -0.109 -0.488  0.500 2
0576 pf 09 -0.152 -0.569  0.589 2
0576 pf 10 -0.589 -0.542  0.800 1
0600 em 00  0.064 -0.255  0.263 3
0600 cf 00 -0.048 -0.228  0.233 2
0600 pf 01 -0.567 -0.184  0.596 1
0600 pf 02  0.124 -0.210  0.244 3
0600 pf 03 -0.175 -1.335  1.346 2
0600 pf 04 -0.907  0.730  1.164 8
0600 pf 05  1.518 -0.277  1.543 4
0600 pf 06  1.629  0.646  1.753 5
0600 pf 07 -0.521 -0.040  0.522 1
0600 pf 08 -0.009 -0.347  0.347 2
0600 pf 09 -0.106 -0.846  0.852 2
0600 pf 10 -0.302 -0.846  0.898 2
0624 em 00  0.053 -0.334  0.338 3
0624 cf 00  0.047 -0.226  0.231 3
0624 pf 01 -0.415 -0.458  0.618 2
0624 pf 02  0.171 -0.375  0.412 3
0624 pf 03 -0.055 -1.418  1.419 2
0624 pf 04 -1.363  0.542  1.467 8
0624 pf 05  1.513 -0.323  1.548 4
0624 pf 06  1.365  0.847  1.607 5
0624 pf 07 -1.009 -0.233  1.035 1
0624 pf 08  0.126 -0.099  0.160 4
0624 pf 09 -0.025 -1.040  1.040 2
0624 pf 10  0.184 -1.011  1.027 3
0648 em 00  0.051 -0.364  0.368 3
0648 cf 00 -0.012 -0.208  0.208 2
0648 pf 01 -0.395 -0.470  0.614 2
0648 pf 02  0.559 -0.302  0.635 4
0648 pf 03  0.412 -1.283  1.348 3
0648 pf 04 -1.488  0.109  1.492 8
0648 pf 05  1.446 -0.224  1.464 4
0648 pf 06  0.817  0.835  1.168 6
0648 pf 07 -1.227  0.037  1.227 8
0648 pf 08  0.187 -0.161  0.247 4
0648 pf 09  0.042 -1.210  1.211 3
0648 pf 10  0.181 -1.238  1.251 3
0672 em 00  0.094 -0.324  0.337 3
0672 cf 00 -0.125 -0.124  0.176 1
0672 pf 01 -0.415 -0.608  0.736 2
0672 pf 02  0.712 -0.300  0.773 4
0672 pf 03  0.802 -1.179  1.426 3
0672 pf 04 -1.616  0.155  1.624 8
0672 pf 05  1.449 -0.316  1.483 4
0672 pf 06  0.279  0.740  0.791 6
0672 pf 07 -1.189  0.270  1.219 8
0672 pf 08  0.475 -0.118  0.490 4
0672 pf 09  0.297 -1.242  1.277 3
0672 pf 10  0.326 -0.963  1.017 3
0696 em 00  0.144 -0.296  0.329 3
0696 cf 00 -0.235 -0.029  0.236 1
0696 pf 01 -0.050 -0.632  0.634 2
0696 pf 02  1.158 -0.525  1.271 4
0696 pf 03  0.987 -1.053  1.443 3
0696 pf 04 -1.329  0.076  1.331 8
0696 pf 05  1.343  0.276  1.371 5
0696 pf 06 -0.298  0.588  0.659 7
0696 pf 07 -0.948  0.206  0.970 8
0696 pf 08  0.347 -0.037  0.349 4
0696 pf 09  0.168 -1.276  1.287 3
0696 pf 10  0.395 -0.990  1.066 3
0720 em 00  0.142 -0.311  0.342 3
0720 cf 00 -0.299 -0.055  0.304 1
0720 pf 01  0.321 -0.658  0.732 3
0720 pf 02  1.330 -0.397  1.388 4
0720 pf 03  1.171 -0.905  1.480 4
0720 pf 04 -1.576  0.032  1.577 8
0720 pf 05  1.340  0.400  1.399 5
0720 pf 06 -0.920  0.102  0.926 8
0720 pf 07 -1.089 -0.066  1.091 1
0720 pf 08  0.314  0.180  0.362 5
0720 pf 09  0.372 -1.209  1.265 3
0720 pf 10  0.577 -0.996  1.151 3
0744 em 00  0.076 -0.311  0.320 3
0744 cf 00 -0.286 -0.111  0.307 1
0744 pf 01  0.165 -0.459  0.487 3
0744 pf 02  1.225 -0.350  1.273 4
0744 pf 03  1.328 -0.761  1.530 4
0744 pf 04 -2.003 -0.195  2.013 1
0744 pf 05  1.349  0.637  1.491 5
0744 pf 06 -1.233 -0.063  1.234 1
0744 pf 07 -1.188 -0.310  1.228 1
0744 pf 08 -0.013  0.118  0.119 7
0744 pf 09  0.859 -0.859  1.215 3
0744 pf 10  0.657 -1.198  1.366 3
0768 em 00  0.041 -0.315  0.318 3
0768 cf 00 -0.395 -0.184  0.436 1
0768 pf 01  0.087 -0.276  0.289 3
0768 pf 02  1.088 -0.378  1.151 4
0768 pf 03  1.403 -0.709  1.572 4
0768 pf 04 -2.226 -0.356  2.254 1
0768 pf 05  1.229  0.841  1.490 5
0768 pf 06 -1.042 -0.236  1.068 1
0768 pf 07 -1.302 -0.346  1.347 1
0768 pf 08 -0.360 -0.048  0.363 1
0768 pf 09  1.157 -0.599  1.303 4
0768 pf 10  0.853 -1.286  1.543 3
0792 em 00  0.039 -0.316  0.318 3
0792 cf 00 -0.641 -0.372  0.741 1
0792 pf 01  0.329 -0.378  0.501 3
0792 pf 02  0.988 -0.211  1.011 4
0792 pf 03  1.473 -0.642  1.607 4
0792 pf 04 -2.064 -0.628  2.158 1
0792 pf 05  0.557  1.000  1.144 6
0792 pf 06 -0.812 -0.206  0.838 1
0792 pf 07 -1.380 -0.412  1.440 1
0792 pf 08 -0.447  0.005  0.447 8
0792 pf 09  1.373 -0.359  1.419 4
0792 pf 10  1.118 -1.353  1.755 3
0816 em 00 -0.014 -0.414  0.414 2
0816 cf 00 -0.737 -0.560  0.925 1
0816 pf 01  0.445 -0.704  0.833 3
0816 pf 02  0.543 -0.183  0.573 4
0816 pf 03  1.167 -0.745  1.384 4
0816 pf 04 -1.564 -1.178  1.959 1
0816 pf 05  0.208  0.850  0.875 6
0816 pf 06 -0.650 -0.052  0.652 1
0816 pf 07 -1.201 -0.352  1.252 1
0816 pf 08 -0.526 -0.149  0.547 1
0816 pf 09  0.987 -0.124  0.995 4
0816 pf 10  1.298 -1.398  1.908 3
0840 em 00 -0.096 -0.509  0.518 2
0840 cf 00 -0.794 -0.627  1.012 1
0840 pf 01  0.341 -0.859  0.924 3
0840 pf 02  0.575 -0.235  0.621 4
0840 pf 03  1.037 -0.951  1.406 4
0840 pf 04 -1.632 -1.278  2.073 1
0840 pf 05 -0.128  0.796  0.806 7
0840 pf 06 -0.729 -0.230  0.765 1
0840 pf 07 -0.987 -0.675  1.196 1
0840 pf 08 -0.697 -0.418  0.813 1
0840 pf 09  0.586  0.056  0.588 5
0840 pf 10  1.525 -1.189  1.933 4
0864 em 00 -0.103 -0.547  0.557 2
0864 cf 00 -0.650 -0.716  0.968 2
0864 pf 01  0.421 -1.052  1.133 3
0864 pf 02  0.575 -0.294  0.645 4
0864 pf 03  1.102 -0.685  1.298 4
0864 pf 04 -1.740 -1.621  2.378 1
0864 pf 05 -0.304  0.615  0.686 7
0864 pf 06 -0.464 -0.291  0.548 1
0864 pf 07 -0.793 -0.706  1.062 1
0864 pf 08 -0.739 -0.297  0.796 1
0864 pf 09  0.175  0.252  0.307 6
0864 pf 10  1.440 -1.224  1.890 4
0888 em 00 -0.125 -0.576  0.589 2
0888 cf 00 -0.421 -0.807  0.910 2
0888 pf 01  0.474 -1.199  1.289 3
0888 pf 02  0.574 -0.443  0.725 4
0888 pf 03  0.698 -0.681  0.975 4
0888 pf 04 -1.566 -1.924  2.481 2
0888 pf 05 -0.669  0.677  0.952 7
0888 pf 06 -0.503 -0.194  0.539 1
0888 pf 07 -0.555 -0.631  0.840 2
0888 pf 08 -0.715 -0.192  0.740 1
0888 pf 09 -0.038  0.308  0.310 7
0888 pf 10  1.513 -1.182  1.920 4
0912 em 00 -0.047 -0.640  0.642 2
0912 cf 00 -0.186 -0.923  0.942 2
0912 pf 01  0.384 -1.348  1.401 3
0912 pf 02  0.651 -0.865  1.083 3
0912 pf 03  0.365 -0.526  0.640 3
0912 pf 04 -1.124 -2.142  2.419 2
0912 pf 05 -0.727  0.389  0.825 8
0912 pf 06 -0.472  0.080  0.478 8
0912 pf 07 -0.295 -0.407  0.503 2
0912 pf 08 -0.487 -0.396  0.628 1
0912 pf 09 -0.071 -0.008  0.072 1
0912 pf 10  1.593 -0.827  1.795 4
0936 em 00  0.106 -0.595  0.604 3
0936 cf 00 -0.062 -0.917  0.919 2
0936 pf 01  0.635 -1.033  1.212 3
0936 pf 02  0.931 -1.027  1.386 3
0936 pf 03  0.452 -0.410  0.610 4
0936 pf 04 -0.814 -2.297  2.437 2
0936 pf 05 -0.928  0.066  0.930 8
0936 pf 06 -0.175  0.173  0.246 8
0936 pf 07 -0.109  0.061  0.124 8
0936 pf 08 -0.236 -0.447  0.506 2
0936 pf 09 -0.182 -0.075  0.197 1
0936 pf 10  1.782 -0.573  1.871 4
0960 em 00  0.232 -0.684  0.723 3
0960 cf 00  0.027 -0.852  0.852 3
0960 pf 01  0.629 -1.025  1.202 3
0960 pf 02  1.359 -1.175  1.796 4
0960 pf 03  0.505 -0.331  0.603 4
0960 pf 04 -0.364 -2.797  2.820 2
0960 pf 05 -1.178 -0.229  1.200 1
0960 pf 06 -0.146 -0.146  0.206 2
0960 pf 07 -0.044  0.135  0.142 7
0960 pf 08  0.091 -0.648  0.654 3
0960 pf 09 -0.077  0.196  0.211 7
0960 pf 10  1.855 -0.566  1.940 4
0984 em 00  0.289 -0.613  0.678 3
0984 cf 00  0.272 -0.634  0.690 3
0984 pf 01  0.420 -0.603  0.734 3
0984 pf 02  1.925 -1.105  2.220 4
0984 pf 03  0.641 -0.620  0.892 4
0984 pf 04 -0.218 -2.708  2.717 2
0984 pf 05 -1.168 -0.609  1.317 1
0984 pf 06 -0.134 -0.136  0.191 2
0984 pf 07 -0.150  0.238  0.282 7
0984 pf 08  0.272 -0.602  0.661 3
0984 pf 09 -0.106  0.566  0.576 7
0984 pf 10  1.523 -0.401  1.575 4
1008 em 00  0.340 -0.526  0.626 3
1008 cf 00  0.401 -0.729  0.832 3
1008 pf 01  0.311 -0.291  0.426 4
1008 pf 02  2.239 -0.789  2.374 4
1008 pf 03  0.548 -0.729  0.911 3
1008 pf 04  0.181 -2.535  2.541 3
1008 pf 05 -1.199 -0.932  1.519 1
1008 pf 06 -0.118  0.175  0.211 7
1008 pf 07 -0.283  0.470  0.549 7
1008 pf 08  0.287 -0.623  0.686 3
1008 pf 09 -0.087  0.626  0.632 7
1008 pf 10  1.518 -0.253  1.539 4
1032 em 00  0.364 -0.405  0.544 3
1032 cf 00  0.579 -0.793  0.982 3
1032 pf 01  0.246 -0.101  0.266 4
1032 pf 02  2.451 -0.358  2.478 4
1032 pf 03  0.498 -0.329  0.597 4
1032 pf 04  0.670 -2.408  2.499 3
1032 pf 05 -1.013 -1.262  1.619 2
1032 pf 06 -0.210  0.537  0.577 7
1032 pf 07 -0.308  0.600  0.675 7
1032 pf 08 -0.101 -0.341  0.355 2
1032 pf 09 -0.413  0.480  0.633 7
1032 pf 10  1.611 -0.281  1.636 4
1056 em 00  0.426 -0.271  0.505 4
1056 cf 00  0.466 -0.752  0.885 3
1056 pf 01  0.317 -0.162  0.356 4
1056 pf 02  2.702  0.204  2.710 5
1056 pf 03  0.490 -0.244  0.547 4
1056 pf 04  1.324 -1.940  2.349 3
1056 pf 05 -0.682 -1.185  1.367 2
1056 pf 06 -0.481  0.535  0.719 7
1056 pf 07 -0.408  0.752  0.856 7
1056 pf 08 -0.321 -0.303  0.442 1
1056 pf 09 -0.238  0.417  0.480 7
1056 pf 10  1.468 -0.093  1.471 4
1080 em 00  0.418 -0.229  0.477 4
1080 cf 00  0.080 -0.523  0.529 3
1080 pf 01  0.180  0.018  0.181 5
1080 pf 02  2.345  0.439  2.386 5
1080 pf 03  0.612 -0.369  0.715 4
1080 pf 04  1.592 -1.885  2.468 3
1080 pf 05  0.034 -1.048  1.048 3
1080 pf 06 -0.202  0.205  0.287 7
1080 pf 07 -0.528  0.462  0.702 8
1080 pf 08 -0.407 -0.258  0.482 1
1080 pf 09 -0.193  0.420  0.462 7
1080 pf 10  1.014  0.232  1.040 5
1104 em 00  0.367 -0.202  0.419 4
1104 cf 00 -0.094 -0.341  0.354 2
1104 pf 01  0.154  0.030  0.157 5
1104 pf 02  2.026  0.669  2.134 5
1104 pf 03  0.522 -0.302  0.603 4
1104 pf 04  1.836 -1.529  2.390 4
1104 pf 05  0.467 -1.269  1.352 3
1104 pf 06 -0.158  0.183  0.242 7
1104 pf 07 -0.760  0.260  0.803 8
1104 pf 08 -0.064 -0.342  0.348 2
1104 pf 09 -0.548  0.245  0.600 8
1104 pf 10  0.563  0.382  0.680 5
