ecmf prod rf 2005050600 20190506 11 046
0024 em 00  1.323 -1.527  2.020 3
0024 cf 00  1.274 -1.541  2.000 3
0024 pf 01  1.284 -1.520  1.989 3
0024 pf 02  1.326 -1.544  2.036 3
0024 pf 03  1.330 -1.542  2.036 3
0024 pf 04  1.387 -1.466  2.018 3
0024 pf 05  1.245 -1.592  2.021 3
0024 pf 06  1.340 -1.454  1.978 3
0024 pf 07  1.361 -1.565  2.074 3
0024 pf 08  1.391 -1.518  2.059 3
0024 pf 09  1.319 -1.467  1.973 3
0024 pf 10  1.326 -1.540  2.032 3
0048 em 00  1.330 -1.319  1.873 4
0048 cf 00  1.320 -1.410  1.931 3
0048 pf 01  1.419 -1.364  1.968 4
0048 pf 02  1.301 -1.279  1.824 4
0048 pf 03  1.283 -1.324  1.844 3
0048 pf 04  1.303 -1.195  1.768 4
0048 pf 05  1.213 -1.319  1.792 3
0048 pf 06  1.494 -1.226  1.933 4
0048 pf 07  1.562 -1.289  2.025 4
0048 pf 08  1.286 -1.445  1.935 3
0048 pf 09  1.067 -1.268  1.657 3
0048 pf 10  1.417 -1.336  1.948 4
0072 em 00  1.315 -0.922  1.606 4
0072 cf 00  1.323 -1.076  1.705 4
0072 pf 01  1.517 -0.872  1.750 4
0072 pf 02  1.132 -0.924  1.461 4
0072 pf 03  1.265 -1.116  1.686 4
0072 pf 04  1.089 -0.880  1.400 4
0072 pf 05  1.075 -0.879  1.389 4
0072 pf 06  1.698 -0.591  1.798 4
0072 pf 07  1.591 -0.664  1.724 4
0072 pf 08  1.342 -1.200  1.800 4
0072 pf 09  1.030 -0.899  1.367 4
0072 pf 10  1.421 -0.987  1.730 4
0096 em 00  1.285 -0.443  1.360 4
0096 cf 00  1.291 -0.577  1.414 4
0096 pf 01  1.447 -0.108  1.451 4
0096 pf 02  1.035 -0.588  1.190 4
0096 pf 03  1.399 -0.787  1.605 4
0096 pf 04  1.049 -0.392  1.120 4
0096 pf 05  0.796 -0.324  0.860 4
0096 pf 06  1.459 -0.176  1.469 4
0096 pf 07  1.615 -0.094  1.617 4
0096 pf 08  1.338 -0.686  1.504 4
0096 pf 09  1.094 -0.493  1.200 4
0096 pf 10  1.634 -0.604  1.742 4
0120 em 00  0.984 -0.190  1.002 4
0120 cf 00  0.990 -0.286  1.030 4
0120 pf 01  1.261  0.220  1.280 5
0120 pf 02  0.975 -0.508  1.099 4
0120 pf 03  1.320 -0.443  1.393 4
0120 pf 04  0.759 -0.220  0.790 4
0120 pf 05  0.145 -0.224  0.266 3
0120 pf 06  0.851  0.172  0.869 5
0120 pf 07  1.319  0.237  1.340 5
0120 pf 08  0.973 -0.365  1.039 4
0120 pf 09  0.724 -0.324  0.793 4
0120 pf 10  1.544 -0.297  1.573 4
0144 em 00  0.646  0.013  0.646 5
0144 cf 00  0.690 -0.050  0.692 4
0144 pf 01  0.790  0.478  0.923 5
0144 pf 02  0.841 -0.242  0.875 4
0144 pf 03  0.940 -0.189  0.959 4
0144 pf 04  0.541  0.022  0.542 5
0144 pf 05 -0.336 -0.347  0.483 2
0144 pf 06  0.251  0.453  0.518 6
0144 pf 07  0.926  0.596  1.101 5
0144 pf 08  0.680 -0.242  0.722 4
0144 pf 09  0.578 -0.191  0.609 4
0144 pf 10  1.243 -0.103  1.247 4
0168 em 00  0.408 -0.014  0.408 4
0168 cf 00  0.389 -0.009  0.389 4
0168 pf 01  0.757  0.627  0.983 5
0168 pf 02  0.656  0.160  0.675 5
0168 pf 03  0.759 -0.259  0.802 4
0168 pf 04  0.197  0.036  0.200 5
0168 pf 05 -0.463 -0.654  0.801 2
0168 pf 06 -0.183  0.309  0.360 7
0168 pf 07  0.573  0.425  0.713 5
0168 pf 08  0.508 -0.465  0.689 4
0168 pf 09  0.554 -0.239  0.603 4
0168 pf 10  0.768 -0.048  0.770 4
0192 em 00  0.193 -0.095  0.215 4
0192 cf 00  0.237 -0.076  0.249 4
0192 pf 01  0.142  0.500  0.520 6
0192 pf 02  0.448  0.518  0.685 6
0192 pf 03  0.573 -0.370  0.682 4
0192 pf 04 -0.108  0.046  0.117 8
0192 pf 05 -0.107 -1.015  1.021 2
0192 pf 06 -0.421  0.007  0.421 8
0192 pf 07 -0.017  0.374  0.374 7
0192 pf 08  0.627 -0.654  0.906 3
0192 pf 09  0.365 -0.168  0.401 4
0192 pf 10  0.412 -0.162  0.442 4
0216 em 00  0.002 -0.226  0.226 3
0216 cf 00 -0.000 -0.198  0.198 2
0216 pf 01 -0.383  0.285  0.477 8
0216 pf 02  0.215  0.637  0.673 6
0216 pf 03  0.335 -0.870  0.932 3
0216 pf 04 -0.316 -0.064  0.322 1
0216 pf 05  0.182 -1.166  1.180 3
0216 pf 06 -0.407 -0.205  0.456 1
0216 pf 07 -0.367  0.198  0.416 8
0216 pf 08  0.552 -0.829  0.996 3
0216 pf 09  0.028 -0.091  0.095 3
0216 pf 10  0.230 -0.135  0.267 4
0240 em 00 -0.107 -0.197  0.224 2
0240 cf 00 -0.247 -0.195  0.315 1
0240 pf 01 -0.596  0.123  0.609 8
0240 pf 02 -0.055  0.712  0.714 7
0240 pf 03  0.429 -0.974  1.065 3
0240 pf 04 -0.699 -0.089  0.704 1
0240 pf 05  0.111 -0.980  0.986 3
0240 pf 06 -0.299 -0.021  0.299 1
0240 pf 07 -0.313  0.061  0.319 8
0240 pf 08  0.665 -0.614  0.905 4
0240 pf 09 -0.161  0.027  0.163 8
0240 pf 10  0.054 -0.165  0.173 3
0264 em 00 -0.081 -0.117  0.142 2
0264 cf 00 -0.508 -0.363  0.624 1
0264 pf 01 -0.689 -0.064  0.692 1
0264 pf 02 -0.190  0.729  0.753 7
0264 pf 03  0.988 -0.672  1.195 4
0264 pf 04 -0.845 -0.075  0.848 1
0264 pf 05  0.175 -0.886  0.904 3
0264 pf 06 -0.295  0.239  0.380 8
0264 pf 07  0.054  0.003  0.054 5
0264 pf 08  0.753 -0.440  0.872 4
0264 pf 09 -0.424  0.238  0.486 8
0264 pf 10  0.151  0.054  0.160 5
0288 em 00 -0.084  0.023  0.087 8
0288 cf 00 -0.625 -0.298  0.692 1
0288 pf 01 -0.705 -0.107  0.713 1
0288 pf 02 -0.429  0.426  0.604 8
0288 pf 03  1.183 -0.307  1.222 4
0288 pf 04 -0.856 -0.141  0.867 1
0288 pf 05  0.141 -0.481  0.501 3
0288 pf 06 -0.303  0.371  0.479 7
0288 pf 07  0.191  0.155  0.246 5
0288 pf 08  1.121 -0.066  1.123 4
0288 pf 09 -0.425  0.517  0.670 7
0288 pf 10 -0.120  0.252  0.279 7
0312 em 00 -0.105  0.061  0.121 8
0312 cf 00 -0.756 -0.138  0.769 1
0312 pf 01 -0.619 -0.314  0.694 1
0312 pf 02 -0.508  0.371  0.629 8
0312 pf 03  1.160 -0.079  1.162 4
0312 pf 04 -0.760 -0.248  0.800 1
0312 pf 05  0.221 -0.392  0.450 3
0312 pf 06 -0.234  0.149  0.278 8
0312 pf 07  0.171  0.276  0.325 6
0312 pf 08  1.121  0.111  1.126 5
0312 pf 09 -0.652  0.306  0.720 8
0312 pf 10 -0.210  0.704  0.735 7
0336 em 00 -0.176  0.008  0.176 8
0336 cf 00 -0.613 -0.058  0.615 1
0336 pf 01 -0.482 -0.355  0.599 1
0336 pf 02 -0.581  0.211  0.618 8
0336 pf 03  0.956 -0.059  0.957 4
0336 pf 04 -0.548 -0.315  0.632 1
0336 pf 05  0.091 -0.255  0.270 3
0336 pf 06 -0.167  0.171  0.239 7
0336 pf 07  0.026 -0.075  0.080 3
0336 pf 08  0.891 -0.022  0.892 4
0336 pf 09 -1.018  0.184  1.034 8
0336 pf 10 -0.413  0.761  0.866 7
0360 em 00 -0.197 -0.046  0.203 1
0360 cf 00 -0.668 -0.096  0.674 1
0360 pf 01 -0.486 -0.322  0.583 1
0360 pf 02 -0.345  0.297  0.455 8
0360 pf 03  0.900 -0.090  0.904 4
0360 pf 04 -0.383 -0.380  0.540 1
0360 pf 05  0.208 -0.351  0.409 3
0360 pf 06 -0.180  0.163  0.243 8
0360 pf 07  0.010 -0.356  0.356 3
0360 pf 08  0.565  0.153  0.585 5
0360 pf 09 -0.982 -0.010  0.982 1
0360 pf 10 -0.749  0.599  0.959 8
0384 em 00 -0.219 -0.079  0.232 1
0384 cf 00 -0.734  0.104  0.742 8
0384 pf 01 -0.317 -0.057  0.322 1
0384 pf 02 -0.447  0.161  0.475 8
0384 pf 03  0.619 -0.170  0.641 4
0384 pf 04  0.033 -0.675  0.676 3
0384 pf 05  0.135 -0.273  0.304 3
0384 pf 06 -0.365 -0.195  0.414 1
0384 pf 07  0.058 -0.500  0.503 3
0384 pf 08  0.541  0.521  0.751 5
0384 pf 09 -1.018 -0.059  1.020 1
0384 pf 10 -0.882  0.403  0.970 8
0408 em 00 -0.300 -0.139  0.331 1
0408 cf 00 -0.691  0.174  0.713 8
0408 pf 01 -0.381  0.231  0.445 8
0408 pf 02 -0.454 -0.103  0.466 1
0408 pf 03  0.225 -0.207  0.306 4
0408 pf 04  0.029 -1.022  1.022 3
0408 pf 05  0.118 -0.134  0.179 3
0408 pf 06 -0.298 -0.625  0.692 2
0408 pf 07 -0.124 -0.692  0.703 2
0408 pf 08  0.128  0.750  0.761 6
0408 pf 09 -0.898  0.010  0.898 8
0408 pf 10 -0.969  0.212  0.992 8
0432 em 00 -0.179 -0.268  0.322 2
0432 cf 00 -0.493  0.235  0.546 8
0432 pf 01 -0.416  0.100  0.428 8
0432 pf 02 -0.524 -0.440  0.684 1
0432 pf 03  0.230 -0.203  0.306 4
0432 pf 04  0.061 -1.389  1.390 3
0432 pf 05  0.327  0.298  0.442 5
0432 pf 06 -0.164 -0.985  0.999 2
0432 pf 07  0.248 -1.057  1.086 3
0432 pf 08 -0.211  0.753  0.782 7
0432 pf 09 -0.591 -0.150  0.609 1
0432 pf 10 -0.478 -0.001  0.478 1
0456 em 00 -0.107 -0.408  0.421 2
0456 cf 00 -0.461  0.028  0.462 8
0456 pf 01 -0.341 -0.386  0.515 2
0456 pf 02 -0.592 -0.709  0.923 2
0456 pf 03  0.219 -0.199  0.296 4
0456 pf 04  0.151 -1.423  1.430 3
0456 pf 05  0.798  0.678  1.047 5
0456 pf 06  0.235 -0.983  1.010 3
0456 pf 07  0.137 -1.238  1.246 3
0456 pf 08 -0.386  0.725  0.821 7
0456 pf 09 -0.695 -0.582  0.906 1
0456 pf 10 -0.287 -0.284  0.404 1
0480 em 00 -0.120 -0.472  0.487 2
0480 cf 00 -0.607 -0.055  0.610 1
0480 pf 01 -0.217 -0.711  0.744 2
0480 pf 02 -0.658 -0.876  1.096 2
0480 pf 03  0.297 -0.004  0.297 4
0480 pf 04  0.137 -1.528  1.534 3
0480 pf 05  0.753  0.990  1.244 6
0480 pf 06  0.392 -0.930  1.010 3
0480 pf 07  0.006 -1.158  1.158 3
0480 pf 08 -0.842  0.329  0.904 8
0480 pf 09 -0.605 -0.692  0.919 2
0480 pf 10  0.008 -0.446  0.446 3
0504 em 00 -0.032 -0.465  0.467 2
0504 cf 00 -0.656 -0.164  0.676 1
0504 pf 01 -0.022 -0.857  0.857 2
0504 pf 02 -0.249 -0.976  1.007 2
0504 pf 03  0.042  0.199  0.203 6
0504 pf 04  0.240 -1.599  1.617 3
0504 pf 05  0.596  1.203  1.343 6
0504 pf 06  0.763 -0.797  1.103 3
0504 pf 07 -0.016 -0.790  0.790 2
0504 pf 08 -1.020 -0.110  1.026 1
0504 pf 09 -0.432 -0.762  0.875 2
0504 pf 10  0.400 -0.379  0.551 4
0528 em 00  0.098 -0.509  0.518 3
0528 cf 00 -0.582 -0.335  0.671 1
0528 pf 01  0.430 -1.049  1.133 3
0528 pf 02  0.256 -0.942  0.976 3
0528 pf 03 -0.326  0.200  0.383 8
0528 pf 04  0.529 -1.631  1.714 3
0528 pf 05  0.350  1.370  1.414 6
0528 pf 06  0.750 -0.718  1.039 4
0528 pf 07  0.123 -0.502  0.517 3
0528 pf 08 -0.986 -0.558  1.133 1
0528 pf 09 -0.234 -0.899  0.929 2
0528 pf 10  0.779 -0.461  0.906 4
0552 em 00  0.285 -0.467  0.547 3
0552 cf 00 -0.435 -0.426  0.609 1
0552 pf 01  0.558 -1.213  1.335 3
0552 pf 02  0.747 -0.627  0.975 4
0552 pf 03 -0.385  0.070  0.392 8
0552 pf 04  0.804 -1.506  1.707 3
0552 pf 05  0.492  1.424  1.506 6
0552 pf 06  0.789 -0.302  0.845 4
0552 pf 07  0.242 -0.445  0.506 3
0552 pf 08 -0.800 -0.552  0.972 1
0552 pf 09  0.065 -0.983  0.985 3
0552 pf 10  1.049 -0.520  1.171 4
0576 em 00  0.452 -0.478  0.658 3
0576 cf 00 -0.222 -0.525  0.570 2
0576 pf 01  0.745 -1.297  1.496 3
0576 pf 02  1.215 -0.469  1.302 4
0576 pf 03 -0.288 -0.137  0.318 1
0576 pf 04  1.190 -1.266  1.737 3
0576 pf 05  0.581  1.250  1.378 6
0576 pf 06  0.666 -0.318  0.738 4
0576 pf 07  0.323 -0.325  0.458 3
0576 pf 08 -0.654 -0.589  0.880 1
0576 pf 09  0.498 -0.751  0.901 3
0576 pf 10  0.917 -0.756  1.188 4
0600 em 00  0.580 -0.496  0.763 4
0600 cf 00 -0.195 -0.569  0.601 2
0600 pf 01  1.055 -1.032  1.475 4
0600 pf 02  1.297 -0.409  1.360 4
0600 pf 03 -0.216 -0.467  0.515 2
0600 pf 04  1.581 -0.906  1.822 4
0600 pf 05  0.493  0.901  1.027 6
0600 pf 06  0.816 -0.323  0.878 4
0600 pf 07  0.257 -0.541  0.599 3
0600 pf 08 -0.510 -0.698  0.864 2
0600 pf 09  0.732 -0.607  0.951 4
0600 pf 10  1.065 -0.725  1.289 4
0624 em 00  0.560 -0.524  0.767 4
0624 cf 00 -0.183 -0.562  0.592 2
0624 pf 01  1.328 -0.980  1.651 4
0624 pf 02  1.232 -0.334  1.277 4
0624 pf 03 -0.323 -0.597  0.679 2
0624 pf 04  1.652 -0.598  1.757 4
0624 pf 05  0.066  0.772  0.775 6
0624 pf 06  0.903 -0.559  1.062 4
0624 pf 07  0.025 -0.754  0.754 3
0624 pf 08 -0.561 -0.904  1.064 2
0624 pf 09  0.931 -0.406  1.016 4
0624 pf 10  1.080 -0.753  1.317 4
0648 em 00  0.562 -0.383  0.680 4
0648 cf 00 -0.081 -0.635  0.640 2
0648 pf 01  1.495 -0.561  1.597 4
0648 pf 02  1.194 -0.130  1.201 4
0648 pf 03 -0.300 -0.501  0.584 2
0648 pf 04  1.878 -0.037  1.879 4
0648 pf 05 -0.117  0.841  0.850 7
0648 pf 06  0.716 -0.536  0.894 4
0648 pf 07  0.199 -0.972  0.992 3
0648 pf 08 -0.691 -0.904  1.138 2
0648 pf 09  0.756 -0.088  0.762 4
0648 pf 10  1.143 -0.567  1.276 4
0672 em 00  0.605 -0.270  0.662 4
0672 cf 00  0.176 -0.557  0.584 3
0672 pf 01  1.320 -0.277  1.349 4
0672 pf 02  1.094  0.288  1.132 5
0672 pf 03 -0.145 -0.518  0.538 2
0672 pf 04  1.978  0.377  2.014 5
0672 pf 05  0.077  0.618  0.622 6
0672 pf 06  0.477 -0.751  0.890 3
0672 pf 07  0.636 -0.949  1.143 3
0672 pf 08 -0.414 -0.867  0.961 2
0672 pf 09  0.516  0.350  0.623 5
0672 pf 10  0.949 -0.541  1.092 4
0696 em 00  0.650 -0.259  0.700 4
0696 cf 00  0.224 -0.623  0.662 3
0696 pf 01  1.211 -0.173  1.224 4
0696 pf 02  1.000  0.527  1.131 5
0696 pf 03 -0.359 -0.773  0.853 2
0696 pf 04  1.889  0.482  1.949 5
0696 pf 05  0.137  0.451  0.472 6
0696 pf 06  0.405 -1.034  1.110 3
0696 pf 07  1.124 -0.912  1.448 4
0696 pf 08 -0.097 -0.662  0.669 2
0696 pf 09  0.794  0.505  0.941 5
0696 pf 10  0.797 -0.468  0.925 4
0720 em 00  0.512 -0.279  0.583 4
0720 cf 00  0.142 -0.599  0.615 3
0720 pf 01  0.869 -0.139  0.880 4
0720 pf 02  0.651  0.476  0.806 5
0720 pf 03 -0.382 -1.160  1.221 2
0720 pf 04  1.574  0.752  1.744 5
0720 pf 05 -0.231  0.253  0.343 7
0720 pf 06  0.371 -1.025  1.090 3
0720 pf 07  1.277 -0.731  1.471 4
0720 pf 08  0.066 -0.697  0.700 3
0720 pf 09  0.832  0.598  1.025 5
0720 pf 10  0.442 -0.622  0.763 3
0744 em 00  0.446 -0.234  0.504 4
0744 cf 00  0.149 -0.487  0.509 3
0744 pf 01  0.805 -0.108  0.812 4
0744 pf 02  0.344  0.533  0.634 6
0744 pf 03 -0.288 -1.370  1.400 2
0744 pf 04  1.034  0.839  1.331 5
0744 pf 05 -0.448  0.397  0.599 8
0744 pf 06  0.352 -1.103  1.158 3
0744 pf 07  1.209 -0.358  1.261 4
0744 pf 08  0.486 -0.545  0.731 3
0744 pf 09  0.864  0.521  1.009 5
0744 pf 10  0.379 -0.718  0.811 3
0768 em 00  0.398 -0.269  0.480 4
0768 cf 00  0.345 -0.427  0.549 3
0768 pf 01  0.669 -0.241  0.711 4
0768 pf 02 -0.069  0.229  0.239 7
0768 pf 03 -0.141 -1.414  1.422 2
0768 pf 04  0.391  0.720  0.820 6
0768 pf 05 -0.562  0.595  0.818 7
0768 pf 06  0.244 -1.176  1.201 3
0768 pf 07  1.189 -0.168  1.201 4
0768 pf 08  0.931 -0.416  1.019 4
0768 pf 09  1.095  0.368  1.155 5
0768 pf 10  0.257 -0.854  0.892 3
0792 em 00  0.415 -0.353  0.545 4
0792 cf 00  0.525 -0.553  0.762 3
0792 pf 01  0.639 -0.278  0.697 4
0792 pf 02 -0.462 -0.128  0.479 1
0792 pf 03  0.341 -1.374  1.416 3
0792 pf 04  0.153  0.369  0.399 6
0792 pf 05 -0.418  0.589  0.722 7
0792 pf 06  0.205 -1.237  1.253 3
0792 pf 07  1.223  0.067  1.225 5
0792 pf 08  1.027 -0.549  1.164 4
0792 pf 09  1.157  0.376  1.216 5
0792 pf 10  0.112 -0.999  1.005 3
0816 em 00  0.431 -0.461  0.631 3
0816 cf 00  0.535 -0.610  0.811 3
0816 pf 01  0.643 -0.257  0.693 4
0816 pf 02 -0.773 -0.162  0.790 1
0816 pf 03  0.679 -1.384  1.542 3
0816 pf 04 -0.203 -0.013  0.203 1
0816 pf 05  0.076  0.421  0.428 6
0816 pf 06  0.328 -1.581  1.615 3
0816 pf 07  0.885 -0.052  0.887 4
0816 pf 08  1.016 -0.689  1.228 4
0816 pf 09  1.356  0.297  1.388 5
0816 pf 10  0.106 -0.851  0.858 3
0840 em 00  0.437 -0.577  0.724 3
0840 cf 00  0.546 -0.846  1.007 3
0840 pf 01  0.534 -0.475  0.715 4
0840 pf 02 -0.727 -0.148  0.742 1
0840 pf 03  0.976 -1.171  1.525 3
0840 pf 04 -0.326 -0.670  0.746 2
0840 pf 05  0.147  0.149  0.209 6
0840 pf 06  0.486 -1.628  1.699 3
0840 pf 07  0.758 -0.059  0.760 4
0840 pf 08  0.966 -0.679  1.181 4
0840 pf 09  1.347  0.144  1.355 5
0840 pf 10 -0.016 -0.774  0.774 2
0864 em 00  0.454 -0.574  0.732 3
0864 cf 00  0.505 -0.926  1.054 3
0864 pf 01  0.843 -0.315  0.900 4
0864 pf 02 -0.794 -0.114  0.802 1
0864 pf 03  1.108 -0.933  1.449 4
0864 pf 04 -0.405 -1.267  1.330 2
0864 pf 05 -0.090  0.011  0.091 8
0864 pf 06  1.106 -1.602  1.947 3
0864 pf 07  0.291  0.098  0.307 5
0864 pf 08  1.218 -0.521  1.325 4
0864 pf 09  1.111  0.020  1.111 5
0864 pf 10 -0.016 -0.589  0.590 2
0888 em 00  0.475 -0.569  0.741 3
0888 cf 00  0.221 -1.153  1.174 3
0888 pf 01  0.932 -0.256  0.967 4
0888 pf 02 -0.881 -0.062  0.883 1
0888 pf 03  0.979 -1.019  1.413 3
0888 pf 04 -0.013 -1.620  1.620 2
0888 pf 05 -0.150 -0.096  0.178 1
0888 pf 06  1.563 -1.254  2.004 4
0888 pf 07  0.283  0.346  0.447 6
0888 pf 08  1.363 -0.459  1.439 4
0888 pf 09  0.991 -0.131  0.999 4
0888 pf 10 -0.187 -0.386  0.429 2
0912 em 00  0.597 -0.480  0.766 4
0912 cf 00  0.468 -0.822  0.946 3
0912 pf 01  1.030 -0.134  1.039 4
0912 pf 02 -0.532 -0.049  0.534 1
0912 pf 03  1.039 -0.971  1.422 4
0912 pf 04  0.202 -1.780  1.792 3
0912 pf 05 -0.217 -0.450  0.500 2
0912 pf 06  1.743 -0.691  1.875 4
0912 pf 07  0.432  0.388  0.581 5
0912 pf 08  1.359 -0.399  1.416 4
0912 pf 09  0.799 -0.018  0.799 4
0912 pf 10  0.091 -0.210  0.228 3
0936 em 00  0.724 -0.363  0.810 4
0936 cf 00  0.579 -0.525  0.782 4
0936 pf 01  0.897  0.155  0.911 5
0936 pf 02 -0.351  0.034  0.352 8
0936 pf 03  1.079 -0.903  1.407 4
0936 pf 04  0.738 -1.721  1.873 3
0936 pf 05  0.065 -0.250  0.259 3
0936 pf 06  1.822 -0.109  1.825 4
0936 pf 07  0.296  0.050  0.300 5
0936 pf 08  1.489 -0.172  1.499 4
0936 pf 09  0.639 -0.073  0.643 4
0936 pf 10  0.554 -0.336  0.647 4
0960 em 00  0.774 -0.249  0.813 4
0960 cf 00  0.384 -0.258  0.462 4
0960 pf 01  0.746  0.401  0.846 5
0960 pf 02 -0.174  0.114  0.208 8
0960 pf 03  1.140 -0.712  1.344 4
0960 pf 04  1.211 -1.749  2.127 3
0960 pf 05  0.005 -0.065  0.065 3
0960 pf 06  1.820  0.130  1.825 5
0960 pf 07  0.211  0.007  0.212 5
0960 pf 08  1.751 -0.040  1.752 4
0960 pf 09  0.460 -0.188  0.497 4
0960 pf 10  0.819 -0.227  0.849 4
0984 em 00  0.789 -0.151  0.804 4
0984 cf 00  0.129 -0.232  0.266 3
0984 pf 01  0.631  0.714  0.953 6
0984 pf 02  0.015  0.099  0.100 6
0984 pf 03  1.452 -0.523  1.543 4
0984 pf 04  1.216 -1.570  1.986 3
0984 pf 05  0.299  0.127  0.325 5
0984 pf 06  1.883  0.314  1.909 5
0984 pf 07  0.381  0.003  0.381 5
0984 pf 08  1.602 -0.028  1.602 4
0984 pf 09  0.207 -0.209  0.294 3
0984 pf 10  0.740 -0.255  0.782 4
1008 em 00  0.750 -0.114  0.758 4
1008 cf 00  0.046 -0.406  0.409 3
1008 pf 01  0.210  0.889  0.914 6
1008 pf 02  0.474 -0.109  0.486 4
1008 pf 03  1.698 -0.592  1.798 4
1008 pf 04  1.553 -1.298  2.024 4
1008 pf 05  0.278  0.259  0.380 5
1008 pf 06  1.738  0.014  1.738 5
1008 pf 07  0.310  0.011  0.310 5
1008 pf 08  1.399  0.292  1.429 5
1008 pf 09 -0.014 -0.173  0.173 2
1008 pf 10  0.443 -0.081  0.450 4
1032 em 00  0.588 -0.137  0.604 4
1032 cf 00  0.021 -0.495  0.496 3
1032 pf 01 -0.334  0.761  0.831 7
1032 pf 02  0.441 -0.466  0.642 3
1032 pf 03  1.804 -0.566  1.891 4
1032 pf 04  1.706 -1.122  2.042 4
1032 pf 05  0.289  0.221  0.364 5
1032 pf 06  1.187 -0.210  1.205 4
1032 pf 07 -0.261 -0.273  0.378 2
1032 pf 08  1.200  0.549  1.320 5
1032 pf 09 -0.040 -0.054  0.067 2
1032 pf 10  0.366  0.198  0.416 5
1056 em 00  0.491 -0.242  0.547 4
1056 cf 00  0.014 -0.606  0.606 3
1056 pf 01 -0.943  0.523  1.078 8
1056 pf 02  0.639 -0.682  0.935 3
1056 pf 03  1.742 -0.706  1.879 4
1056 pf 04  1.800 -0.673  1.921 4
1056 pf 05  0.397  0.080  0.405 5
1056 pf 06  0.824  0.016  0.825 5
1056 pf 07 -0.558 -0.723  0.913 2
1056 pf 08  0.931  0.197  0.952 5
1056 pf 09  0.073 -0.216  0.228 3
1056 pf 10  0.432  0.193  0.473 5
1080 em 00  0.418 -0.249  0.487 4
1080 cf 00  0.225 -0.898  0.926 3
1080 pf 01 -1.254  0.496  1.348 8
1080 pf 02  0.794 -0.690  1.052 4
1080 pf 03  1.611 -0.678  1.748 4
1080 pf 04  1.370 -0.339  1.412 4
1080 pf 05  0.442  0.060  0.446 5
1080 pf 06  0.815  0.090  0.820 5
1080 pf 07 -0.547 -0.657  0.855 2
1080 pf 08  0.512  0.135  0.530 5
1080 pf 09 -0.056 -0.322  0.327 2
1080 pf 10  0.646  0.145  0.662 5
1104 em 00  0.379 -0.277  0.469 4
1104 cf 00  0.701 -1.046  1.259 3
1104 pf 01 -1.497  0.597  1.612 8
1104 pf 02  0.654 -0.627  0.906 4
1104 pf 03  1.615 -0.655  1.743 4
1104 pf 04  1.097 -0.322  1.143 4
1104 pf 05  0.681 -0.156  0.699 4
1104 pf 06  0.763  0.217  0.793 5
1104 pf 07 -0.580 -0.951  1.114 2
1104 pf 08 -0.003  0.050  0.050 7
1104 pf 09 -0.071 -0.389  0.395 2
1104 pf 10  0.771  0.329  0.838 5
