ecmf prod rf 2015051600 20190516 11 046
0024 em 00 -0.243 -0.084  0.257 1
0024 cf 00 -0.303 -0.111  0.323 1
0024 pf 01 -0.272 -0.030  0.274 1
0024 pf 02 -0.222 -0.211  0.306 1
0024 pf 03 -0.149 -0.155  0.215 2
0024 pf 04 -0.129 -0.013  0.130 1
0024 pf 05 -0.235  0.046  0.239 8
0024 pf 06 -0.290 -0.129  0.317 1
0024 pf 07 -0.385  0.005  0.385 8
0024 pf 08 -0.229 -0.147  0.272 1
0024 pf 09 -0.346 -0.077  0.355 1
0024 pf 10 -0.057 -0.055  0.079 1
0048 em 00 -0.135 -0.092  0.163 1
0048 cf 00 -0.122 -0.117  0.169 1
0048 pf 01 -0.287  0.033  0.289 8
0048 pf 02 -0.171 -0.131  0.215 1
0048 pf 03  0.170 -0.138  0.219 4
0048 pf 04 -0.050  0.090  0.103 7
0048 pf 05 -0.133  0.057  0.145 8
0048 pf 06 -0.273 -0.371  0.460 2
0048 pf 07 -0.216  0.034  0.219 8
0048 pf 08 -0.139 -0.267  0.301 2
0048 pf 09 -0.282 -0.139  0.315 1
0048 pf 10  0.033 -0.021  0.039 4
0072 em 00  0.048 -0.029  0.056 4
0072 cf 00  0.077 -0.054  0.094 4
0072 pf 01 -0.285  0.169  0.332 8
0072 pf 02  0.039 -0.068  0.078 3
0072 pf 03  0.681  0.084  0.686 5
0072 pf 04  0.094  0.087  0.128 5
0072 pf 05  0.060  0.114  0.129 6
0072 pf 06 -0.011 -0.333  0.333 2
0072 pf 07 -0.074  0.018  0.076 8
0072 pf 08  0.030 -0.213  0.215 3
0072 pf 09 -0.323 -0.181  0.370 1
0072 pf 10  0.227  0.081  0.241 5
0096 em 00  0.148 -0.352  0.382 3
0096 cf 00  0.265 -0.366  0.453 3
0096 pf 01 -0.207 -0.162  0.263 1
0096 pf 02  0.220 -0.493  0.540 3
0096 pf 03  0.849 -0.020  0.849 4
0096 pf 04  0.047 -0.218  0.223 3
0096 pf 05  0.091 -0.240  0.257 3
0096 pf 06  0.093 -0.610  0.617 3
0096 pf 07 -0.001 -0.322  0.322 2
0096 pf 08  0.152 -0.616  0.634 3
0096 pf 09 -0.199 -0.486  0.525 2
0096 pf 10  0.313 -0.318  0.446 3
0120 em 00  0.303 -0.614  0.685 3
0120 cf 00  0.375 -0.667  0.765 3
0120 pf 01 -0.281 -0.351  0.450 2
0120 pf 02  0.440 -0.770  0.887 3
0120 pf 03  0.905  0.053  0.907 5
0120 pf 04  0.231 -0.722  0.758 3
0120 pf 05  0.206 -0.522  0.561 3
0120 pf 06  0.395 -0.810  0.901 3
0120 pf 07 -0.029 -0.711  0.712 2
0120 pf 08  0.359 -0.744  0.827 3
0120 pf 09  0.298 -0.905  0.953 3
0120 pf 10  0.422 -0.537  0.683 3
0144 em 00  0.490 -0.835  0.968 3
0144 cf 00  0.424 -0.927  1.019 3
0144 pf 01 -0.203 -0.791  0.817 2
0144 pf 02  0.492 -1.149  1.250 3
0144 pf 03  1.096  0.086  1.100 5
0144 pf 04  0.410 -0.911  0.999 3
0144 pf 05  0.277 -0.632  0.690 3
0144 pf 06  0.727 -0.975  1.216 3
0144 pf 07  0.114 -0.845  0.852 3
0144 pf 08  0.747 -1.030  1.273 3
0144 pf 09  0.599 -0.943  1.117 3
0144 pf 10  0.684 -0.945  1.166 3
0168 em 00  0.589 -0.870  1.050 3
0168 cf 00  0.477 -0.978  1.088 3
0168 pf 01 -0.344 -1.063  1.117 2
0168 pf 02  0.788 -1.284  1.506 3
0168 pf 03  0.935  0.207  0.958 5
0168 pf 04  0.702 -0.805  1.068 3
0168 pf 05  0.462 -0.657  0.804 3
0168 pf 06  0.879 -0.919  1.271 3
0168 pf 07  0.267 -1.171  1.201 3
0168 pf 08  0.873 -0.931  1.277 3
0168 pf 09  0.551 -1.005  1.146 3
0168 pf 10  0.829 -0.808  1.158 4
0192 em 00  0.608 -0.846  1.042 3
0192 cf 00  0.414 -0.891  0.983 3
0192 pf 01 -0.426 -1.345  1.411 2
0192 pf 02  1.033 -0.957  1.408 4
0192 pf 03  0.773  0.125  0.783 5
0192 pf 04  0.604 -0.565  0.827 4
0192 pf 05  0.611 -0.816  1.019 3
0192 pf 06  1.042 -1.029  1.464 4
0192 pf 07  0.319 -1.062  1.109 3
0192 pf 08  1.014 -0.732  1.251 4
0192 pf 09  0.483 -1.182  1.277 3
0192 pf 10  0.774 -0.691  1.038 4
0216 em 00  0.461 -0.652  0.799 3
0216 cf 00  0.338 -0.616  0.703 3
0216 pf 01 -0.570 -1.502  1.606 2
0216 pf 02  0.999 -0.737  1.242 4
0216 pf 03  0.446  0.322  0.550 5
0216 pf 04  0.352 -0.440  0.563 3
0216 pf 05  0.496 -0.369  0.618 4
0216 pf 06  0.914 -0.839  1.241 4
0216 pf 07  0.163 -0.877  0.892 3
0216 pf 08  0.902 -0.289  0.947 4
0216 pf 09  0.358 -1.175  1.229 3
0216 pf 10  0.616 -0.524  0.809 4
0240 em 00  0.356 -0.279  0.453 4
0240 cf 00  0.187 -0.279  0.336 3
0240 pf 01 -0.498 -1.417  1.502 2
0240 pf 02  0.850 -0.279  0.894 4
0240 pf 03  0.145  0.633  0.649 6
0240 pf 04  0.128  0.035  0.133 5
0240 pf 05  0.540  0.054  0.543 5
0240 pf 06  0.869 -0.526  1.016 4
0240 pf 07  0.128 -0.462  0.479 3
0240 pf 08  0.771  0.391  0.864 5
0240 pf 09  0.188 -0.973  0.991 3
0240 pf 10  0.559 -0.190  0.590 4
0264 em 00  0.276  0.104  0.295 5
0264 cf 00  0.098  0.148  0.177 6
0264 pf 01 -0.411 -1.209  1.277 2
0264 pf 02  0.773  0.102  0.780 5
0264 pf 03 -0.147  0.992  1.003 7
0264 pf 04 -0.060  0.465  0.468 7
0264 pf 05  0.587  0.304  0.661 5
0264 pf 06  0.581  0.058  0.584 5
0264 pf 07 -0.003 -0.017  0.017 2
0264 pf 08  0.580  0.875  1.050 6
0264 pf 09  0.223 -0.715  0.749 3
0264 pf 10  0.760  0.152  0.775 5
0288 em 00  0.179  0.313  0.361 6
0288 cf 00  0.020  0.352  0.353 6
0288 pf 01 -0.194 -1.001  1.019 2
0288 pf 02  0.464  0.325  0.566 5
0288 pf 03 -0.499  1.169  1.271 7
0288 pf 04 -0.364  0.747  0.831 7
0288 pf 05  0.691  0.195  0.718 5
0288 pf 06  0.545  0.484  0.729 5
0288 pf 07 -0.443  0.201  0.486 8
0288 pf 08  0.256  1.091  1.121 6
0288 pf 09  0.623 -0.468  0.779 4
0288 pf 10  0.823  0.330  0.887 5
0312 em 00 -0.009  0.416  0.416 7
0312 cf 00 -0.113  0.496  0.509 7
0312 pf 01 -0.124 -0.658  0.670 2
0312 pf 02  0.239  0.469  0.526 6
0312 pf 03 -0.871  1.192  1.476 7
0312 pf 04 -0.736  0.975  1.222 7
0312 pf 05  0.429  0.172  0.463 5
0312 pf 06  0.346  0.445  0.563 6
0312 pf 07 -0.781  0.453  0.903 8
0312 pf 08 -0.049  0.941  0.942 7
0312 pf 09  0.566 -0.362  0.672 4
0312 pf 10  0.991  0.441  1.085 5
0336 em 00 -0.210  0.511  0.553 7
0336 cf 00 -0.446  0.423  0.615 8
0336 pf 01  0.222 -0.424  0.478 3
0336 pf 02  0.168  0.676  0.697 6
0336 pf 03 -1.071  1.470  1.819 7
0336 pf 04 -0.958  1.065  1.432 7
0336 pf 05  0.092  0.274  0.289 6
0336 pf 06  0.010  0.585  0.585 6
0336 pf 07 -1.255  0.383  1.312 8
0336 pf 08 -0.387  0.565  0.685 7
0336 pf 09  0.512  0.027  0.513 5
0336 pf 10  0.848  0.548  1.010 5
0360 em 00 -0.327  0.490  0.589 7
0360 cf 00 -0.624  0.344  0.713 8
0360 pf 01  0.117 -0.276  0.299 3
0360 pf 02 -0.059  0.760  0.762 7
0360 pf 03 -1.080  1.419  1.783 7
0360 pf 04 -1.163  0.971  1.515 8
0360 pf 05 -0.162  0.276  0.320 7
0360 pf 06 -0.125  0.527  0.541 7
0360 pf 07 -1.269  0.153  1.279 8
0360 pf 08 -0.399  0.353  0.533 8
0360 pf 09  0.421  0.243  0.486 5
0360 pf 10  0.830  0.580  1.013 5
0384 em 00 -0.454  0.373  0.587 8
0384 cf 00 -0.683  0.058  0.686 8
0384 pf 01 -0.060 -0.038  0.071 1
0384 pf 02 -0.517  0.559  0.761 7
0384 pf 03 -1.174  0.901  1.480 8
0384 pf 04 -1.389  0.988  1.705 8
0384 pf 05 -0.261  0.195  0.326 8
0384 pf 06 -0.234  0.375  0.442 7
0384 pf 07 -1.325 -0.105  1.330 1
0384 pf 08 -0.760  0.345  0.835 8
0384 pf 09  0.603  0.270  0.661 5
0384 pf 10  0.894  0.531  1.040 5
0408 em 00 -0.540  0.246  0.594 8
0408 cf 00 -0.823 -0.367  0.901 1
0408 pf 01 -0.068  0.094  0.116 7
0408 pf 02 -0.538  0.136  0.555 8
0408 pf 03 -1.528  0.735  1.695 8
0408 pf 04 -1.571  1.034  1.880 8
0408 pf 05 -0.464  0.097  0.474 8
0408 pf 06 -0.397  0.134  0.419 8
0408 pf 07 -1.052 -0.351  1.109 1
0408 pf 08 -0.621  0.323  0.700 8
0408 pf 09  0.599  0.369  0.703 5
0408 pf 10  0.604  0.510  0.790 5
0432 em 00 -0.624  0.074  0.629 8
0432 cf 00 -0.935 -0.517  1.068 1
0432 pf 01 -0.111  0.184  0.215 7
0432 pf 02 -0.642 -0.199  0.672 1
0432 pf 03 -1.703  0.248  1.721 8
0432 pf 04 -1.721  0.822  1.907 8
0432 pf 05 -0.647 -0.045  0.649 1
0432 pf 06 -0.446 -0.325  0.552 1
0432 pf 07 -1.032 -0.519  1.155 1
0432 pf 08 -0.552  0.298  0.628 8
0432 pf 09  0.626  0.524  0.816 5
0432 pf 10  0.379  0.336  0.507 5
0456 em 00 -0.609  0.022  0.610 8
0456 cf 00 -0.908 -0.481  1.028 1
0456 pf 01 -0.384  0.159  0.416 8
0456 pf 02 -0.464 -0.420  0.626 1
0456 pf 03 -1.449  0.268  1.474 8
0456 pf 04 -1.760  0.729  1.905 8
0456 pf 05 -0.650 -0.199  0.679 1
0456 pf 06 -0.279 -0.401  0.488 2
0456 pf 07 -0.880 -0.600  1.065 1
0456 pf 08 -0.352  0.283  0.451 8
0456 pf 09  0.268  0.381  0.466 6
0456 pf 10  0.201  0.546  0.582 6
0480 em 00 -0.586 -0.009  0.586 1
0480 cf 00 -0.828 -0.461  0.948 1
0480 pf 01 -0.612  0.216  0.649 8
0480 pf 02 -0.423 -0.293  0.515 1
0480 pf 03 -1.358  0.323  1.396 8
0480 pf 04 -1.717  0.572  1.810 8
0480 pf 05 -0.457 -0.238  0.516 1
0480 pf 06  0.075 -0.623  0.627 3
0480 pf 07 -0.858 -0.653  1.078 1
0480 pf 08 -0.516  0.565  0.765 7
0480 pf 09  0.047  0.221  0.226 6
0480 pf 10  0.244  0.335  0.414 6
0504 em 00 -0.441 -0.025  0.442 1
0504 cf 00 -0.882 -0.601  1.067 1
0504 pf 01 -0.598  0.350  0.693 8
0504 pf 02 -0.120  0.130  0.177 7
0504 pf 03 -1.240  0.258  1.267 8
0504 pf 04 -1.361  0.298  1.393 8
0504 pf 05 -0.389 -0.286  0.483 1
0504 pf 06  0.336 -0.654  0.735 3
0504 pf 07 -0.558 -0.814  0.987 2
0504 pf 08 -0.459  0.686  0.825 7
0504 pf 09 -0.057  0.190  0.198 7
0504 pf 10  0.471  0.224  0.522 5
0528 em 00 -0.245 -0.064  0.254 1
0528 cf 00 -0.838 -0.639  1.054 1
0528 pf 01 -0.472  0.135  0.491 8
0528 pf 02  0.046  0.222  0.226 6
0528 pf 03 -0.976  0.129  0.985 8
0528 pf 04 -0.851  0.245  0.885 8
0528 pf 05 -0.246 -0.423  0.489 2
0528 pf 06  0.806 -0.639  1.029 4
0528 pf 07 -0.290 -1.149  1.185 2
0528 pf 08 -0.518  0.836  0.984 7
0528 pf 09  0.001  0.350  0.350 6
0528 pf 10  0.574  0.250  0.626 5
0552 em 00 -0.151 -0.027  0.153 1
0552 cf 00 -0.821 -0.654  1.049 1
0552 pf 01 -0.492  0.257  0.555 8
0552 pf 02 -0.108  0.277  0.297 7
0552 pf 03 -0.874 -0.027  0.874 1
0552 pf 04 -0.716  0.082  0.720 8
0552 pf 05 -0.172 -0.283  0.331 2
0552 pf 06  0.878 -0.492  1.007 4
0552 pf 07  0.090 -1.366  1.369 3
0552 pf 08 -0.292  0.909  0.954 7
0552 pf 09 -0.096  0.342  0.355 7
0552 pf 10  0.818  0.629  1.032 5
0576 em 00 -0.218 -0.042  0.222 1
0576 cf 00 -0.748 -0.655  0.994 1
0576 pf 01 -0.739  0.094  0.745 8
0576 pf 02 -0.198  0.336  0.390 7
0576 pf 03 -1.079  0.188  1.095 8
0576 pf 04 -0.625 -0.223  0.663 1
0576 pf 05 -0.560 -0.048  0.562 1
0576 pf 06  1.076 -0.394  1.146 4
0576 pf 07  0.264 -1.563  1.586 3
0576 pf 08 -0.572  0.885  1.054 7
0576 pf 09 -0.239  0.163  0.290 8
0576 pf 10  0.898  0.711  1.145 5
0600 em 00 -0.290 -0.011  0.290 1
0600 cf 00 -0.937 -0.502  1.063 1
0600 pf 01 -0.678  0.016  0.678 8
0600 pf 02 -0.288  0.085  0.300 8
0600 pf 03 -1.256  0.175  1.268 8
0600 pf 04 -0.602 -0.293  0.669 1
0600 pf 05 -0.668  0.338  0.748 8
0600 pf 06  1.124 -0.188  1.139 4
0600 pf 07  0.344 -1.486  1.525 3
0600 pf 08 -0.690  0.756  1.024 7
0600 pf 09 -0.453  0.069  0.458 8
0600 pf 10  0.820  0.831  1.168 6
0624 em 00 -0.295 -0.039  0.298 1
0624 cf 00 -1.047 -0.393  1.118 1
0624 pf 01 -0.942 -0.071  0.945 1
0624 pf 02 -0.086 -0.222  0.238 2
0624 pf 03 -1.163  0.339  1.211 8
0624 pf 04 -0.530 -0.344  0.632 1
0624 pf 05 -0.757  0.340  0.830 8
0624 pf 06  1.022 -0.032  1.023 4
0624 pf 07  0.496 -1.481  1.562 3
0624 pf 08 -0.554  0.675  0.873 7
0624 pf 09 -0.543 -0.196  0.577 1
0624 pf 10  0.783  0.878  1.177 6
0648 em 00 -0.224 -0.046  0.229 1
0648 cf 00 -0.962 -0.417  1.049 1
0648 pf 01 -0.672 -0.145  0.688 1
0648 pf 02  0.036 -0.195  0.198 3
0648 pf 03 -1.233  0.111  1.238 8
0648 pf 04 -0.356 -0.552  0.656 2
0648 pf 05 -0.811  0.167  0.828 8
0648 pf 06  1.013  0.193  1.031 5
0648 pf 07  0.687 -1.210  1.391 3
0648 pf 08 -0.369  0.742  0.829 7
0648 pf 09 -0.352 -0.362  0.505 2
0648 pf 10  0.496  1.116  1.222 6
0672 em 00 -0.118 -0.081  0.143 1
0672 cf 00 -0.805 -0.347  0.876 1
0672 pf 01 -0.312 -0.157  0.350 1
0672 pf 02  0.108 -0.403  0.417 3
0672 pf 03 -1.384  0.130  1.390 8
0672 pf 04  0.082 -0.910  0.914 3
0672 pf 05 -0.739 -0.222  0.771 1
0672 pf 06  1.069  0.184  1.085 5
0672 pf 07  1.001 -1.178  1.546 3
0672 pf 08 -0.349  1.033  1.091 7
0672 pf 09 -0.220 -0.513  0.558 2
0672 pf 10  0.225  1.477  1.494 6
0696 em 00 -0.090 -0.061  0.109 1
0696 cf 00 -0.619 -0.349  0.710 1
0696 pf 01 -0.601 -0.116  0.612 1
0696 pf 02  0.228 -0.302  0.378 3
0696 pf 03 -1.591 -0.003  1.591 1
0696 pf 04  0.365 -0.924  0.993 3
0696 pf 05 -0.817 -0.345  0.887 1
0696 pf 06  0.855  0.210  0.880 5
0696 pf 07  1.171 -1.017  1.551 4
0696 pf 08 -0.258  1.147  1.175 7
0696 pf 09  0.101 -0.563  0.572 3
0696 pf 10  0.180  1.598  1.608 6
0720 em 00 -0.031 -0.054  0.063 2
0720 cf 00 -0.348 -0.239  0.423 1
0720 pf 01 -0.784  0.072  0.788 8
0720 pf 02  0.281 -0.553  0.620 3
0720 pf 03 -1.280 -0.085  1.283 1
0720 pf 04  0.314 -0.905  0.958 3
0720 pf 05 -0.776 -0.312  0.836 1
0720 pf 06  0.551  0.177  0.579 5
0720 pf 07  1.223 -1.201  1.714 4
0720 pf 08  0.061  1.294  1.295 6
0720 pf 09  0.373 -0.732  0.821 3
0720 pf 10  0.104  1.866  1.869 6
0744 em 00  0.016 -0.009  0.018 4
0744 cf 00 -0.329 -0.104  0.345 1
0744 pf 01 -0.811  0.148  0.825 8
0744 pf 02  0.553 -0.458  0.717 4
0744 pf 03 -1.160 -0.199  1.177 1
0744 pf 04  0.500 -0.806  0.949 3
0744 pf 05 -0.605 -0.007  0.605 1
0744 pf 06  0.090  0.098  0.133 6
0744 pf 07  1.214 -1.154  1.675 4
0744 pf 08  0.265  1.098  1.130 6
0744 pf 09  0.556 -0.587  0.808 3
0744 pf 10 -0.011  1.856  1.856 7
0768 em 00  0.104 -0.052  0.116 4
0768 cf 00 -0.391 -0.244  0.461 1
0768 pf 01 -0.736  0.214  0.766 8
0768 pf 02  0.750 -0.358  0.831 4
0768 pf 03 -0.734 -0.659  0.987 1
0768 pf 04  0.845 -0.440  0.952 4
0768 pf 05 -0.551 -0.307  0.630 1
0768 pf 06 -0.286 -0.021  0.287 1
0768 pf 07  1.237 -0.832  1.491 4
0768 pf 08  0.486  0.895  1.018 6
0768 pf 09  0.893 -0.640  1.099 4
0768 pf 10 -0.295  1.776  1.800 7
0792 em 00  0.107 -0.058  0.122 4
0792 cf 00 -0.280 -0.350  0.448 2
0792 pf 01 -0.932  0.313  0.983 8
0792 pf 02  0.643 -0.243  0.688 4
0792 pf 03 -0.320 -1.174  1.217 2
0792 pf 04  0.605 -0.017  0.605 4
0792 pf 05 -0.414 -0.725  0.835 2
0792 pf 06 -0.433  0.071  0.438 8
0792 pf 07  1.280 -0.560  1.397 4
0792 pf 08  0.468  0.626  0.781 6
0792 pf 09  1.184 -0.257  1.212 4
0792 pf 10 -0.562  1.647  1.741 7
0816 em 00  0.130 -0.047  0.138 4
0816 cf 00 -0.138 -0.489  0.508 2
0816 pf 01 -0.928  0.217  0.953 8
0816 pf 02  0.479 -0.259  0.545 4
0816 pf 03 -0.152 -1.465  1.473 2
0816 pf 04  0.336  0.302  0.452 5
0816 pf 05 -0.204 -0.756  0.783 2
0816 pf 06 -0.446  0.264  0.518 8
0816 pf 07  1.183 -0.464  1.271 4
0816 pf 08  0.366  0.547  0.658 6
0816 pf 09  1.604  0.178  1.614 5
0816 pf 10 -0.612  1.349  1.482 7
0840 em 00  0.159 -0.042  0.165 4
0840 cf 00  0.105 -0.897  0.903 3
0840 pf 01 -0.952  0.201  0.973 8
0840 pf 02  0.578 -0.273  0.640 4
0840 pf 03  0.079 -1.488  1.490 3
0840 pf 04  0.177  0.452  0.485 6
0840 pf 05  0.124 -0.499  0.514 3
0840 pf 06 -0.434  0.272  0.512 8
0840 pf 07  0.821 -0.505  0.964 4
0840 pf 08  0.382  0.561  0.678 6
0840 pf 09  1.640  0.617  1.752 5
0840 pf 10 -0.716  1.044  1.266 7
0864 em 00  0.213  0.045  0.218 5
0864 cf 00  0.262 -1.129  1.159 3
0864 pf 01 -0.829  0.227  0.859 8
0864 pf 02  0.759  0.071  0.763 5
0864 pf 03  0.494 -1.362  1.449 3
0864 pf 04 -0.063  0.696  0.699 7
0864 pf 05  0.330 -0.187  0.379 4
0864 pf 06 -0.228  0.190  0.297 8
0864 pf 07  0.645 -0.656  0.920 3
0864 pf 08  0.239  0.576  0.624 6
0864 pf 09  1.401  1.144  1.809 5
0864 pf 10 -0.640  0.888  1.094 7
0888 em 00  0.242  0.056  0.249 5
0888 cf 00  0.504 -1.279  1.375 3
0888 pf 01 -0.479  0.195  0.517 8
0888 pf 02  0.757 -0.016  0.757 4
0888 pf 03  0.783 -1.505  1.697 3
0888 pf 04 -0.250  0.744  0.785 7
0888 pf 05  0.629  0.284  0.690 5
0888 pf 06  0.233  0.054  0.239 5
0888 pf 07  0.506 -0.399  0.645 4
0888 pf 08 -0.021  0.688  0.689 7
0888 pf 09  0.905  1.294  1.579 6
0888 pf 10 -0.885  0.550  1.042 8
0912 em 00  0.242  0.174  0.298 5
0912 cf 00  0.429 -1.385  1.450 3
0912 pf 01 -0.209  0.133  0.248 8
0912 pf 02  0.845 -0.147  0.858 4
0912 pf 03  1.121 -1.075  1.553 4
0912 pf 04 -0.538  0.978  1.116 7
0912 pf 05  0.662  0.398  0.773 5
0912 pf 06  0.531  0.248  0.586 5
0912 pf 07  0.457 -0.195  0.497 4
0912 pf 08 -0.091  0.841  0.846 7
0912 pf 09  0.644  1.627  1.750 6
0912 pf 10 -1.205  0.486  1.299 8
0936 em 00  0.261  0.261  0.369 6
0936 cf 00  0.440 -1.219  1.296 3
0936 pf 01 -0.224  0.008  0.225 8
0936 pf 02  0.601 -0.147  0.619 4
0936 pf 03  1.454 -0.885  1.702 4
0936 pf 04 -0.685  1.029  1.236 7
0936 pf 05  0.997  0.354  1.058 5
0936 pf 06  0.670  0.489  0.830 5
0936 pf 07  0.549 -0.116  0.562 4
0936 pf 08 -0.202  0.965  0.986 7
0936 pf 09  0.353  2.115  2.144 6
0936 pf 10 -1.102  0.284  1.138 8
0960 em 00  0.280  0.339  0.440 6
0960 cf 00  0.690 -0.971  1.191 3
0960 pf 01 -0.131 -0.041  0.137 1
0960 pf 02  0.446  0.054  0.449 5
0960 pf 03  1.472 -0.681  1.622 4
0960 pf 04 -0.839  1.391  1.624 7
0960 pf 05  0.773  0.548  0.947 5
0960 pf 06  0.792  0.661  1.032 5
0960 pf 07  0.611 -0.246  0.658 4
0960 pf 08  0.131  0.516  0.532 6
0960 pf 09  0.152  2.299  2.304 6
0960 pf 10 -1.032  0.186  1.048 8
0984 em 00  0.271  0.459  0.533 6
0984 cf 00  1.071 -0.781  1.325 4
0984 pf 01 -0.280 -0.032  0.282 1
0984 pf 02 -0.058  0.215  0.223 7
0984 pf 03  1.611 -0.690  1.753 4
0984 pf 04 -0.724  1.354  1.535 7
0984 pf 05  0.766  0.752  1.073 5
0984 pf 06  0.918  1.352  1.635 6
0984 pf 07  0.874 -0.154  0.888 4
0984 pf 08 -0.179  0.600  0.626 7
0984 pf 09 -0.116  2.244  2.247 7
0984 pf 10 -0.917  0.154  0.930 8
1008 em 00  0.161  0.539  0.563 6
1008 cf 00  1.114 -0.603  1.267 4
1008 pf 01 -0.350 -0.103  0.365 1
1008 pf 02  0.097  0.354  0.367 6
1008 pf 03  1.498 -0.576  1.605 4
1008 pf 04 -1.043  1.204  1.592 7
1008 pf 05  0.641  1.203  1.363 6
1008 pf 06  0.823  1.652  1.846 6
1008 pf 07  0.806  0.045  0.807 5
1008 pf 08 -0.480  0.507  0.699 7
1008 pf 09 -0.547  2.210  2.276 7
1008 pf 10 -0.791 -0.020  0.791 1
1032 em 00  0.153  0.622  0.641 6
1032 cf 00  1.043 -0.479  1.147 4
1032 pf 01 -0.338  0.024  0.339 8
1032 pf 02  0.096  0.336  0.349 6
1032 pf 03  1.545 -0.495  1.622 4
1032 pf 04 -0.866  1.338  1.594 7
1032 pf 05  0.719  1.313  1.497 6
1032 pf 06  0.664  1.973  2.082 6
1032 pf 07  0.724  0.081  0.729 5
1032 pf 08 -0.587  0.729  0.936 7
1032 pf 09 -0.800  1.963  2.119 7
1032 pf 10 -0.494 -0.002  0.494 1
1056 em 00  0.173  0.664  0.686 6
1056 cf 00  1.165 -0.515  1.274 4
1056 pf 01 -0.096 -0.159  0.186 2
1056 pf 02  0.317  0.371  0.488 6
1056 pf 03  1.796 -0.291  1.820 4
1056 pf 04 -0.718  1.560  1.718 7
1056 pf 05  0.390  1.231  1.292 6
1056 pf 06  0.354  2.418  2.443 6
1056 pf 07  0.484  0.239  0.540 5
1056 pf 08 -0.524  0.722  0.892 7
1056 pf 09 -0.826  1.464  1.681 7
1056 pf 10 -0.409  0.157  0.438 8
1080 em 00  0.228  0.612  0.653 6
1080 cf 00  1.412 -0.607  1.537 4
1080 pf 01  0.131 -0.339  0.364 3
1080 pf 02  0.311  0.192  0.365 5
1080 pf 03  1.905  0.040  1.906 5
1080 pf 04 -0.423  1.148  1.224 7
1080 pf 05  0.298  1.203  1.239 6
1080 pf 06 -0.040  2.876  2.877 7
1080 pf 07  0.372  0.223  0.434 5
1080 pf 08 -0.330  0.629  0.710 7
1080 pf 09 -0.898  0.986  1.334 7
1080 pf 10 -0.202  0.241  0.314 7
1104 em 00  0.078  0.572  0.577 6
1104 cf 00  1.534 -0.718  1.693 4
1104 pf 01 -0.147 -0.360  0.389 2
1104 pf 02  0.061  0.164  0.175 6
1104 pf 03  1.493  0.270  1.518 5
1104 pf 04 -0.475  0.982  1.091 7
1104 pf 05  0.144  1.266  1.274 6
1104 pf 06 -0.400  3.268  3.292 7
1104 pf 07 -0.145  0.172  0.225 7
1104 pf 08 -0.140  0.472  0.492 7
1104 pf 09 -0.955  0.463  1.062 8
1104 pf 10 -0.066  0.189  0.200 7
