ecmf prod rf 2015031800 20240318 11 046
0024 em 00 -2.732  2.423  3.651 8
0024 cf 00 -2.730  2.380  3.622 8
0024 pf 01 -2.766  2.400  3.662 8
0024 pf 02 -2.647  2.358  3.545 8
0024 pf 03 -2.702  2.476  3.665 8
0024 pf 04 -2.723  2.403  3.632 8
0024 pf 05 -2.744  2.468  3.691 8
0024 pf 06 -2.773  2.310  3.608 8
0024 pf 07 -2.751  2.474  3.700 8
0024 pf 08 -2.649  2.401  3.575 8
0024 pf 09 -2.803  2.305  3.629 8
0024 pf 10 -2.601  2.376  3.523 8
0048 em 00 -2.696  1.978  3.344 8
0048 cf 00 -2.662  1.928  3.287 8
0048 pf 01 -2.767  1.969  3.396 8
0048 pf 02 -2.429  2.007  3.151 8
0048 pf 03 -2.625  1.981  3.288 8
0048 pf 04 -2.849  1.990  3.475 8
0048 pf 05 -2.738  2.119  3.463 8
0048 pf 06 -2.722  1.722  3.221 8
0048 pf 07 -2.734  2.166  3.488 8
0048 pf 08 -2.735  1.989  3.382 8
0048 pf 09 -2.753  1.634  3.202 8
0048 pf 10 -2.465  1.962  3.150 8
0072 em 00 -2.701  1.615  3.148 8
0072 cf 00 -2.650  1.600  3.096 8
0072 pf 01 -2.764  1.507  3.148 8
0072 pf 02 -2.311  1.835  2.951 8
0072 pf 03 -2.652  1.449  3.021 8
0072 pf 04 -2.899  1.679  3.351 8
0072 pf 05 -2.809  1.711  3.290 8
0072 pf 06 -2.773  1.393  3.103 8
0072 pf 07 -2.716  1.685  3.196 8
0072 pf 08 -2.821  1.691  3.289 8
0072 pf 09 -2.655  1.234  2.927 8
0072 pf 10 -2.450  1.712  2.989 8
0096 em 00 -2.422  1.122  2.670 8
0096 cf 00 -2.444  1.135  2.695 8
0096 pf 01 -2.434  1.036  2.645 8
0096 pf 02 -1.690  1.230  2.090 8
0096 pf 03 -2.481  0.976  2.666 8
0096 pf 04 -2.532  1.126  2.772 8
0096 pf 05 -2.758  1.353  3.072 8
0096 pf 06 -2.580  0.718  2.678 8
0096 pf 07 -2.404  1.160  2.669 8
0096 pf 08 -2.531  0.994  2.720 8
0096 pf 09 -2.244  0.824  2.390 8
0096 pf 10 -2.336  1.537  2.796 8
0120 em 00 -2.043  0.635  2.140 8
0120 cf 00 -2.071  0.597  2.155 8
0120 pf 01 -2.110  0.620  2.199 8
0120 pf 02 -1.221  0.948  1.545 8
0120 pf 03 -2.092  0.542  2.161 8
0120 pf 04 -2.048  0.494  2.107 8
0120 pf 05 -2.418  0.695  2.516 8
0120 pf 06 -2.193  0.380  2.225 8
0120 pf 07 -2.066  0.552  2.138 8
0120 pf 08 -2.109  0.508  2.169 8
0120 pf 09 -1.869  0.234  1.883 8
0120 pf 10 -2.093  1.178  2.402 8
0144 em 00 -1.850  0.229  1.864 8
0144 cf 00 -1.865  0.157  1.872 8
0144 pf 01 -1.822  0.306  1.847 8
0144 pf 02 -0.906  0.741  1.171 8
0144 pf 03 -1.981  0.102  1.984 8
0144 pf 04 -1.608  0.096  1.611 8
0144 pf 05 -2.404  0.226  2.415 8
0144 pf 06 -2.154 -0.132  2.158 1
0144 pf 07 -1.765  0.104  1.768 8
0144 pf 08 -1.922  0.066  1.924 8
0144 pf 09 -1.792 -0.065  1.793 1
0144 pf 10 -1.955  0.717  2.082 8
0168 em 00 -1.825 -0.127  1.830 1
0168 cf 00 -1.828 -0.150  1.834 1
0168 pf 01 -1.730  0.041  1.730 8
0168 pf 02 -0.941  0.503  1.067 8
0168 pf 03 -1.983  0.016  1.983 8
0168 pf 04 -1.408 -0.108  1.413 1
0168 pf 05 -2.275 -0.468  2.323 1
0168 pf 06 -2.105 -0.586  2.185 1
0168 pf 07 -1.716 -0.119  1.720 1
0168 pf 08 -2.150 -0.336  2.176 1
0168 pf 09 -1.808 -0.593  1.903 1
0168 pf 10 -1.995  0.225  2.008 8
0192 em 00 -1.609 -0.323  1.641 1
0192 cf 00 -1.595 -0.336  1.630 1
0192 pf 01 -1.452 -0.152  1.460 1
0192 pf 02 -0.710  0.434  0.832 8
0192 pf 03 -1.881 -0.145  1.887 1
0192 pf 04 -1.297 -0.238  1.319 1
0192 pf 05 -1.932 -0.854  2.112 1
0192 pf 06 -1.980 -0.650  2.084 1
0192 pf 07 -1.590 -0.196  1.602 1
0192 pf 08 -1.951 -0.379  1.987 1
0192 pf 09 -1.439 -1.074  1.796 1
0192 pf 10 -1.725 -0.127  1.730 1
0216 em 00 -1.375 -0.287  1.404 1
0216 cf 00 -1.427 -0.252  1.449 1
0216 pf 01 -0.961 -0.326  1.015 1
0216 pf 02 -0.595  0.545  0.806 8
0216 pf 03 -2.011  0.234  2.025 8
0216 pf 04 -1.351 -0.399  1.409 1
0216 pf 05 -1.594 -0.602  1.704 1
0216 pf 06 -1.717 -0.516  1.793 1
0216 pf 07 -1.207 -0.140  1.215 1
0216 pf 08 -1.399 -0.433  1.464 1
0216 pf 09 -1.283 -1.286  1.816 2
0216 pf 10 -1.430 -0.173  1.440 1
0240 em 00 -1.086 -0.306  1.128 1
0240 cf 00 -1.104 -0.337  1.154 1
0240 pf 01 -0.521 -0.198  0.557 1
0240 pf 02 -0.526  0.785  0.945 7
0240 pf 03 -1.998 -0.117  2.001 1
0240 pf 04 -1.270 -0.548  1.383 1
0240 pf 05 -1.296 -0.552  1.409 1
0240 pf 06 -1.536 -0.737  1.703 1
0240 pf 07 -0.726  0.017  0.726 8
0240 pf 08 -1.041 -0.531  1.168 1
0240 pf 09 -0.917 -1.313  1.602 2
0240 pf 10 -0.853 -0.022  0.853 1
0264 em 00 -0.959 -0.419  1.046 1
0264 cf 00 -1.133 -0.312  1.175 1
0264 pf 01 -0.265 -0.121  0.291 1
0264 pf 02 -0.363  0.755  0.838 7
0264 pf 03 -2.037 -0.511  2.101 1
0264 pf 04 -1.074 -1.053  1.504 1
0264 pf 05 -1.297 -0.702  1.475 1
0264 pf 06 -1.459 -1.222  1.903 1
0264 pf 07 -0.612  0.313  0.687 8
0264 pf 08 -1.069 -0.396  1.140 1
0264 pf 09 -0.348 -1.562  1.600 2
0264 pf 10 -0.719  0.059  0.721 8
0288 em 00 -0.851 -0.635  1.062 1
0288 cf 00 -1.019 -0.481  1.127 1
0288 pf 01  0.185 -0.033  0.188 4
0288 pf 02 -0.327  0.596  0.680 7
0288 pf 03 -1.789 -0.848  1.980 1
0288 pf 04 -0.948 -1.566  1.831 2
0288 pf 05 -1.262 -0.925  1.565 1
0288 pf 06 -1.211 -1.464  1.900 2
0288 pf 07 -0.852  0.258  0.890 8
0288 pf 08 -1.323 -0.750  1.521 1
0288 pf 09  0.146 -1.675  1.681 3
0288 pf 10 -0.758 -0.209  0.787 1
0312 em 00 -0.685 -0.822  1.070 2
0312 cf 00 -1.012 -0.706  1.234 1
0312 pf 01  0.670 -0.057  0.672 4
0312 pf 02 -0.107  0.128  0.167 7
0312 pf 03 -1.520 -1.117  1.886 1
0312 pf 04 -0.646 -1.498  1.631 2
0312 pf 05 -1.393 -1.280  1.892 1
0312 pf 06 -0.836 -1.732  1.923 2
0312 pf 07 -1.141  0.099  1.145 8
0312 pf 08 -0.905 -0.843  1.236 1
0312 pf 09  0.320 -1.975  2.000 3
0312 pf 10 -0.734 -0.114  0.742 1
0336 em 00 -0.406 -0.887  0.975 2
0336 cf 00 -0.882 -0.800  1.191 1
0336 pf 01  0.814  0.120  0.823 5
0336 pf 02 -0.044  0.001  0.044 8
0336 pf 03 -0.903 -1.299  1.582 2
0336 pf 04 -0.066 -1.383  1.385 2
0336 pf 05 -1.149 -1.702  2.053 2
0336 pf 06 -0.327 -1.762  1.792 2
0336 pf 07 -1.162  0.094  1.166 8
0336 pf 08 -0.658 -0.743  0.992 2
0336 pf 09  0.679 -2.041  2.151 3
0336 pf 10 -0.552 -0.204  0.589 1
0360 em 00 -0.181 -0.957  0.974 2
0360 cf 00 -0.753 -1.148  1.373 2
0360 pf 01  0.748  0.212  0.777 5
0360 pf 02 -0.077 -0.081  0.112 2
0360 pf 03 -0.289 -1.534  1.561 2
0360 pf 04  0.220 -1.266  1.285 3
0360 pf 05 -0.694 -2.047  2.161 2
0360 pf 06 -0.172 -1.566  1.575 2
0360 pf 07 -1.102 -0.025  1.102 1
0360 pf 08 -0.242 -0.787  0.823 2
0360 pf 09  0.817 -1.905  2.072 3
0360 pf 10 -0.261 -0.308  0.403 2
0384 em 00 -0.100 -0.952  0.957 2
0384 cf 00 -0.754 -1.215  1.430 2
0384 pf 01  0.552  0.529  0.765 5
0384 pf 02 -0.190 -0.175  0.258 1
0384 pf 03 -0.276 -1.783  1.804 2
0384 pf 04  0.138 -1.141  1.150 3
0384 pf 05 -0.238 -2.228  2.241 2
0384 pf 06 -0.215 -1.321  1.339 2
0384 pf 07 -0.913  0.047  0.915 8
0384 pf 08 -0.103 -0.798  0.805 2
0384 pf 09  1.074 -1.628  1.950 3
0384 pf 10 -0.044 -0.679  0.680 2
0408 em 00 -0.113 -0.945  0.951 2
0408 cf 00 -0.572 -1.122  1.259 2
0408 pf 01  0.431  0.474  0.640 6
0408 pf 02 -0.277 -0.067  0.285 1
0408 pf 03 -0.518 -1.772  1.846 2
0408 pf 04 -0.089 -1.238  1.241 2
0408 pf 05  0.011 -2.514  2.514 3
0408 pf 06 -0.250 -1.263  1.287 2
0408 pf 07 -0.911  0.080  0.914 8
0408 pf 08 -0.213 -0.523  0.565 2
0408 pf 09  1.282 -1.392  1.892 3
0408 pf 10 -0.028 -0.936  0.936 2
0432 em 00 -0.031 -0.855  0.856 2
0432 cf 00 -0.477 -0.901  1.020 2
0432 pf 01  0.295  0.588  0.658 6
0432 pf 02 -0.213 -0.040  0.217 1
0432 pf 03 -0.460 -1.603  1.668 2
0432 pf 04 -0.194 -1.153  1.170 2
0432 pf 05  0.213 -2.422  2.431 3
0432 pf 06 -0.017 -0.902  0.902 2
0432 pf 07 -1.012 -0.249  1.042 1
0432 pf 08  0.401 -0.413  0.576 3
0432 pf 09  1.722 -1.186  2.090 4
0432 pf 10 -0.513 -0.980  1.106 2
0456 em 00 -0.028 -0.814  0.815 2
0456 cf 00 -0.541 -0.646  0.843 2
0456 pf 01  0.009  0.742  0.742 6
0456 pf 02  0.003 -0.265  0.265 3
0456 pf 03 -0.100 -1.923  1.926 2
0456 pf 04 -0.542 -0.724  0.905 2
0456 pf 05  0.619 -2.433  2.510 3
0456 pf 06  0.093 -0.794  0.799 3
0456 pf 07 -1.204 -0.578  1.336 1
0456 pf 08  0.547 -0.414  0.686 4
0456 pf 09  1.787 -0.821  1.967 4
0456 pf 10 -0.910 -0.937  1.306 2
0480 em 00  0.085 -0.770  0.775 3
0480 cf 00 -0.303 -0.396  0.499 2
0480 pf 01 -0.057  1.031  1.033 7
0480 pf 02 -0.022 -0.332  0.333 2
0480 pf 03  0.030 -2.214  2.214 3
0480 pf 04 -0.742 -0.443  0.864 1
0480 pf 05  1.005 -2.314  2.523 3
0480 pf 06  0.274 -0.542  0.608 3
0480 pf 07 -1.086 -0.802  1.350 1
0480 pf 08  0.726 -0.304  0.787 4
0480 pf 09  1.969 -0.860  2.149 4
0480 pf 10 -0.795 -1.142  1.391 2
0504 em 00  0.154 -0.757  0.773 3
0504 cf 00 -0.267 -0.476  0.545 2
0504 pf 01 -0.403  0.972  1.052 7
0504 pf 02 -0.106 -0.372  0.387 2
0504 pf 03  0.269 -2.342  2.357 3
0504 pf 04 -0.864 -0.562  1.031 1
0504 pf 05  1.114 -2.054  2.337 3
0504 pf 06  0.668 -0.500  0.835 4
0504 pf 07 -0.978 -0.939  1.356 1
0504 pf 08  0.701 -0.405  0.810 4
0504 pf 09  2.197 -0.266  2.213 4
0504 pf 10 -0.609 -1.233  1.375 2
0528 em 00  0.166 -0.728  0.746 3
0528 cf 00 -0.296 -0.444  0.533 2
0528 pf 01 -0.726  0.747  1.042 7
0528 pf 02 -0.309 -0.179  0.357 1
0528 pf 03  0.478 -2.099  2.153 3
0528 pf 04 -0.628 -1.105  1.271 2
0528 pf 05  1.236 -1.439  1.897 3
0528 pf 06  0.681 -0.508  0.849 4
0528 pf 07 -0.851 -1.123  1.409 2
0528 pf 08  0.497 -0.330  0.596 4
0528 pf 09  2.097  0.016  2.097 5
0528 pf 10 -0.379 -1.395  1.445 2
0552 em 00  0.225 -0.692  0.727 3
0552 cf 00 -0.363 -0.417  0.553 2
0552 pf 01 -0.392  0.480  0.620 7
0552 pf 02 -0.473 -0.219  0.522 1
0552 pf 03  0.686 -1.965  2.081 3
0552 pf 04 -0.386 -1.419  1.471 2
0552 pf 05  1.408 -0.827  1.633 4
0552 pf 06  0.583 -0.561  0.809 4
0552 pf 07 -0.817 -1.305  1.539 2
0552 pf 08  0.513 -0.540  0.746 3
0552 pf 09  1.790  0.716  1.928 5
0552 pf 10 -0.147 -1.428  1.436 2
0576 em 00  0.290 -0.598  0.665 3
0576 cf 00 -0.232 -0.260  0.348 2
0576 pf 01 -0.323  0.265  0.418 8
0576 pf 02 -0.961 -0.194  0.980 1
0576 pf 03  0.798 -1.859  2.023 3
0576 pf 04  0.137 -1.615  1.621 3
0576 pf 05  1.715 -0.103  1.718 4
0576 pf 06  0.403 -0.312  0.510 4
0576 pf 07 -0.585 -1.711  1.808 2
0576 pf 08  0.726 -0.589  0.935 4
0576 pf 09  1.343  0.914  1.624 5
0576 pf 10  0.076 -1.016  1.019 3
0600 em 00  0.294 -0.421  0.514 3
0600 cf 00 -0.379 -0.143  0.405 1
0600 pf 01 -0.547  0.067  0.551 8
0600 pf 02 -1.616 -0.144  1.623 1
0600 pf 03  1.007 -1.818  2.079 3
0600 pf 04  0.538 -1.294  1.401 3
0600 pf 05  1.971  0.595  2.058 5
0600 pf 06  0.360 -0.270  0.450 4
0600 pf 07 -0.665 -1.891  2.005 2
0600 pf 08  1.131 -0.268  1.163 4
0600 pf 09  1.046  1.233  1.617 6
0600 pf 10  0.289 -0.609  0.674 3
0624 em 00  0.267 -0.303  0.404 3
0624 cf 00 -0.553  0.105  0.563 8
0624 pf 01 -0.705  0.215  0.737 8
0624 pf 02 -1.910 -0.191  1.920 1
0624 pf 03  1.045 -1.492  1.822 3
0624 pf 04  0.695 -1.243  1.425 3
0624 pf 05  2.151  1.125  2.427 5
0624 pf 06  0.235 -0.410  0.473 3
0624 pf 07 -0.540 -2.087  2.155 2
0624 pf 08  1.290 -0.434  1.361 4
0624 pf 09  0.599  1.420  1.541 6
0624 pf 10  0.533 -0.266  0.596 4
0648 em 00  0.173 -0.234  0.291 3
0648 cf 00 -0.807 -0.042  0.808 1
0648 pf 01 -0.928  0.116  0.935 8
0648 pf 02 -1.854 -0.746  1.998 1
0648 pf 03  1.133 -1.370  1.778 3
0648 pf 04  0.609 -1.217  1.361 3
0648 pf 05  2.196  1.455  2.634 5
0648 pf 06  0.114 -0.422  0.437 3
0648 pf 07 -0.406 -1.944  1.986 2
0648 pf 08  1.190 -0.082  1.192 4
0648 pf 09  0.160  1.693  1.700 6
0648 pf 10  0.443  0.039  0.445 5
0672 em 00  0.152 -0.259  0.300 3
0672 cf 00 -0.727 -0.232  0.763 1
0672 pf 01 -1.198 -0.151  1.207 1
0672 pf 02 -1.426 -1.233  1.885 1
0672 pf 03  1.206 -1.187  1.692 4
0672 pf 04  0.858 -0.941  1.274 3
0672 pf 05  2.045  1.398  2.478 5
0672 pf 06 -0.035 -0.729  0.729 2
0672 pf 07  0.008 -2.060  2.060 3
0672 pf 08  0.810  0.171  0.828 5
0672 pf 09 -0.148  1.975  1.981 7
0672 pf 10  0.253  0.166  0.303 5
0696 em 00  0.073 -0.267  0.277 3
0696 cf 00 -0.736 -0.623  0.964 1
0696 pf 01 -1.667 -0.120  1.671 1
0696 pf 02 -1.147 -1.611  1.977 2
0696 pf 03  1.195 -0.915  1.505 4
0696 pf 04  1.035 -0.827  1.325 4
0696 pf 05  1.647  1.471  2.208 5
0696 pf 06 -0.031 -0.840  0.840 2
0696 pf 07  0.557 -1.747  1.834 3
0696 pf 08  0.555 -0.009  0.555 4
0696 pf 09 -0.620  2.050  2.142 7
0696 pf 10 -0.001  0.229  0.229 7
0720 em 00  0.035 -0.268  0.270 3
0720 cf 00 -0.937 -0.916  1.310 1
0720 pf 01 -1.718 -0.173  1.727 1
0720 pf 02 -0.643 -1.623  1.746 2
0720 pf 03  1.311 -0.497  1.402 4
0720 pf 04  1.056 -0.787  1.317 4
0720 pf 05  1.539  1.439  2.107 5
0720 pf 06 -0.083 -0.999  1.003 2
0720 pf 07  0.798 -1.405  1.616 3
0720 pf 08  0.204 -0.418  0.466 3
0720 pf 09 -1.027  2.194  2.422 7
0720 pf 10 -0.121  0.186  0.222 7
0744 em 00 -0.034 -0.331  0.333 2
0744 cf 00 -0.899 -1.234  1.527 2
0744 pf 01 -1.632 -0.198  1.644 1
0744 pf 02 -0.283 -1.924  1.944 2
0744 pf 03  0.800 -0.281  0.848 4
0744 pf 04  1.064 -0.492  1.173 4
0744 pf 05  1.099  1.669  1.999 6
0744 pf 06 -0.213 -1.017  1.039 2
0744 pf 07  0.722 -1.025  1.253 3
0744 pf 08  0.193 -0.484  0.521 3
0744 pf 09 -1.150  1.633  1.997 7
0744 pf 10 -0.076 -0.376  0.384 2
0768 em 00  0.003 -0.332  0.332 3
0768 cf 00 -0.611 -1.646  1.755 2
0768 pf 01 -1.469 -0.634  1.600 1
0768 pf 02  0.188 -2.039  2.047 3
0768 pf 03  0.175 -0.164  0.240 4
0768 pf 04  1.203 -0.413  1.272 4
0768 pf 05  1.088  2.089  2.356 6
0768 pf 06  0.042 -0.914  0.915 3
0768 pf 07  0.605 -0.903  1.087 3
0768 pf 08  0.165 -0.153  0.225 4
0768 pf 09 -1.521  1.592  2.201 7
0768 pf 10  0.176 -0.564  0.591 3
0792 em 00 -0.018 -0.344  0.344 2
0792 cf 00 -0.412 -1.869  1.914 2
0792 pf 01 -1.472 -0.774  1.663 1
0792 pf 02  0.406 -2.051  2.091 3
0792 pf 03 -0.153 -0.059  0.163 1
0792 pf 04  1.323 -0.009  1.323 4
0792 pf 05  0.679  2.149  2.253 6
0792 pf 06  0.141 -0.909  0.920 3
0792 pf 07  0.696 -0.806  1.065 3
0792 pf 08  0.261 -0.245  0.357 4
0792 pf 09 -1.658  1.338  2.131 8
0792 pf 10  0.028 -0.645  0.646 3
0816 em 00  0.017 -0.395  0.395 3
0816 cf 00 -0.233 -1.944  1.958 2
0816 pf 01 -1.168 -0.740  1.383 1
0816 pf 02  0.473 -2.086  2.139 3
0816 pf 03 -0.083 -0.052  0.098 1
0816 pf 04  1.275  0.137  1.282 5
0816 pf 05  0.319  1.999  2.024 6
0816 pf 06  0.468 -0.870  0.987 3
0816 pf 07  0.822 -0.854  1.185 3
0816 pf 08  0.438 -0.203  0.483 4
0816 pf 09 -1.739  0.999  2.005 8
0816 pf 10 -0.336 -0.839  0.904 2
0840 em 00  0.014 -0.375  0.375 3
0840 cf 00  0.078 -2.071  2.072 3
0840 pf 01 -0.978 -0.595  1.145 1
0840 pf 02  0.629 -1.971  2.069 3
0840 pf 03 -0.350 -0.098  0.364 1
0840 pf 04  1.001  0.650  1.194 5
0840 pf 05 -0.141  2.306  2.311 7
0840 pf 06  0.511 -0.756  0.912 3
0840 pf 07  1.096 -0.876  1.403 4
0840 pf 08  0.615 -0.327  0.697 4
0840 pf 09 -1.773  0.310  1.800 8
0840 pf 10 -0.484 -0.834  0.964 2
0864 em 00  0.037 -0.340  0.342 3
0864 cf 00  0.409 -2.007  2.048 3
0864 pf 01 -0.744 -0.591  0.950 1
0864 pf 02  0.788 -2.039  2.186 3
0864 pf 03 -0.439 -0.137  0.460 1
0864 pf 04  0.829  0.850  1.187 6
0864 pf 05 -0.614  2.641  2.711 7
0864 pf 06  0.695 -0.714  0.996 3
0864 pf 07  1.174 -0.742  1.389 4
0864 pf 08  0.735 -0.272  0.783 4
0864 pf 09 -1.700 -0.028  1.700 1
0864 pf 10 -0.716 -0.858  1.118 2
0888 em 00  0.034 -0.379  0.380 3
0888 cf 00  0.799 -1.886  2.048 3
0888 pf 01 -0.576 -0.662  0.878 2
0888 pf 02  0.780 -1.989  2.137 3
0888 pf 03 -0.326 -0.236  0.403 1
0888 pf 04  0.528  1.281  1.385 6
0888 pf 05 -1.158  2.599  2.845 7
0888 pf 06  0.809 -0.831  1.160 3
0888 pf 07  0.855 -0.964  1.288 3
0888 pf 08  0.684 -0.484  0.838 4
0888 pf 09 -1.448 -0.483  1.527 1
0888 pf 10 -0.575 -0.659  0.875 2
0912 em 00  0.038 -0.366  0.368 3
0912 cf 00  1.029 -1.724  2.008 3
0912 pf 01 -0.641 -0.857  1.070 2
0912 pf 02  0.819 -1.964  2.128 3
0912 pf 03 -0.086 -0.278  0.291 2
0912 pf 04  0.074  1.242  1.245 6
0912 pf 05 -1.622  2.558  3.029 7
0912 pf 06  1.007 -0.570  1.157 4
0912 pf 07  0.801 -0.804  1.135 3
0912 pf 08  0.581 -0.587  0.826 3
0912 pf 09 -1.181 -0.648  1.347 1
0912 pf 10 -0.340 -0.522  0.623 2
0936 em 00  0.049 -0.375  0.378 3
0936 cf 00  1.259 -1.591  2.028 3
0936 pf 01 -0.838 -1.023  1.322 2
0936 pf 02  1.203 -1.745  2.120 3
0936 pf 03  0.262 -0.049  0.266 4
0936 pf 04 -0.462  1.065  1.161 7
0936 pf 05 -1.754  2.394  2.968 7
0936 pf 06  0.835 -0.589  1.022 4
0936 pf 07  0.650 -0.766  1.004 3
0936 pf 08  0.537 -0.587  0.795 3
0936 pf 09 -0.750 -0.900  1.171 2
0936 pf 10 -0.349 -0.434  0.557 2
0960 em 00  0.026 -0.348  0.349 3
0960 cf 00  1.425 -1.350  1.962 4
0960 pf 01 -0.826 -1.047  1.334 2
0960 pf 02  1.275 -1.535  1.995 3
0960 pf 03  0.542 -0.104  0.552 4
0960 pf 04 -0.694  0.796  1.056 7
0960 pf 05 -2.116  2.071  2.960 8
0960 pf 06  0.569 -0.587  0.818 3
0960 pf 07  0.707 -0.905  1.148 3
0960 pf 08  0.488 -0.033  0.489 4
0960 pf 09 -0.670 -0.850  1.082 2
0960 pf 10 -0.370 -0.403  0.547 2
0984 em 00 -0.030 -0.329  0.331 2
0984 cf 00  1.627 -0.952  1.885 4
0984 pf 01 -0.764 -0.903  1.183 2
0984 pf 02  0.968 -1.196  1.539 3
0984 pf 03  0.644 -0.311  0.715 4
0984 pf 04 -0.870  0.633  1.076 8
0984 pf 05 -2.293  1.367  2.670 8
0984 pf 06  0.321 -0.656  0.730 3
0984 pf 07  0.718 -1.015  1.243 3
0984 pf 08  0.698  0.250  0.741 5
0984 pf 09 -0.691 -0.834  1.083 2
0984 pf 10 -0.631 -0.103  0.639 1
1008 em 00 -0.029 -0.346  0.348 2
1008 cf 00  1.731 -0.588  1.828 4
1008 pf 01 -0.749 -0.764  1.070 2
1008 pf 02  0.644 -1.300  1.451 3
1008 pf 03  0.570 -0.661  0.873 3
1008 pf 04 -1.084  0.189  1.100 8
1008 pf 05 -2.196  1.207  2.506 8
1008 pf 06  0.361 -0.458  0.583 3
1008 pf 07  1.054 -0.800  1.324 4
1008 pf 08  0.851  0.362  0.925 5
1008 pf 09 -0.731 -1.030  1.263 2
1008 pf 10 -0.707 -0.054  0.709 1
1032 em 00 -0.074 -0.257  0.267 2
1032 cf 00  1.739 -0.177  1.748 4
1032 pf 01 -1.007 -0.819  1.298 1
1032 pf 02  0.465 -1.091  1.185 3
1032 pf 03  0.768 -0.748  1.072 4
1032 pf 04 -1.213  0.402  1.278 8
1032 pf 05 -1.819  0.916  2.036 8
1032 pf 06  0.584 -0.423  0.721 4
1032 pf 07  0.974 -0.347  1.034 4
1032 pf 08  0.434  0.639  0.773 6
1032 pf 09 -0.822 -1.118  1.388 2
1032 pf 10 -0.805 -0.139  0.817 1
1056 em 00 -0.036 -0.348  0.350 2
1056 cf 00  1.642  0.055  1.643 5
1056 pf 01 -0.898 -0.868  1.249 1
1056 pf 02  0.289 -1.367  1.398 3
1056 pf 03  0.957 -0.773  1.230 4
1056 pf 04 -1.138  0.209  1.157 8
1056 pf 05 -1.582  0.283  1.607 8
1056 pf 06  0.613 -0.452  0.761 4
1056 pf 07  1.161  0.083  1.164 5
1056 pf 08 -0.063  0.534  0.538 7
1056 pf 09 -0.547 -1.268  1.381 2
1056 pf 10 -0.714 -0.320  0.783 1
1080 em 00 -0.027 -0.354  0.355 2
1080 cf 00  1.365  0.309  1.400 5
1080 pf 01 -0.859 -0.984  1.307 2
1080 pf 02  0.246 -1.552  1.571 3
1080 pf 03  1.040 -0.668  1.236 4
1080 pf 04 -0.884 -0.035  0.885 1
1080 pf 05 -1.307 -0.254  1.332 1
1080 pf 06  0.515 -0.148  0.536 4
1080 pf 07  1.140  0.588  1.283 5
1080 pf 08 -0.436  0.621  0.759 7
1080 pf 09 -0.078 -1.474  1.476 2
1080 pf 10 -0.930 -0.337  0.989 1
1104 em 00 -0.045 -0.296  0.299 2
1104 cf 00  0.762  0.467  0.894 5
1104 pf 01 -0.638 -0.749  0.984 2
1104 pf 02  0.549 -1.404  1.508 3
1104 pf 03  0.838 -0.635  1.052 4
1104 pf 04 -0.520 -0.090  0.528 1
1104 pf 05 -1.344 -0.502  1.435 1
1104 pf 06  0.814  0.286  0.862 5
1104 pf 07  0.776  0.805  1.118 6
1104 pf 08 -0.818  0.349  0.889 8
1104 pf 09  0.207 -1.339  1.355 3
1104 pf 10 -1.010 -0.485  1.121 1
