ecmf prod rf 2002111600 20171116 11 046
0024 em 00  0.574 -1.836  1.923 3
0024 cf 00  0.539 -1.836  1.914 3
0024 pf 01  0.615 -1.812  1.914 3
0024 pf 02  0.558 -1.838  1.921 3
0024 pf 03  0.563 -1.747  1.836 3
0024 pf 04  0.639 -1.913  2.017 3
0024 pf 05  0.661 -1.789  1.907 3
0024 pf 06  0.375 -1.823  1.861 3
0024 pf 07  0.616 -1.808  1.910 3
0024 pf 08  0.561 -1.760  1.847 3
0024 pf 09  0.479 -1.861  1.922 3
0024 pf 10  0.613 -1.758  1.862 3
0048 em 00  0.978 -1.726  1.984 3
0048 cf 00  0.946 -1.736  1.977 3
0048 pf 01  0.902 -1.670  1.898 3
0048 pf 02  1.205 -1.708  2.090 3
0048 pf 03  1.048 -1.539  1.862 3
0048 pf 04  0.955 -1.695  1.946 3
0048 pf 05  1.069 -1.658  1.972 3
0048 pf 06  0.859 -1.908  2.093 3
0048 pf 07  0.981 -1.728  1.988 3
0048 pf 08  0.844 -1.712  1.909 3
0048 pf 09  0.764 -1.727  1.889 3
0048 pf 10  1.054 -1.692  1.994 3
0072 em 00  1.253 -1.500  1.954 3
0072 cf 00  1.252 -1.515  1.965 3
0072 pf 01  1.066 -1.647  1.962 3
0072 pf 02  1.531 -1.439  2.101 4
0072 pf 03  1.246 -1.500  1.950 3
0072 pf 04  1.282 -1.391  1.891 3
0072 pf 05  1.292 -1.536  2.007 3
0072 pf 06  1.209 -1.701  2.087 3
0072 pf 07  1.230 -1.460  1.909 3
0072 pf 08  1.134 -1.393  1.796 3
0072 pf 09  1.095 -1.447  1.814 3
0072 pf 10  1.308 -1.292  1.838 4
0096 em 00  1.229 -1.117  1.661 4
0096 cf 00  1.150 -1.147  1.624 4
0096 pf 01  1.030 -1.285  1.647 3
0096 pf 02  1.445 -1.029  1.774 4
0096 pf 03  1.222 -1.030  1.599 4
0096 pf 04  1.195 -0.906  1.500 4
0096 pf 05  1.395 -1.202  1.842 4
0096 pf 06  1.171 -1.130  1.628 4
0096 pf 07  1.298 -1.064  1.678 4
0096 pf 08  1.182 -1.074  1.597 4
0096 pf 09  1.056 -1.141  1.554 3
0096 pf 10  1.278 -1.133  1.708 4
0120 em 00  1.139 -0.849  1.421 4
0120 cf 00  1.074 -0.887  1.393 4
0120 pf 01  1.075 -1.247  1.647 3
0120 pf 02  1.246 -0.586  1.377 4
0120 pf 03  0.999 -0.841  1.306 4
0120 pf 04  1.205 -0.601  1.346 4
0120 pf 05  1.334 -0.826  1.570 4
0120 pf 06  1.151 -0.846  1.428 4
0120 pf 07  1.176 -0.745  1.392 4
0120 pf 08  1.047 -1.075  1.501 3
0120 pf 09  1.067 -0.886  1.387 4
0120 pf 10  1.079 -0.688  1.280 4
0144 em 00  1.159 -0.546  1.281 4
0144 cf 00  1.076 -0.553  1.210 4
0144 pf 01  1.109 -0.769  1.349 4
0144 pf 02  1.208 -0.224  1.228 4
0144 pf 03  0.928 -0.527  1.067 4
0144 pf 04  1.145 -0.431  1.223 4
0144 pf 05  1.335 -0.597  1.462 4
0144 pf 06  1.180 -0.688  1.366 4
0144 pf 07  1.287 -0.411  1.351 4
0144 pf 08  1.175 -0.701  1.368 4
0144 pf 09  1.167 -0.645  1.334 4
0144 pf 10  1.044 -0.367  1.106 4
0168 em 00  1.174 -0.232  1.197 4
0168 cf 00  1.119 -0.330  1.166 4
0168 pf 01  0.969 -0.609  1.144 4
0168 pf 02  1.196  0.091  1.200 5
0168 pf 03  1.030 -0.305  1.074 4
0168 pf 04  1.119 -0.189  1.135 4
0168 pf 05  1.204 -0.183  1.218 4
0168 pf 06  1.272 -0.608  1.410 4
0168 pf 07  1.206  0.004  1.206 5
0168 pf 08  1.360 -0.223  1.378 4
0168 pf 09  1.312 -0.050  1.313 4
0168 pf 10  1.053 -0.090  1.057 4
0192 em 00  1.272  0.059  1.273 5
0192 cf 00  1.186 -0.024  1.186 4
0192 pf 01  1.291 -0.257  1.317 4
0192 pf 02  1.094  0.190  1.110 5
0192 pf 03  1.089  0.062  1.091 5
0192 pf 04  1.266  0.050  1.267 5
0192 pf 05  1.149 -0.122  1.155 4
0192 pf 06  1.461 -0.364  1.506 4
0192 pf 07  1.343  0.567  1.458 5
0192 pf 08  1.392  0.119  1.397 5
0192 pf 09  1.437  0.366  1.482 5
0192 pf 10  1.204  0.093  1.208 5
0216 em 00  1.129  0.172  1.142 5
0216 cf 00  1.060  0.116  1.066 5
0216 pf 01  1.456 -0.006  1.456 4
0216 pf 02  1.023  0.123  1.030 5
0216 pf 03  0.898  0.347  0.962 5
0216 pf 04  1.487  0.400  1.540 5
0216 pf 05  1.085 -0.224  1.107 4
0216 pf 06  1.291 -0.067  1.293 4
0216 pf 07  1.108  0.798  1.365 5
0216 pf 08  0.931 -0.064  0.934 4
0216 pf 09  1.109  0.546  1.236 5
0216 pf 10  0.900 -0.061  0.902 4
0240 em 00  0.855  0.128  0.865 5
0240 cf 00  0.558 -0.061  0.561 4
0240 pf 01  1.228 -0.109  1.233 4
0240 pf 02  0.757  0.116  0.766 5
0240 pf 03  0.457  0.083  0.464 5
0240 pf 04  1.310  0.419  1.375 5
0240 pf 05  1.023 -0.290  1.064 4
0240 pf 06  1.004  0.049  1.005 5
0240 pf 07  0.716  0.641  0.961 5
0240 pf 08  0.845  0.086  0.849 5
0240 pf 09  0.885  0.531  1.032 5
0240 pf 10  0.561 -0.062  0.565 4
0264 em 00  0.594  0.260  0.648 5
0264 cf 00  0.263  0.067  0.271 5
0264 pf 01  0.946 -0.052  0.948 4
0264 pf 02  0.621  0.213  0.657 5
0264 pf 03  0.094  0.113  0.147 6
0264 pf 04  1.187  0.460  1.273 5
0264 pf 05  0.627 -0.029  0.628 4
0264 pf 06  0.795  0.352  0.870 5
0264 pf 07  0.358  0.495  0.611 6
0264 pf 08  0.648  0.473  0.802 5
0264 pf 09  0.801  0.797  1.130 5
0264 pf 10  0.131 -0.088  0.158 4
0288 em 00  0.433  0.440  0.617 6
0288 cf 00  0.063  0.371  0.376 6
0288 pf 01  0.686  0.298  0.748 5
0288 pf 02  0.395  0.318  0.507 5
0288 pf 03 -0.173  0.010  0.173 8
0288 pf 04  1.160  0.710  1.360 5
0288 pf 05  0.615  0.311  0.689 5
0288 pf 06  0.645  0.482  0.805 5
0288 pf 07  0.170  0.604  0.627 6
0288 pf 08  0.699  0.805  1.067 6
0288 pf 09  0.807  0.816  1.148 6
0288 pf 10 -0.360  0.021  0.361 8
0312 em 00  0.378  0.443  0.582 6
0312 cf 00 -0.100  0.388  0.401 7
0312 pf 01  0.717  0.389  0.816 5
0312 pf 02  0.426  0.467  0.632 6
0312 pf 03  0.001 -0.001  0.002 3
0312 pf 04  0.776  0.555  0.954 5
0312 pf 05  0.588  0.352  0.686 5
0312 pf 06  0.383  0.708  0.805 6
0312 pf 07  0.285  0.439  0.523 6
0312 pf 08  0.746  0.632  0.977 5
0312 pf 09  0.623  0.858  1.060 6
0312 pf 10 -0.339 -0.008  0.339 1
0336 em 00  0.327  0.384  0.505 6
0336 cf 00 -0.008  0.108  0.108 7
0336 pf 01  0.675  0.207  0.706 5
0336 pf 02  0.352  0.558  0.660 6
0336 pf 03  0.197 -0.007  0.197 4
0336 pf 04  0.409  0.809  0.906 6
0336 pf 05  0.508  0.302  0.591 5
0336 pf 06  0.055  0.464  0.467 6
0336 pf 07  0.511  0.608  0.795 6
0336 pf 08  0.653  0.582  0.875 5
0336 pf 09  0.333  0.578  0.667 6
0336 pf 10 -0.130 -0.082  0.153 1
0360 em 00  0.128  0.291  0.318 6
0360 cf 00 -0.111  0.084  0.140 8
0360 pf 01  0.672 -0.033  0.672 4
0360 pf 02  0.047  0.661  0.663 6
0360 pf 03  0.270 -0.042  0.273 4
0360 pf 04  0.198  0.845  0.868 6
0360 pf 05  0.056  0.359  0.363 6
0360 pf 06 -0.673 -0.125  0.685 1
0360 pf 07  0.498  0.684  0.846 6
0360 pf 08  0.370  0.592  0.698 6
0360 pf 09  0.217  0.301  0.371 6
0360 pf 10 -0.162 -0.220  0.273 2
0384 em 00 -0.137  0.198  0.241 7
0384 cf 00 -0.352 -0.069  0.358 1
0384 pf 01  0.223 -0.229  0.320 3
0384 pf 02 -0.420  0.865  0.961 7
0384 pf 03  0.413 -0.099  0.425 4
0384 pf 04  0.180  0.908  0.926 6
0384 pf 05 -0.426  0.224  0.481 8
0384 pf 06 -1.153 -0.030  1.153 1
0384 pf 07  0.361  0.599  0.700 6
0384 pf 08  0.112  0.309  0.328 6
0384 pf 09 -0.141 -0.041  0.147 1
0384 pf 10 -0.300 -0.382  0.485 2
0408 em 00 -0.255  0.190  0.318 8
0408 cf 00 -0.449 -0.165  0.478 1
0408 pf 01  0.420 -0.138  0.442 4
0408 pf 02 -0.597  0.896  1.077 7
0408 pf 03  0.251 -0.031  0.253 4
0408 pf 04  0.115  1.007  1.014 6
0408 pf 05 -0.462  0.107  0.474 8
0408 pf 06 -1.241  0.383  1.299 8
0408 pf 07 -0.060  0.269  0.275 7
0408 pf 08 -0.078  0.193  0.208 7
0408 pf 09 -0.459 -0.108  0.472 1
0408 pf 10 -0.197 -0.451  0.492 2
0432 em 00 -0.303  0.062  0.309 8
0432 cf 00 -0.533 -0.445  0.694 1
0432 pf 01  0.312 -0.362  0.478 3
0432 pf 02 -0.907  0.777  1.194 8
0432 pf 03  0.019 -0.369  0.369 3
0432 pf 04  0.222  0.847  0.875 6
0432 pf 05 -0.365  0.249  0.442 8
0432 pf 06 -0.874  0.017  0.874 8
0432 pf 07 -0.304  0.310  0.435 7
0432 pf 08 -0.146  0.191  0.240 7
0432 pf 09 -0.637 -0.258  0.687 1
0432 pf 10 -0.053 -0.409  0.412 2
0456 em 00 -0.274 -0.159  0.317 1
0456 cf 00 -0.445 -0.578  0.729 2
0456 pf 01  0.053 -0.329  0.333 3
0456 pf 02 -1.094  0.572  1.234 8
0456 pf 03 -0.132 -0.878  0.888 2
0456 pf 04  0.390  0.384  0.548 5
0456 pf 05 -0.320  0.076  0.329 8
0456 pf 06 -0.691 -0.508  0.858 1
0456 pf 07 -0.268  0.359  0.448 7
0456 pf 08 -0.176 -0.032  0.179 1
0456 pf 09 -0.495 -0.304  0.581 1
0456 pf 10  0.242 -0.613  0.659 3
0480 em 00 -0.297 -0.239  0.381 1
0480 cf 00 -0.468 -0.632  0.787 2
0480 pf 01 -0.237 -0.242  0.339 2
0480 pf 02 -1.091  0.359  1.149 8
0480 pf 03 -0.517 -0.785  0.939 2
0480 pf 04  0.267  0.333  0.426 6
0480 pf 05 -0.161 -0.007  0.161 1
0480 pf 06 -0.564 -0.858  1.027 2
0480 pf 07  0.042  0.496  0.497 6
0480 pf 08 -0.114 -0.233  0.259 2
0480 pf 09 -0.605 -0.270  0.662 1
0480 pf 10  0.269 -0.885  0.925 3
0504 em 00 -0.271 -0.246  0.366 1
0504 cf 00 -0.408 -0.565  0.697 2
0504 pf 01 -0.026 -0.491  0.492 2
0504 pf 02 -1.182  0.191  1.197 8
0504 pf 03 -1.024 -0.611  1.192 1
0504 pf 04  0.458  0.328  0.563 5
0504 pf 05 -0.191  0.007  0.191 8
0504 pf 06 -0.478 -0.678  0.830 2
0504 pf 07  0.283  0.595  0.658 6
0504 pf 08  0.066 -0.331  0.338 3
0504 pf 09 -0.696 -0.186  0.720 1
0504 pf 10  0.318 -1.035  1.083 3
0528 em 00 -0.182 -0.273  0.328 2
0528 cf 00 -0.153 -0.658  0.675 2
0528 pf 01  0.147 -0.669  0.685 3
0528 pf 02 -1.330 -0.277  1.358 1
0528 pf 03 -1.414 -0.670  1.564 1
0528 pf 04  0.803  0.382  0.889 5
0528 pf 05 -0.089  0.114  0.145 7
0528 pf 06  0.056 -0.883  0.885 3
0528 pf 07  0.075  0.834  0.837 6
0528 pf 08  0.079 -0.335  0.344 3
0528 pf 09 -0.684  0.012  0.684 8
0528 pf 10  0.637 -0.905  1.106 3
0552 em 00 -0.156 -0.343  0.377 2
0552 cf 00 -0.039 -0.808  0.809 2
0552 pf 01  0.263 -1.141  1.171 3
0552 pf 02 -1.545 -0.434  1.605 1
0552 pf 03 -1.317 -0.870  1.578 1
0552 pf 04  0.714  0.346  0.793 5
0552 pf 05  0.142  0.186  0.234 6
0552 pf 06  0.207 -0.839  0.864 3
0552 pf 07  0.009  0.932  0.932 6
0552 pf 08  0.325 -0.409  0.522 3
0552 pf 09 -0.668  0.068  0.672 8
0552 pf 10  0.352 -0.816  0.889 3
0576 em 00 -0.252 -0.320  0.407 2
0576 cf 00 -0.236 -0.614  0.657 2
0576 pf 01  0.231 -1.043  1.069 3
0576 pf 02 -1.293 -0.761  1.500 1
0576 pf 03 -1.259 -1.195  1.736 1
0576 pf 04  0.185  0.905  0.924 6
0576 pf 05  0.073  0.091  0.117 6
0576 pf 06  0.436 -1.103  1.186 3
0576 pf 07 -0.239  0.890  0.922 7
0576 pf 08  0.194 -0.115  0.225 4
0576 pf 09 -0.827  0.061  0.829 8
0576 pf 10  0.134 -0.633  0.647 3
0600 em 00 -0.327 -0.262  0.419 1
0600 cf 00 -0.224 -0.628  0.666 2
0600 pf 01 -0.051 -0.646  0.648 2
0600 pf 02 -1.085 -0.967  1.454 1
0600 pf 03 -1.062 -1.138  1.557 2
0600 pf 04 -0.090  0.936  0.940 7
0600 pf 05  0.063  0.126  0.141 6
0600 pf 06  0.384 -1.241  1.300 3
0600 pf 07 -0.433  0.734  0.852 7
0600 pf 08 -0.198  0.232  0.305 7
0600 pf 09 -0.692 -0.038  0.693 1
0600 pf 10 -0.020 -0.249  0.250 2
0624 em 00 -0.399 -0.244  0.467 1
0624 cf 00 -0.411 -0.702  0.813 2
0624 pf 01  0.220 -0.259  0.340 3
0624 pf 02 -0.677 -1.117  1.306 2
0624 pf 03 -1.016 -1.238  1.601 2
0624 pf 04 -0.288  1.082  1.119 7
0624 pf 05 -0.042  0.161  0.166 7
0624 pf 06  0.388 -1.366  1.420 3
0624 pf 07 -0.768  0.791  1.102 7
0624 pf 08 -0.760  0.208  0.788 8
0624 pf 09 -0.641 -0.118  0.652 1
0624 pf 10 -0.175 -0.118  0.211 1
0648 em 00 -0.394 -0.294  0.492 1
0648 cf 00 -0.557 -0.969  1.118 2
0648 pf 01  0.210  0.054  0.217 5
0648 pf 02 -0.408 -1.152  1.222 2
0648 pf 03 -0.560 -1.275  1.392 2
0648 pf 04 -0.536  1.111  1.233 7
0648 pf 05  0.145  0.327  0.357 6
0648 pf 06  0.628 -1.180  1.337 3
0648 pf 07 -1.002  0.666  1.203 8
0648 pf 08 -1.175 -0.001  1.175 1
0648 pf 09 -0.615 -0.418  0.744 1
0648 pf 10 -0.216 -0.351  0.413 2
0672 em 00 -0.470 -0.398  0.616 1
0672 cf 00 -0.502 -1.045  1.160 2
0672 pf 01  0.197  0.092  0.217 5
0672 pf 02 -0.285 -1.151  1.186 2
0672 pf 03 -0.371 -1.445  1.492 2
0672 pf 04 -0.806  0.795  1.132 8
0672 pf 05 -0.029  0.432  0.433 7
0672 pf 06  0.634 -1.175  1.335 3
0672 pf 07 -1.166  0.450  1.250 8
0672 pf 08 -1.815 -0.265  1.834 1
0672 pf 09 -0.382 -0.712  0.808 2
0672 pf 10 -0.390 -0.249  0.463 1
0696 em 00 -0.441 -0.376  0.580 1
0696 cf 00 -0.424 -0.946  1.037 2
0696 pf 01  0.046  0.369  0.372 6
0696 pf 02 -0.135 -1.292  1.299 2
0696 pf 03 -0.173 -1.401  1.411 2
0696 pf 04 -1.073  0.794  1.335 8
0696 pf 05 -0.001  0.786  0.786 7
0696 pf 06  0.741 -1.198  1.409 3
0696 pf 07 -1.093  0.434  1.176 8
0696 pf 08 -1.988 -0.542  2.060 1
0696 pf 09 -0.138 -0.925  0.935 2
0696 pf 10 -0.384 -0.078  0.392 1
0720 em 00 -0.411 -0.468  0.623 2
0720 cf 00 -0.252 -1.086  1.115 2
0720 pf 01  0.160  0.333  0.369 6
0720 pf 02  0.384 -1.685  1.728 3
0720 pf 03 -0.217 -1.455  1.471 2
0720 pf 04 -1.336  0.542  1.442 8
0720 pf 05 -0.213  0.886  0.911 7
0720 pf 06  0.572 -1.118  1.255 3
0720 pf 07 -1.098  0.403  1.169 8
0720 pf 08 -1.966 -0.772  2.113 1
0720 pf 09  0.088 -1.015  1.019 3
0720 pf 10 -0.435 -0.024  0.435 1
0744 em 00 -0.327 -0.418  0.531 2
0744 cf 00  0.036 -1.222  1.223 3
0744 pf 01  0.579  0.122  0.592 5
0744 pf 02  0.571 -1.920  2.003 3
0744 pf 03  0.049 -1.630  1.630 3
0744 pf 04 -1.436  0.629  1.567 8
0744 pf 05 -0.633  1.083  1.255 7
0744 pf 06  0.493 -0.338  0.597 4
0744 pf 07 -1.312  0.176  1.323 8
0744 pf 08 -1.805 -0.919  2.026 1
0744 pf 09  0.363 -0.556  0.664 3
0744 pf 10 -0.330  0.156  0.365 8
0768 em 00 -0.299 -0.489  0.574 2
0768 cf 00  0.234 -1.329  1.350 3
0768 pf 01  0.920  0.199  0.941 5
0768 pf 02  0.600 -2.039  2.125 3
0768 pf 03  0.427 -1.650  1.704 3
0768 pf 04 -1.678  0.407  1.727 8
0768 pf 05 -1.021  0.663  1.218 8
0768 pf 06  0.458 -0.061  0.462 4
0768 pf 07 -1.431 -0.106  1.435 1
0768 pf 08 -1.689 -1.010  1.968 1
0768 pf 09  0.257 -0.404  0.478 3
0768 pf 10 -0.222  0.121  0.253 8
0792 em 00 -0.261 -0.517  0.579 2
0792 cf 00  0.332 -1.180  1.225 3
0792 pf 01  0.852  0.436  0.957 5
0792 pf 02  0.866 -2.085  2.258 3
0792 pf 03  0.783 -1.733  1.902 3
0792 pf 04 -1.676  0.273  1.699 8
0792 pf 05 -1.403  0.575  1.516 8
0792 pf 06  0.519  0.420  0.667 5
0792 pf 07 -1.472 -0.071  1.473 1
0792 pf 08 -1.428 -1.271  1.912 1
0792 pf 09  0.345 -0.524  0.628 3
0792 pf 10 -0.449 -0.371  0.582 1
0816 em 00 -0.166 -0.514  0.540 2
0816 cf 00  0.345 -1.023  1.079 3
0816 pf 01  0.972  0.779  1.246 5
0816 pf 02  1.273 -1.751  2.165 3
0816 pf 03  1.064 -1.803  2.094 3
0816 pf 04 -1.463  0.105  1.467 8
0816 pf 05 -1.487  0.346  1.527 8
0816 pf 06  0.387  0.695  0.795 6
0816 pf 07 -1.526 -0.474  1.598 1
0816 pf 08 -0.997 -1.421  1.736 2
0816 pf 09  0.343 -0.603  0.694 3
0816 pf 10 -0.629 -0.346  0.718 1
0840 em 00 -0.079 -0.561  0.566 2
0840 cf 00  0.410 -0.971  1.054 3
0840 pf 01  1.126  0.658  1.304 5
0840 pf 02  1.439 -1.819  2.319 3
0840 pf 03  1.155 -1.680  2.039 3
0840 pf 04 -1.143  0.146  1.153 8
0840 pf 05 -1.696  0.042  1.696 8
0840 pf 06  0.029  0.635  0.636 6
0840 pf 07 -1.715 -0.819  1.901 1
0840 pf 08 -0.471 -1.573  1.642 2
0840 pf 09  0.576 -0.425  0.716 4
0840 pf 10 -0.515 -0.234  0.566 1
0864 em 00  0.011 -0.553  0.553 3
0864 cf 00  0.461 -0.879  0.992 3
0864 pf 01  0.822  1.026  1.314 6
0864 pf 02  1.861 -1.825  2.607 4
0864 pf 03  1.602 -1.116  1.953 4
0864 pf 04 -0.743 -0.238  0.781 1
0864 pf 05 -1.622 -0.563  1.717 1
0864 pf 06  0.078  0.660  0.665 6
0864 pf 07 -1.769 -1.054  2.059 1
0864 pf 08 -0.290 -1.312  1.344 2
0864 pf 09  0.162 -0.560  0.582 3
0864 pf 10 -0.427 -0.083  0.435 1
0888 em 00  0.058 -0.576  0.579 3
0888 cf 00  0.554 -0.666  0.867 3
0888 pf 01  0.523  1.309  1.410 6
0888 pf 02  1.732 -1.418  2.238 4
0888 pf 03  1.606 -0.611  1.719 4
0888 pf 04 -0.701 -0.444  0.830 1
0888 pf 05 -1.296 -1.173  1.748 1
0888 pf 06  0.088  0.401  0.411 6
0888 pf 07 -1.656 -1.229  2.062 1
0888 pf 08  0.040 -1.524  1.525 3
0888 pf 09  0.080 -0.484  0.491 3
0888 pf 10 -0.348 -0.359  0.499 2
0912 em 00  0.117 -0.640  0.651 3
0912 cf 00  0.612 -0.506  0.794 4
0912 pf 01  0.253  1.621  1.640 6
0912 pf 02  2.139 -0.861  2.305 4
0912 pf 03  1.375 -0.615  1.506 4
0912 pf 04 -0.705 -0.816  1.079 2
0912 pf 05 -0.891 -1.311  1.585 2
0912 pf 06  0.377  0.360  0.521 5
0912 pf 07 -1.541 -1.796  2.366 2
0912 pf 08  0.358 -1.573  1.614 3
0912 pf 09 -0.474 -0.738  0.877 2
0912 pf 10 -0.255 -0.651  0.700 2
0936 em 00  0.065 -0.572  0.576 3
0936 cf 00  0.648 -0.388  0.755 4
0936 pf 01 -0.191  1.779  1.789 7
0936 pf 02  2.089 -0.791  2.233 4
0936 pf 03  1.106 -0.735  1.328 4
0936 pf 04 -0.766 -0.854  1.147 2
0936 pf 05 -0.605 -1.113  1.267 2
0936 pf 06  0.321  0.651  0.725 6
0936 pf 07 -1.219 -1.978  2.323 2
0936 pf 08  0.452 -1.562  1.626 3
0936 pf 09 -0.760 -0.592  0.963 1
0936 pf 10 -0.398 -0.563  0.690 2
0960 em 00  0.092 -0.490  0.499 3
0960 cf 00  0.593 -0.383  0.705 4
0960 pf 01 -0.765  1.722  1.884 7
0960 pf 02  2.228 -0.389  2.262 4
0960 pf 03  0.914 -0.773  1.197 4
0960 pf 04 -0.366 -0.622  0.721 2
0960 pf 05 -0.575 -0.992  1.147 2
0960 pf 06  0.311  1.343  1.378 6
0960 pf 07 -1.114 -2.383  2.631 2
0960 pf 08  0.542 -1.325  1.432 3
0960 pf 09 -0.547 -0.623  0.829 2
0960 pf 10 -0.239 -0.815  0.849 2
0984 em 00  0.052 -0.430  0.433 3
0984 cf 00  0.598 -0.393  0.716 4
0984 pf 01 -1.052  1.598  1.913 7
0984 pf 02  2.264 -0.213  2.274 4
0984 pf 03  0.565 -0.226  0.608 4
0984 pf 04 -0.355 -0.132  0.379 1
0984 pf 05 -0.438 -1.164  1.243 2
0984 pf 06  0.049  1.462  1.463 6
0984 pf 07 -0.996 -2.518  2.707 2
0984 pf 08  0.691 -1.037  1.246 3
0984 pf 09 -0.435 -1.085  1.169 2
0984 pf 10 -0.347 -0.888  0.954 2
1008 em 00  0.067 -0.435  0.440 3
1008 cf 00  0.403 -0.426  0.586 3
1008 pf 01 -1.087  1.364  1.744 7
1008 pf 02  2.162  0.136  2.167 5
1008 pf 03  0.407 -0.288  0.498 4
1008 pf 04 -0.170  0.158  0.232 8
1008 pf 05 -0.209 -1.188  1.206 2
1008 pf 06 -0.398  1.418  1.473 7
1008 pf 07 -0.648 -2.695  2.772 2
1008 pf 08  0.696 -0.880  1.122 3
1008 pf 09 -0.416 -1.338  1.401 2
1008 pf 10 -0.034 -0.908  0.908 2
1032 em 00 -0.016 -0.359  0.359 2
1032 cf 00  0.130 -0.215  0.251 3
1032 pf 01 -1.651  1.259  2.076 8
1032 pf 02  2.272  0.245  2.285 5
1032 pf 03  0.102 -0.088  0.135 4
1032 pf 04 -0.277  0.355  0.451 7
1032 pf 05  0.041 -1.255  1.255 3
1032 pf 06 -0.656  1.522  1.657 7
1032 pf 07 -0.351 -2.399  2.424 2
1032 pf 08  0.530 -0.748  0.917 3
1032 pf 09 -0.587 -1.450  1.565 2
1032 pf 10  0.262 -1.039  1.071 3
1056 em 00  0.045 -0.271  0.274 3
1056 cf 00 -0.070  0.180  0.193 7
1056 pf 01 -1.503  1.069  1.844 8
1056 pf 02  1.967  0.952  2.186 5
1056 pf 03 -0.080  0.239  0.252 7
1056 pf 04 -0.018  0.075  0.077 7
1056 pf 05  0.341 -1.445  1.484 3
1056 pf 06 -0.713  1.439  1.606 7
1056 pf 07 -0.282 -2.275  2.292 2
1056 pf 08  0.501 -0.682  0.846 3
1056 pf 09 -0.384 -1.353  1.406 2
1056 pf 10  0.743 -1.059  1.294 3
1080 em 00  0.105 -0.156  0.188 3
1080 cf 00 -0.078  0.423  0.430 7
1080 pf 01 -1.227  0.908  1.526 8
1080 pf 02  1.822  1.570  2.405 5
1080 pf 03 -0.217  0.500  0.545 7
1080 pf 04 -0.323  0.048  0.327 8
1080 pf 05  0.524 -1.129  1.244 3
1080 pf 06 -0.742  1.244  1.449 7
1080 pf 07  0.011 -2.312  2.312 3
1080 pf 08  0.466 -0.795  0.921 3
1080 pf 09  0.281 -1.201  1.234 3
1080 pf 10  0.630 -0.879  1.081 3
1104 em 00  0.085 -0.099  0.131 3
1104 cf 00 -0.226  0.406  0.464 7
1104 pf 01 -1.171  0.485  1.268 8
1104 pf 02  1.496  1.986  2.486 6
1104 pf 03 -0.443  0.722  0.847 7
1104 pf 04 -0.230  0.260  0.347 7
1104 pf 05  0.322 -0.994  1.045 3
1104 pf 06 -0.459  1.391  1.465 7
1104 pf 07  0.220 -2.528  2.538 3
1104 pf 08  0.350 -0.829  0.900 3
1104 pf 09  0.527 -1.251  1.357 3
1104 pf 10  0.557 -0.646  0.853 3
