ecmf prod rf 2010021400 20190214 11 046
0024 em 00 -0.433 -0.058  0.437 1
0024 cf 00 -0.502 -0.044  0.504 1
0024 pf 01 -0.436 -0.107  0.448 1
0024 pf 02 -0.436 -0.009  0.436 1
0024 pf 03 -0.394 -0.123  0.413 1
0024 pf 04 -0.360 -0.027  0.361 1
0024 pf 05 -0.360 -0.085  0.370 1
0024 pf 06 -0.461 -0.012  0.461 1
0024 pf 07 -0.465 -0.066  0.470 1
0024 pf 08 -0.369 -0.085  0.379 1
0024 pf 09 -0.620 -0.098  0.627 1
0024 pf 10 -0.325  0.072  0.333 8
0048 em 00 -0.337 -0.025  0.338 1
0048 cf 00 -0.365 -0.031  0.367 1
0048 pf 01 -0.237  0.055  0.243 8
0048 pf 02 -0.391  0.037  0.393 8
0048 pf 03 -0.456 -0.018  0.456 1
0048 pf 04 -0.465  0.022  0.466 8
0048 pf 05 -0.148  0.046  0.155 8
0048 pf 06 -0.514  0.012  0.514 8
0048 pf 07 -0.337 -0.005  0.337 1
0048 pf 08 -0.262 -0.124  0.290 1
0048 pf 09 -0.335 -0.475  0.581 2
0048 pf 10 -0.169  0.247  0.299 7
0072 em 00  0.002 -0.135  0.135 3
0072 cf 00 -0.011 -0.140  0.141 2
0072 pf 01  0.096 -0.087  0.129 4
0072 pf 02 -0.010 -0.128  0.128 2
0072 pf 03 -0.111  0.001  0.111 8
0072 pf 04 -0.339 -0.111  0.356 1
0072 pf 05  0.121  0.056  0.133 5
0072 pf 06 -0.302 -0.267  0.403 1
0072 pf 07 -0.089  0.003  0.089 8
0072 pf 08  0.134 -0.261  0.294 3
0072 pf 09  0.257 -0.607  0.659 3
0072 pf 10  0.272  0.113  0.295 5
0096 em 00  0.198  0.085  0.215 5
0096 cf 00  0.206  0.067  0.216 5
0096 pf 01  0.227  0.000  0.227 5
0096 pf 02  0.241  0.096  0.259 5
0096 pf 03  0.224  0.087  0.240 5
0096 pf 04 -0.602  0.162  0.623 8
0096 pf 05  0.229  0.306  0.382 6
0096 pf 06 -0.141 -0.163  0.215 2
0096 pf 07 -0.020  0.164  0.166 7
0096 pf 08  0.620 -0.031  0.621 4
0096 pf 09  0.690 -0.172  0.711 4
0096 pf 10  0.467  0.446  0.646 5
0120 em 00  0.399  0.258  0.475 5
0120 cf 00  0.307  0.155  0.344 5
0120 pf 01  0.479  0.278  0.553 5
0120 pf 02  0.290  0.267  0.395 5
0120 pf 03  0.278  0.171  0.327 5
0120 pf 04 -0.206 -0.008  0.206 1
0120 pf 05  0.294  0.569  0.640 6
0120 pf 06  0.019 -0.069  0.072 3
0120 pf 07  0.467  0.220  0.516 5
0120 pf 08  0.779  0.389  0.870 5
0120 pf 09  1.111  0.130  1.118 5
0120 pf 10  0.513  0.741  0.902 6
0144 em 00  0.341  0.348  0.488 6
0144 cf 00  0.219  0.180  0.283 5
0144 pf 01  0.525  0.431  0.679 5
0144 pf 02  0.309  0.038  0.311 5
0144 pf 03  0.110  0.309  0.328 6
0144 pf 04 -0.231 -0.029  0.233 1
0144 pf 05  0.288  0.613  0.677 6
0144 pf 06 -0.137  0.165  0.214 7
0144 pf 07  0.675  0.133  0.688 5
0144 pf 08  0.632  0.493  0.802 5
0144 pf 09  0.913  0.480  1.032 5
0144 pf 10  0.385  1.004  1.075 6
0168 em 00  0.206  0.447  0.492 6
0168 cf 00  0.136  0.211  0.251 6
0168 pf 01  0.473  0.252  0.536 5
0168 pf 02  0.366  0.144  0.393 5
0168 pf 03  0.095  0.446  0.456 6
0168 pf 04 -0.477 -0.039  0.479 1
0168 pf 05 -0.072  0.843  0.846 7
0168 pf 06 -0.343  0.264  0.433 8
0168 pf 07  0.767  0.214  0.796 5
0168 pf 08  0.414  0.756  0.861 6
0168 pf 09  0.751  0.661  1.000 5
0168 pf 10  0.109  1.139  1.144 6
0192 em 00  0.046  0.368  0.371 6
0192 cf 00  0.160  0.189  0.248 6
0192 pf 01  0.487 -0.261  0.552 4
0192 pf 02  0.415  0.126  0.434 5
0192 pf 03  0.076  0.308  0.318 6
0192 pf 04 -0.566 -0.221  0.608 1
0192 pf 05 -0.525  0.801  0.958 7
0192 pf 06 -0.696  0.273  0.748 8
0192 pf 07  0.496  0.288  0.574 5
0192 pf 08  0.181  0.811  0.831 6
0192 pf 09  0.676  0.803  1.050 6
0192 pf 10 -0.252  0.927  0.961 7
0216 em 00 -0.012  0.251  0.251 7
0216 cf 00  0.404  0.127  0.423 5
0216 pf 01  0.503 -0.480  0.695 4
0216 pf 02  0.209  0.253  0.328 6
0216 pf 03 -0.118  0.151  0.191 7
0216 pf 04 -0.723 -0.449  0.851 1
0216 pf 05 -0.770  0.500  0.918 8
0216 pf 06 -0.929  0.233  0.958 8
0216 pf 07  0.588  0.195  0.619 5
0216 pf 08  0.138  0.822  0.834 6
0216 pf 09  0.800  0.857  1.172 6
0216 pf 10 -0.270  0.569  0.630 7
0240 em 00 -0.056  0.199  0.207 7
0240 cf 00  0.553 -0.065  0.557 4
0240 pf 01  0.601 -0.506  0.786 4
0240 pf 02 -0.084  0.357  0.366 7
0240 pf 03 -0.258  0.237  0.351 8
0240 pf 04 -0.372 -0.569  0.680 2
0240 pf 05 -0.899  0.292  0.945 8
0240 pf 06 -0.833 -0.137  0.844 1
0240 pf 07  0.527  0.408  0.666 5
0240 pf 08  0.062  1.039  1.041 6
0240 pf 09  0.612  0.828  1.029 6
0240 pf 10 -0.555  0.355  0.659 8
0264 em 00 -0.267  0.284  0.390 7
0264 cf 00  0.441  0.045  0.443 5
0264 pf 01  0.742 -0.142  0.755 4
0264 pf 02 -0.483  0.325  0.582 8
0264 pf 03 -0.511  0.312  0.599 8
0264 pf 04 -0.433 -0.375  0.573 1
0264 pf 05 -1.088  0.335  1.138 8
0264 pf 06 -1.021 -0.627  1.198 1
0264 pf 07  0.576  0.966  1.125 6
0264 pf 08 -0.285  1.480  1.507 7
0264 pf 09  0.002  0.530  0.530 6
0264 pf 10 -0.906  0.326  0.963 8
0288 em 00 -0.503  0.389  0.636 8
0288 cf 00 -0.003  0.266  0.266 7
0288 pf 01  0.739  0.106  0.746 5
0288 pf 02 -0.740  0.052  0.742 8
0288 pf 03 -1.075  0.183  1.090 8
0288 pf 04 -0.470 -0.174  0.501 1
0288 pf 05 -1.230  0.527  1.338 8
0288 pf 06 -1.303 -0.656  1.459 1
0288 pf 07  0.459  1.277  1.357 6
0288 pf 08 -0.483  1.861  1.922 7
0288 pf 09 -0.408  0.427  0.591 7
0288 pf 10 -1.037  0.450  1.130 8
0312 em 00 -0.722  0.387  0.819 8
0312 cf 00 -0.249  0.028  0.251 8
0312 pf 01  0.795  0.349  0.869 5
0312 pf 02 -0.993 -0.403  1.072 1
0312 pf 03 -1.453 -0.109  1.457 1
0312 pf 04 -0.555 -0.003  0.555 1
0312 pf 05 -1.343  0.772  1.549 8
0312 pf 06 -1.459 -0.770  1.650 1
0312 pf 07  0.036  1.542  1.542 6
0312 pf 08 -0.967  2.080  2.294 7
0312 pf 09 -0.601  0.435  0.742 8
0312 pf 10 -1.191  0.360  1.244 8
0336 em 00 -0.904  0.264  0.942 8
0336 cf 00 -0.373 -0.272  0.462 1
0336 pf 01  0.742  0.385  0.836 5
0336 pf 02 -1.081 -0.429  1.163 1
0336 pf 03 -1.647 -0.781  1.823 1
0336 pf 04 -0.651  0.357  0.742 8
0336 pf 05 -1.539  0.935  1.800 8
0336 pf 06 -1.257 -1.244  1.769 1
0336 pf 07 -0.748  1.634  1.797 7
0336 pf 08 -1.456  2.164  2.608 7
0336 pf 09 -0.457  0.157  0.483 8
0336 pf 10 -1.549  0.018  1.549 8
0360 em 00 -1.046  0.185  1.062 8
0360 cf 00 -0.484  0.001  0.484 8
0360 pf 01  0.363  0.295  0.468 5
0360 pf 02 -1.282 -0.502  1.377 1
0360 pf 03 -1.491 -0.990  1.789 1
0360 pf 04 -0.969  0.481  1.082 8
0360 pf 05 -1.450  0.801  1.657 8
0360 pf 06 -1.039 -1.382  1.729 2
0360 pf 07 -1.042  1.459  1.793 7
0360 pf 08 -2.016  2.126  2.930 7
0360 pf 09 -0.446  0.055  0.450 8
0360 pf 10 -1.708 -0.297  1.734 1
0384 em 00 -1.072  0.126  1.080 8
0384 cf 00 -0.423  0.368  0.561 8
0384 pf 01  0.012  0.432  0.432 6
0384 pf 02 -1.288 -0.405  1.351 1
0384 pf 03 -1.429 -1.039  1.766 1
0384 pf 04 -1.274  0.592  1.405 8
0384 pf 05 -1.445  0.465  1.518 8
0384 pf 06 -0.917 -1.485  1.745 2
0384 pf 07 -1.332  1.001  1.666 8
0384 pf 08 -2.288  1.989  3.032 8
0384 pf 09  0.067 -0.053  0.085 4
0384 pf 10 -1.546 -0.471  1.616 1
0408 em 00 -0.979  0.082  0.982 8
0408 cf 00 -0.411  0.238  0.475 8
0408 pf 01 -0.130  0.665  0.677 7
0408 pf 02 -1.062 -0.229  1.086 1
0408 pf 03 -1.113 -0.959  1.469 1
0408 pf 04 -0.795  0.527  0.954 8
0408 pf 05 -1.304  0.080  1.306 8
0408 pf 06 -0.665 -1.263  1.427 2
0408 pf 07 -1.479  0.941  1.754 8
0408 pf 08 -2.487  1.527  2.918 8
0408 pf 09  0.042 -0.090  0.099 3
0408 pf 10 -1.420 -0.545  1.521 1
0432 em 00 -0.824 -0.013  0.825 1
0432 cf 00 -0.462 -0.034  0.463 1
0432 pf 01 -0.221  0.549  0.592 7
0432 pf 02 -0.986 -0.031  0.987 1
0432 pf 03 -0.789 -0.969  1.250 2
0432 pf 04 -0.482  0.422  0.641 8
0432 pf 05 -0.990 -0.121  0.997 1
0432 pf 06 -0.174 -1.245  1.257 2
0432 pf 07 -1.353  0.892  1.621 8
0432 pf 08 -2.461  1.262  2.765 8
0432 pf 09  0.125 -0.212  0.246 3
0432 pf 10 -1.342 -0.690  1.509 1
0456 em 00 -0.744 -0.165  0.762 1
0456 cf 00 -0.524 -0.066  0.528 1
0456 pf 01 -0.095  0.354  0.367 7
0456 pf 02 -0.792 -0.059  0.795 1
0456 pf 03 -0.770 -0.990  1.254 2
0456 pf 04 -0.244  0.477  0.536 7
0456 pf 05 -0.648 -0.573  0.865 1
0456 pf 06  0.140 -1.294  1.301 3
0456 pf 07 -0.768  0.402  0.867 8
0456 pf 08 -2.666  0.908  2.817 8
0456 pf 09 -0.326 -0.234  0.401 1
0456 pf 10 -1.572 -0.788  1.758 1
0480 em 00 -0.603 -0.213  0.640 1
0480 cf 00 -0.330  0.082  0.340 8
0480 pf 01 -0.026  0.409  0.410 7
0480 pf 02 -0.356 -0.036  0.358 1
0480 pf 03 -0.887 -0.798  1.193 1
0480 pf 04 -0.107  0.440  0.453 7
0480 pf 05 -0.428 -0.677  0.801 2
0480 pf 06  0.343 -1.470  1.509 3
0480 pf 07 -0.428  0.002  0.428 8
0480 pf 08 -2.880  0.546  2.932 8
0480 pf 09 -0.400  0.044  0.403 8
0480 pf 10 -1.196 -0.968  1.539 1
0504 em 00 -0.491 -0.128  0.507 1
0504 cf 00 -0.356  0.467  0.587 7
0504 pf 01 -0.006  0.608  0.609 7
0504 pf 02 -0.252  0.229  0.340 8
0504 pf 03 -0.739 -0.720  1.032 1
0504 pf 04  0.024  0.344  0.345 6
0504 pf 05  0.172 -0.419  0.453 3
0504 pf 06  0.212 -1.228  1.246 3
0504 pf 07 -0.134 -0.080  0.156 1
0504 pf 08 -2.842  0.042  2.843 8
0504 pf 09 -0.575  0.160  0.597 8
0504 pf 10 -0.940 -0.932  1.323 1
0528 em 00 -0.466 -0.144  0.488 1
0528 cf 00 -0.735  0.462  0.868 8
0528 pf 01 -0.011  0.761  0.761 7
0528 pf 02 -0.087  0.301  0.314 7
0528 pf 03 -0.490 -0.785  0.925 2
0528 pf 04 -0.207  0.440  0.486 7
0528 pf 05  0.690 -0.285  0.746 4
0528 pf 06 -0.014 -1.046  1.046 2
0528 pf 07  0.072  0.031  0.078 5
0528 pf 08 -2.718 -0.341  2.739 1
0528 pf 09 -0.784 -0.032  0.785 1
0528 pf 10 -0.836 -1.234  1.491 2
0552 em 00 -0.515 -0.099  0.525 1
0552 cf 00 -1.051  0.448  1.143 8
0552 pf 01 -0.073  0.726  0.729 7
0552 pf 02  0.120  0.208  0.240 6
0552 pf 03 -0.421 -0.641  0.767 2
0552 pf 04 -0.742  0.444  0.865 8
0552 pf 05  1.151 -0.117  1.157 4
0552 pf 06 -0.270 -0.645  0.699 2
0552 pf 07  0.138  0.195  0.239 6
0552 pf 08 -2.431 -0.259  2.444 1
0552 pf 09 -0.799 -0.270  0.843 1
0552 pf 10 -1.245 -1.340  1.829 2
0576 em 00 -0.497 -0.077  0.503 1
0576 cf 00 -1.261  0.437  1.335 8
0576 pf 01 -0.196  0.767  0.791 7
0576 pf 02  0.441  0.342  0.558 5
0576 pf 03 -0.392 -0.648  0.757 2
0576 pf 04 -1.073  0.398  1.144 8
0576 pf 05  1.142 -0.198  1.159 4
0576 pf 06 -0.268 -0.517  0.583 2
0576 pf 07  0.413  0.345  0.538 5
0576 pf 08 -2.096 -0.302  2.118 1
0576 pf 09 -0.649 -0.201  0.679 1
0576 pf 10 -1.478 -1.450  2.070 1
0600 em 00 -0.504 -0.104  0.515 1
0600 cf 00 -1.297  0.410  1.360 8
0600 pf 01 -0.402  0.828  0.921 7
0600 pf 02  0.387  0.364  0.531 5
0600 pf 03 -0.129 -0.722  0.733 2
0600 pf 04 -1.262  0.039  1.263 8
0600 pf 05  0.619 -0.134  0.634 4
0600 pf 06 -0.448 -0.447  0.632 1
0600 pf 07  0.681  0.320  0.752 5
0600 pf 08 -1.617 -0.468  1.684 1
0600 pf 09 -0.452 -0.117  0.467 1
0600 pf 10 -1.540 -1.406  2.086 1
0624 em 00 -0.487 -0.100  0.497 1
0624 cf 00 -1.301  0.281  1.331 8
0624 pf 01 -0.720  0.489  0.870 8
0624 pf 02  0.436  0.541  0.695 6
0624 pf 03  0.131 -0.560  0.575 3
0624 pf 04 -1.582  0.161  1.590 8
0624 pf 05  0.424  0.299  0.519 5
0624 pf 06 -0.152 -0.560  0.580 2
0624 pf 07  0.709  0.571  0.910 5
0624 pf 08 -1.363 -0.710  1.536 1
0624 pf 09 -0.432 -0.213  0.482 1
0624 pf 10 -1.393 -1.571  2.100 2
0648 em 00 -0.421 -0.096  0.431 1
0648 cf 00 -1.448  0.031  1.448 8
0648 pf 01 -0.625  0.337  0.710 8
0648 pf 02  0.377  0.576  0.688 6
0648 pf 03  0.324 -0.456  0.559 3
0648 pf 04 -1.453  0.378  1.502 8
0648 pf 05  0.295  0.594  0.663 6
0648 pf 06  0.272 -0.449  0.524 3
0648 pf 07  0.775  0.576  0.966 5
0648 pf 08 -1.231 -0.896  1.522 1
0648 pf 09 -0.815 -0.289  0.865 1
0648 pf 10 -0.963 -1.630  1.893 2
0672 em 00 -0.433 -0.086  0.441 1
0672 cf 00 -1.403 -0.101  1.406 1
0672 pf 01 -0.346  0.539  0.640 7
0672 pf 02  0.379  0.847  0.928 6
0672 pf 03  0.320 -0.317  0.450 4
0672 pf 04 -1.410  0.359  1.455 8
0672 pf 05 -0.053  0.617  0.620 7
0672 pf 06  0.013 -0.538  0.538 3
0672 pf 07  0.656  0.765  1.008 6
0672 pf 08 -0.915 -1.188  1.499 2
0672 pf 09 -1.189 -0.211  1.207 1
0672 pf 10 -0.705 -1.891  2.018 2
0696 em 00 -0.562 -0.066  0.566 1
0696 cf 00 -1.409 -0.334  1.448 1
0696 pf 01 -0.411  0.449  0.608 7
0696 pf 02  0.031  1.004  1.005 6
0696 pf 03  0.169 -0.063  0.181 4
0696 pf 04 -1.465  0.479  1.542 8
0696 pf 05 -0.474  0.599  0.764 7
0696 pf 06 -0.318 -0.212  0.382 1
0696 pf 07  0.192  0.766  0.790 6
0696 pf 08 -0.493 -1.262  1.355 2
0696 pf 09 -1.532 -0.223  1.548 1
0696 pf 10 -0.365 -2.074  2.106 2
0720 em 00 -0.659 -0.098  0.666 1
0720 cf 00 -1.305 -0.475  1.389 1
0720 pf 01 -0.964  0.298  1.009 8
0720 pf 02  0.068  0.864  0.867 6
0720 pf 03 -0.050  0.152  0.160 7
0720 pf 04 -1.498  0.589  1.610 8
0720 pf 05 -0.832  0.507  0.975 8
0720 pf 06 -0.385 -0.182  0.426 1
0720 pf 07 -0.045  0.762  0.763 7
0720 pf 08 -0.652 -1.316  1.468 2
0720 pf 09 -1.600 -0.260  1.621 1
0720 pf 10  0.144 -2.146  2.150 3
0744 em 00 -0.629 -0.188  0.657 1
0744 cf 00 -0.821 -0.721  1.093 1
0744 pf 01 -1.150  0.032  1.151 8
0744 pf 02  0.140  0.783  0.796 6
0744 pf 03  0.126  0.321  0.345 6
0744 pf 04 -1.711  0.588  1.809 8
0744 pf 05 -0.947  0.240  0.977 8
0744 pf 06 -0.278 -0.247  0.372 1
0744 pf 07 -0.355  0.926  0.992 7
0744 pf 08 -0.726 -1.182  1.387 2
0744 pf 09 -1.609 -0.630  1.728 1
0744 pf 10  0.553 -2.286  2.352 3
0768 em 00 -0.586 -0.250  0.637 1
0768 cf 00 -0.479 -0.993  1.102 2
0768 pf 01 -1.233 -0.062  1.234 1
0768 pf 02 -0.004  0.751  0.751 7
0768 pf 03  0.150  0.599  0.617 6
0768 pf 04 -1.709  0.162  1.717 8
0768 pf 05 -0.914  0.115  0.921 8
0768 pf 06 -0.133 -0.133  0.188 2
0768 pf 07 -0.628  0.962  1.149 7
0768 pf 08 -0.695 -1.139  1.334 2
0768 pf 09 -1.514 -1.175  1.917 1
0768 pf 10  0.874 -1.921  2.111 3
0792 em 00 -0.670 -0.339  0.751 1
0792 cf 00 -0.560 -1.192  1.317 2
0792 pf 01 -1.282 -0.047  1.283 1
0792 pf 02 -0.198  0.686  0.714 7
0792 pf 03 -0.032  0.493  0.494 7
0792 pf 04 -1.977 -0.399  2.017 1
0792 pf 05 -1.292  0.219  1.311 8
0792 pf 06  0.083 -0.065  0.105 4
0792 pf 07 -0.868  0.510  1.007 8
0792 pf 08 -0.942 -1.097  1.446 2
0792 pf 09 -1.171 -1.501  1.904 2
0792 pf 10  1.052 -1.402  1.753 3
0816 em 00 -0.684 -0.427  0.806 1
0816 cf 00 -0.847 -1.259  1.518 2
0816 pf 01 -1.164  0.100  1.168 8
0816 pf 02 -0.118  0.702  0.712 7
0816 pf 03 -0.156  0.574  0.595 7
0816 pf 04 -1.789 -0.852  1.982 1
0816 pf 05 -1.427  0.085  1.430 8
0816 pf 06  0.143 -0.178  0.228 3
0816 pf 07 -1.176  0.113  1.182 8
0816 pf 08 -1.010 -1.129  1.515 2
0816 pf 09 -1.067 -1.868  2.151 2
0816 pf 10  1.290 -1.031  1.651 4
0840 em 00 -0.675 -0.534  0.861 1
0840 cf 00 -0.853 -1.452  1.684 2
0840 pf 01 -1.168  0.346  1.218 8
0840 pf 02 -0.318  0.384  0.498 7
0840 pf 03 -0.321  0.497  0.592 7
0840 pf 04 -1.549 -1.215  1.969 1
0840 pf 05 -1.672 -0.032  1.673 1
0840 pf 06  0.272 -0.244  0.366 4
0840 pf 07 -1.033 -0.236  1.059 1
0840 pf 08 -1.037 -1.236  1.614 2
0840 pf 09 -0.884 -2.036  2.220 2
0840 pf 10  1.346 -0.673  1.505 4
0864 em 00 -0.538 -0.703  0.885 2
0864 cf 00 -0.734 -1.466  1.639 2
0864 pf 01 -1.638  0.527  1.720 8
0864 pf 02 -0.361  0.151  0.391 8
0864 pf 03 -0.705  0.222  0.739 8
0864 pf 04 -1.074 -1.742  2.046 2
0864 pf 05 -1.213 -0.554  1.334 1
0864 pf 06  0.484 -0.264  0.551 4
0864 pf 07 -0.684 -0.483  0.837 1
0864 pf 08 -0.584 -1.447  1.561 2
0864 pf 09 -0.470 -2.510  2.554 2
0864 pf 10  1.253 -0.145  1.261 4
0888 em 00 -0.343 -0.828  0.896 2
0888 cf 00 -0.876 -1.290  1.559 2
0888 pf 01 -1.693  0.227  1.709 8
0888 pf 02 -0.135  0.258  0.291 7
0888 pf 03 -0.740  0.140  0.753 8
0888 pf 04 -0.798 -2.206  2.346 2
0888 pf 05 -0.540 -1.052  1.183 2
0888 pf 06  0.865 -0.454  0.977 4
0888 pf 07 -0.574 -0.691  0.899 2
0888 pf 08 -0.056 -1.454  1.455 2
0888 pf 09 -0.104 -2.927  2.929 2
0888 pf 10  1.027  0.391  1.099 5
0912 em 00 -0.207 -0.838  0.863 2
0912 cf 00 -0.941 -0.897  1.301 1
0912 pf 01 -1.466 -0.052  1.467 1
0912 pf 02  0.052  0.361  0.365 6
0912 pf 03 -0.550  0.247  0.603 8
0912 pf 04 -0.575 -2.201  2.275 2
0912 pf 05 -0.241 -1.352  1.374 2
0912 pf 06  1.012 -0.830  1.309 4
0912 pf 07 -0.446 -0.732  0.857 2
0912 pf 08  0.167 -1.285  1.296 3
0912 pf 09  0.236 -2.926  2.936 3
0912 pf 10  0.618  0.507  0.799 5
0936 em 00 -0.124 -0.827  0.836 2
0936 cf 00 -0.865 -0.692  1.107 1
0936 pf 01 -1.304 -0.228  1.324 1
0936 pf 02 -0.132  0.294  0.322 7
0936 pf 03 -0.318  0.265  0.414 8
0936 pf 04 -0.017 -2.154  2.154 2
0936 pf 05 -0.275 -1.587  1.611 2
0936 pf 06  1.054 -1.139  1.552 3
0936 pf 07 -0.302 -0.814  0.868 2
0936 pf 08  0.164 -1.018  1.031 3
0936 pf 09  0.667 -2.486  2.574 3
0936 pf 10  0.066  0.542  0.546 6
0960 em 00 -0.065 -0.840  0.842 2
0960 cf 00 -0.673 -0.785  1.034 2
0960 pf 01 -1.133 -0.357  1.188 1
0960 pf 02 -0.396  0.055  0.400 8
0960 pf 03 -0.281  0.286  0.401 7
0960 pf 04  0.394 -1.899  1.940 3
0960 pf 05 -0.337 -1.578  1.613 2
0960 pf 06  0.826 -1.089  1.366 3
0960 pf 07 -0.037 -1.132  1.133 2
0960 pf 08  0.251 -0.930  0.963 3
0960 pf 09  1.103 -2.188  2.450 3
0960 pf 10 -0.351  0.493  0.605 7
0984 em 00  0.001 -0.870  0.870 2
0984 cf 00 -0.820 -0.960  1.262 2
0984 pf 01 -0.711 -0.136  0.724 1
0984 pf 02 -0.660 -0.187  0.686 1
0984 pf 03 -0.309  0.351  0.467 7
0984 pf 04  0.698 -1.869  1.995 3
0984 pf 05  0.131 -1.505  1.511 3
0984 pf 06  0.812 -0.965  1.261 3
0984 pf 07  0.036 -1.274  1.275 3
0984 pf 08  0.326 -0.690  0.764 3
0984 pf 09  1.434 -2.274  2.688 3
0984 pf 10 -0.849  0.061  0.852 8
1008 em 00  0.132 -0.850  0.860 3
1008 cf 00 -0.709 -1.032  1.252 2
1008 pf 01 -0.024 -0.460  0.460 2
1008 pf 02 -0.799 -0.403  0.895 1
1008 pf 03 -0.310  0.231  0.386 8
1008 pf 04  1.133 -1.794  2.122 3
1008 pf 05  0.512 -1.388  1.479 3
1008 pf 06  0.808 -0.551  0.978 4
1008 pf 07  0.015 -1.175  1.175 3
1008 pf 08  0.337 -0.550  0.645 3
1008 pf 09  1.620 -1.953  2.538 3
1008 pf 10 -1.059 -0.128  1.067 1
1032 em 00  0.259 -0.738  0.782 3
1032 cf 00 -0.438 -1.104  1.188 2
1032 pf 01  0.619 -0.483  0.785 4
1032 pf 02 -0.969 -0.706  1.199 1
1032 pf 03 -0.126  0.081  0.149 8
1032 pf 04  1.315 -1.226  1.797 4
1032 pf 05  0.520 -1.202  1.310 3
1032 pf 06  1.127 -0.142  1.136 4
1032 pf 07 -0.207 -1.046  1.067 2
1032 pf 08  0.540 -0.409  0.677 4
1032 pf 09  1.679 -1.583  2.308 4
1032 pf 10 -1.155 -0.165  1.167 1
1056 em 00  0.344 -0.692  0.773 3
1056 cf 00 -0.284 -1.315  1.345 2
1056 pf 01  0.514 -0.631  0.814 3
1056 pf 02 -1.046 -1.123  1.535 2
1056 pf 03  0.105 -0.286  0.305 3
1056 pf 04  1.570 -0.937  1.829 4
1056 pf 05  0.420 -0.871  0.967 3
1056 pf 06  1.264  0.235  1.286 5
1056 pf 07 -0.171 -0.858  0.875 2
1056 pf 08  0.466 -0.109  0.478 4
1056 pf 09  2.241 -1.226  2.555 4
1056 pf 10 -1.267 -0.377  1.322 1
1080 em 00  0.464 -0.595  0.755 3
1080 cf 00 -0.265 -1.402  1.427 2
1080 pf 01  0.476 -0.560  0.735 3
1080 pf 02 -0.847 -1.198  1.467 2
1080 pf 03  0.300 -0.275  0.407 4
1080 pf 04  1.659 -0.562  1.752 4
1080 pf 05  0.554 -0.864  1.026 3
1080 pf 06  1.315  0.599  1.445 5
1080 pf 07 -0.119 -0.764  0.773 2
1080 pf 08  0.290  0.233  0.372 5
1080 pf 09  2.699 -0.678  2.783 4
1080 pf 10 -0.940 -0.985  1.361 2
1104 em 00  0.403 -0.505  0.646 3
1104 cf 00 -0.226 -1.499  1.516 2
1104 pf 01  0.665 -0.339  0.746 4
1104 pf 02 -0.889 -1.097  1.411 2
1104 pf 03  0.233 -0.332  0.405 3
1104 pf 04  1.380 -0.142  1.387 4
1104 pf 05  0.495 -0.766  0.912 3
1104 pf 06  0.764  0.725  1.054 5
1104 pf 07 -0.400 -0.661  0.773 2
1104 pf 08  0.569  0.402  0.696 5
1104 pf 09  2.747 -0.395  2.775 4
1104 pf 10 -0.867 -1.379  1.629 2
