ecmf prod rf 2004090200 20210902 11 046
0024 em 00 -1.157  0.447  1.240 8
0024 cf 00 -1.157  0.403  1.225 8
0024 pf 01 -1.177  0.465  1.266 8
0024 pf 02 -1.210  0.525  1.320 8
0024 pf 03 -1.056  0.594  1.212 8
0024 pf 04 -1.092  0.409  1.166 8
0024 pf 05 -1.085  0.410  1.160 8
0024 pf 06 -1.258  0.280  1.289 8
0024 pf 07 -1.261  0.346  1.307 8
0024 pf 08 -1.104  0.498  1.211 8
0024 pf 09 -1.002  0.203  1.022 8
0024 pf 10 -1.109  0.520  1.225 8
0048 em 00 -0.994  0.439  1.086 8
0048 cf 00 -0.944  0.316  0.996 8
0048 pf 01 -0.933  0.544  1.080 8
0048 pf 02 -1.186  0.467  1.275 8
0048 pf 03 -1.064  0.558  1.202 8
0048 pf 04 -1.012  0.221  1.036 8
0048 pf 05 -1.164  0.384  1.226 8
0048 pf 06 -0.969  0.237  0.997 8
0048 pf 07 -1.078  0.322  1.125 8
0048 pf 08 -0.773  0.659  1.015 8
0048 pf 09 -0.683  0.309  0.750 8
0048 pf 10 -0.906  0.536  1.053 8
0072 em 00 -0.768  0.203  0.794 8
0072 cf 00 -0.709  0.027  0.709 8
0072 pf 01 -0.793  0.435  0.904 8
0072 pf 02 -0.926  0.069  0.928 8
0072 pf 03 -0.953  0.282  0.994 8
0072 pf 04 -0.958 -0.015  0.958 1
0072 pf 05 -1.041  0.122  1.048 8
0072 pf 06 -0.563 -0.076  0.568 1
0072 pf 07 -0.899  0.124  0.908 8
0072 pf 08 -0.549  0.529  0.763 8
0072 pf 09 -0.304  0.104  0.321 8
0072 pf 10 -0.556  0.404  0.687 8
0096 em 00 -0.790 -0.040  0.791 1
0096 cf 00 -0.761 -0.221  0.793 1
0096 pf 01 -1.030  0.069  1.032 8
0096 pf 02 -0.964  0.085  0.967 8
0096 pf 03 -1.104  0.150  1.114 8
0096 pf 04 -0.993 -0.194  1.012 1
0096 pf 05 -0.974 -0.102  0.980 1
0096 pf 06 -0.486 -0.211  0.530 1
0096 pf 07 -0.873 -0.376  0.950 1
0096 pf 08 -0.640  0.323  0.717 8
0096 pf 09 -0.280 -0.193  0.340 1
0096 pf 10 -0.355  0.065  0.361 8
0120 em 00 -0.660 -0.082  0.665 1
0120 cf 00 -0.607 -0.287  0.672 1
0120 pf 01 -1.033  0.118  1.039 8
0120 pf 02 -0.819 -0.033  0.819 1
0120 pf 03 -1.086  0.101  1.091 8
0120 pf 04 -0.921 -0.205  0.944 1
0120 pf 05 -0.738 -0.126  0.748 1
0120 pf 06 -0.363 -0.345  0.501 1
0120 pf 07 -0.687 -0.317  0.757 1
0120 pf 08 -0.580  0.221  0.621 8
0120 pf 09 -0.069 -0.156  0.171 2
0120 pf 10 -0.118  0.016  0.119 8
0144 em 00 -0.445 -0.103  0.457 1
0144 cf 00 -0.324 -0.258  0.414 1
0144 pf 01 -0.670  0.256  0.717 8
0144 pf 02 -0.541 -0.049  0.544 1
0144 pf 03 -1.072  0.114  1.078 8
0144 pf 04 -0.755 -0.179  0.776 1
0144 pf 05 -0.692 -0.212  0.723 1
0144 pf 06 -0.117 -0.346  0.365 2
0144 pf 07 -0.571 -0.434  0.717 1
0144 pf 08 -0.058  0.113  0.127 7
0144 pf 09  0.030 -0.110  0.114 3
0144 pf 10  0.093 -0.135  0.164 3
0168 em 00 -0.429 -0.305  0.526 1
0168 cf 00 -0.320 -0.554  0.640 2
0168 pf 01 -0.738 -0.169  0.757 1
0168 pf 02 -0.554 -0.220  0.597 1
0168 pf 03 -1.154 -0.357  1.208 1
0168 pf 04 -0.647 -0.444  0.784 1
0168 pf 05 -0.632 -0.257  0.682 1
0168 pf 06 -0.123 -0.588  0.601 2
0168 pf 07 -0.837 -0.429  0.941 1
0168 pf 08  0.183 -0.138  0.229 4
0168 pf 09 -0.022  0.019  0.029 8
0168 pf 10  0.328 -0.290  0.437 4
0192 em 00 -0.513 -0.520  0.730 2
0192 cf 00 -0.279 -0.720  0.772 2
0192 pf 01 -0.785 -0.487  0.924 1
0192 pf 02 -0.432 -0.340  0.550 1
0192 pf 03 -1.455 -0.650  1.593 1
0192 pf 04 -1.145 -0.480  1.242 1
0192 pf 05 -0.574 -0.514  0.771 1
0192 pf 06 -0.379 -0.825  0.908 2
0192 pf 07 -0.930 -0.637  1.127 1
0192 pf 08  0.252 -0.371  0.448 3
0192 pf 09 -0.067 -0.291  0.298 2
0192 pf 10  0.367 -0.424  0.561 3
0216 em 00 -0.654 -0.618  0.900 1
0216 cf 00 -0.361 -0.886  0.957 2
0216 pf 01 -1.177 -0.428  1.253 1
0216 pf 02 -0.187 -0.530  0.562 2
0216 pf 03 -1.658 -0.671  1.788 1
0216 pf 04 -1.321 -0.598  1.450 1
0216 pf 05 -0.991 -0.634  1.176 1
0216 pf 06 -0.361 -0.866  0.938 2
0216 pf 07 -1.144 -0.960  1.494 1
0216 pf 08  0.342 -0.532  0.632 3
0216 pf 09 -0.338 -0.280  0.439 1
0216 pf 10  0.235 -0.425  0.486 3
0240 em 00 -0.726 -0.596  0.939 1
0240 cf 00 -0.551 -0.932  1.083 2
0240 pf 01 -1.229 -0.667  1.398 1
0240 pf 02  0.036 -0.326  0.328 3
0240 pf 03 -1.822 -0.608  1.921 1
0240 pf 04 -1.415 -0.448  1.485 1
0240 pf 05 -1.060 -0.576  1.207 1
0240 pf 06 -0.524 -0.885  1.029 2
0240 pf 07 -1.119 -0.958  1.472 1
0240 pf 08  0.263 -0.570  0.627 3
0240 pf 09 -0.577 -0.228  0.621 1
0240 pf 10  0.274 -0.375  0.464 3
0264 em 00 -0.786 -0.535  0.951 1
0264 cf 00 -0.639 -0.906  1.109 2
0264 pf 01 -1.245 -0.743  1.450 1
0264 pf 02  0.235 -0.146  0.277 4
0264 pf 03 -1.986 -0.721  2.113 1
0264 pf 04 -1.676 -0.362  1.715 1
0264 pf 05 -1.209 -0.433  1.284 1
0264 pf 06 -0.628 -0.870  1.073 2
0264 pf 07 -1.118 -0.896  1.433 1
0264 pf 08  0.167 -0.480  0.508 3
0264 pf 09 -0.775 -0.189  0.797 1
0264 pf 10  0.450 -0.124  0.467 4
0288 em 00 -0.764 -0.357  0.843 1
0288 cf 00 -0.720 -0.742  1.034 2
0288 pf 01 -1.345 -0.697  1.515 1
0288 pf 02  0.320  0.207  0.382 5
0288 pf 03 -2.128 -0.825  2.283 1
0288 pf 04 -1.443 -0.222  1.460 1
0288 pf 05 -0.870 -0.195  0.891 1
0288 pf 06 -0.362 -0.966  1.032 2
0288 pf 07 -1.019 -0.603  1.184 1
0288 pf 08 -0.163 -0.240  0.290 2
0288 pf 09 -1.057  0.042  1.058 8
0288 pf 10  0.552  0.332  0.644 5
0312 em 00 -0.849 -0.357  0.921 1
0312 cf 00 -0.856 -0.634  1.065 1
0312 pf 01 -1.137 -0.612  1.291 1
0312 pf 02  0.393  0.163  0.426 5
0312 pf 03 -2.409 -0.729  2.517 1
0312 pf 04 -1.696 -0.653  1.817 1
0312 pf 05 -0.930 -0.152  0.942 1
0312 pf 06 -0.153 -1.040  1.051 2
0312 pf 07 -1.273 -0.726  1.465 1
0312 pf 08 -0.159 -0.247  0.294 2
0312 pf 09 -1.470  0.114  1.474 8
0312 pf 10  0.519  0.589  0.785 6
0336 em 00 -0.964 -0.333  1.020 1
0336 cf 00 -1.008 -0.571  1.158 1
0336 pf 01 -0.987 -0.653  1.183 1
0336 pf 02  0.413  0.435  0.600 6
0336 pf 03 -2.407 -0.692  2.504 1
0336 pf 04 -2.024 -0.743  2.157 1
0336 pf 05 -1.328 -0.278  1.357 1
0336 pf 06 -0.131 -0.931  0.940 2
0336 pf 07 -1.362 -0.884  1.624 1
0336 pf 08 -0.279 -0.229  0.362 1
0336 pf 09 -1.637 -0.004  1.637 1
0336 pf 10  0.302  0.880  0.930 6
0360 em 00 -1.025 -0.369  1.089 1
0360 cf 00 -0.942 -0.585  1.109 1
0360 pf 01 -0.958 -0.644  1.154 1
0360 pf 02  0.247  0.824  0.860 6
0360 pf 03 -2.311 -0.885  2.475 1
0360 pf 04 -2.097 -0.875  2.272 1
0360 pf 05 -1.592 -0.297  1.620 1
0360 pf 06  0.169 -0.832  0.849 3
0360 pf 07 -1.213 -1.340  1.808 2
0360 pf 08 -0.469 -0.401  0.617 1
0360 pf 09 -1.667 -0.020  1.667 1
0360 pf 10 -0.307  0.974  1.022 7
0384 em 00 -1.007 -0.380  1.076 1
0384 cf 00 -1.008 -0.655  1.202 1
0384 pf 01 -1.018 -0.736  1.256 1
0384 pf 02  0.123  1.150  1.156 6
0384 pf 03 -2.385 -0.985  2.580 1
0384 pf 04 -1.838 -0.949  2.068 1
0384 pf 05 -1.778 -0.764  1.935 1
0384 pf 06  0.457 -0.703  0.838 3
0384 pf 07 -1.191 -1.512  1.925 2
0384 pf 08 -0.346 -0.309  0.463 1
0384 pf 09 -1.557  0.099  1.560 8
0384 pf 10 -0.402  1.150  1.219 7
0408 em 00 -0.927 -0.428  1.021 1
0408 cf 00 -0.892 -0.693  1.130 1
0408 pf 01 -1.012 -0.936  1.379 1
0408 pf 02 -0.045  0.953  0.954 7
0408 pf 03 -2.322 -1.022  2.537 1
0408 pf 04 -1.506 -0.807  1.708 1
0408 pf 05 -1.464 -0.909  1.723 1
0408 pf 06  0.712 -0.585  0.922 4
0408 pf 07 -1.000 -1.734  2.002 2
0408 pf 08 -0.224 -0.222  0.316 1
0408 pf 09 -1.727  0.021  1.727 8
0408 pf 10 -0.578  1.191  1.324 7
0432 em 00 -0.907 -0.452  1.014 1
0432 cf 00 -0.821 -0.533  0.979 1
0432 pf 01 -1.096 -0.877  1.404 1
0432 pf 02 -0.411  0.805  0.904 7
0432 pf 03 -2.050 -1.030  2.295 1
0432 pf 04 -1.427 -0.961  1.721 1
0432 pf 05 -1.882 -1.050  2.155 1
0432 pf 06  0.714 -0.583  0.922 4
0432 pf 07 -0.838 -1.587  1.795 2
0432 pf 08  0.243 -0.230  0.334 4
0432 pf 09 -1.638  0.067  1.640 8
0432 pf 10 -0.622  0.979  1.159 7
0456 em 00 -0.867 -0.428  0.967 1
0456 cf 00 -0.636 -0.455  0.782 1
0456 pf 01 -1.110 -0.875  1.414 1
0456 pf 02 -0.394  0.895  0.978 7
0456 pf 03 -1.948 -1.161  2.268 1
0456 pf 04 -1.258 -0.985  1.598 1
0456 pf 05 -1.765 -1.006  2.032 1
0456 pf 06  0.561 -0.513  0.760 4
0456 pf 07 -1.024 -1.420  1.751 2
0456 pf 08  0.305 -0.205  0.368 4
0456 pf 09 -1.501  0.121  1.506 8
0456 pf 10 -0.615  0.827  1.030 7
0480 em 00 -0.784 -0.451  0.904 1
0480 cf 00 -0.489 -0.335  0.592 1
0480 pf 01 -0.904 -0.940  1.304 2
0480 pf 02 -0.438  1.073  1.159 7
0480 pf 03 -1.929 -1.604  2.509 1
0480 pf 04 -1.351 -1.338  1.901 1
0480 pf 05 -1.481 -0.858  1.712 1
0480 pf 06  0.411 -0.491  0.640 3
0480 pf 07 -0.908 -1.288  1.575 2
0480 pf 08  0.470  0.078  0.477 5
0480 pf 09 -1.240 -0.106  1.245 1
0480 pf 10 -0.607  0.787  0.993 7
0504 em 00 -0.677 -0.524  0.856 1
0504 cf 00 -0.430 -0.376  0.571 1
0504 pf 01 -0.722 -1.291  1.479 2
0504 pf 02 -0.364  1.337  1.386 7
0504 pf 03 -1.658 -1.836  2.473 2
0504 pf 04 -1.396 -1.551  2.087 2
0504 pf 05 -1.034 -0.867  1.349 1
0504 pf 06  0.398 -0.059  0.403 4
0504 pf 07 -0.751 -1.316  1.515 2
0504 pf 08  0.520  0.146  0.540 5
0504 pf 09 -1.137 -0.438  1.218 1
0504 pf 10 -0.743  0.435  0.861 8
0528 em 00 -0.617 -0.530  0.813 1
0528 cf 00 -0.599 -0.483  0.770 1
0528 pf 01 -0.493 -1.705  1.775 2
0528 pf 02 -0.297  1.199  1.235 7
0528 pf 03 -1.691 -1.765  2.445 2
0528 pf 04 -1.460 -1.603  2.168 2
0528 pf 05 -0.718 -0.827  1.095 2
0528 pf 06  0.468  0.071  0.473 5
0528 pf 07 -0.843 -1.201  1.467 2
0528 pf 08  0.528  0.468  0.706 5
0528 pf 09 -0.920 -0.331  0.978 1
0528 pf 10 -0.666  0.299  0.730 8
0552 em 00 -0.534 -0.497  0.729 1
0552 cf 00 -0.733 -0.623  0.962 1
0552 pf 01 -0.519 -1.709  1.786 2
0552 pf 02 -0.150  1.006  1.017 7
0552 pf 03 -1.461 -1.521  2.109 2
0552 pf 04 -1.428 -1.429  2.020 2
0552 pf 05 -0.496 -1.015  1.130 2
0552 pf 06  0.751  0.260  0.795 5
0552 pf 07 -0.835 -1.405  1.634 2
0552 pf 08  0.514  0.576  0.772 6
0552 pf 09 -0.830 -0.116  0.838 1
0552 pf 10 -0.640  0.439  0.776 8
0576 em 00 -0.466 -0.474  0.665 2
0576 cf 00 -0.769 -0.662  1.015 1
0576 pf 01 -0.442 -1.441  1.507 2
0576 pf 02 -0.343  0.973  1.032 7
0576 pf 03 -1.129 -1.465  1.849 2
0576 pf 04 -1.409 -1.429  2.007 2
0576 pf 05 -0.253 -1.028  1.058 2
0576 pf 06  0.762  0.296  0.817 5
0576 pf 07 -0.655 -1.579  1.709 2
0576 pf 08  0.395  0.787  0.881 6
0576 pf 09 -0.777 -0.255  0.818 1
0576 pf 10 -0.477  0.490  0.684 7
0600 em 00 -0.422 -0.485  0.643 2
0600 cf 00 -0.727 -0.725  1.027 1
0600 pf 01 -0.185 -1.317  1.330 2
0600 pf 02 -0.513  0.830  0.976 7
0600 pf 03 -0.876 -1.365  1.622 2
0600 pf 04 -1.127 -1.795  2.119 2
0600 pf 05 -0.149 -0.613  0.631 2
0600 pf 06  0.630  0.566  0.847 5
0600 pf 07 -0.462 -1.558  1.625 2
0600 pf 08  0.145  0.763  0.777 6
0600 pf 09 -0.955 -0.426  1.046 1
0600 pf 10 -0.388  0.192  0.433 8
0624 em 00 -0.437 -0.503  0.666 2
0624 cf 00 -0.703 -0.931  1.167 2
0624 pf 01 -0.160 -1.255  1.265 2
0624 pf 02 -0.539  0.653  0.847 7
0624 pf 03 -0.409 -1.321  1.383 2
0624 pf 04 -0.930 -1.808  2.033 2
0624 pf 05 -0.288 -0.494  0.572 2
0624 pf 06  0.400  0.728  0.830 6
0624 pf 07 -0.596 -1.536  1.648 2
0624 pf 08  0.152  0.832  0.845 6
0624 pf 09 -1.202 -0.436  1.279 1
0624 pf 10 -0.451 -0.062  0.455 1
0648 em 00 -0.423 -0.543  0.688 2
0648 cf 00 -0.603 -1.000  1.168 2
0648 pf 01 -0.250 -1.155  1.181 2
0648 pf 02 -0.462  0.411  0.618 8
0648 pf 03 -0.205 -1.296  1.312 2
0648 pf 04 -0.818 -1.745  1.927 2
0648 pf 05 -0.332 -0.557  0.649 2
0648 pf 06  0.316  0.896  0.950 6
0648 pf 07 -0.102 -1.469  1.472 2
0648 pf 08 -0.144  0.665  0.680 7
0648 pf 09 -1.541 -0.551  1.637 1
0648 pf 10 -0.407 -0.260  0.483 1
0672 em 00 -0.443 -0.531  0.692 2
0672 cf 00 -0.697 -1.104  1.305 2
0672 pf 01 -0.344 -1.065  1.119 2
0672 pf 02 -0.544  0.202  0.581 8
0672 pf 03 -0.013 -0.942  0.942 2
0672 pf 04 -0.684 -1.720  1.851 2
0672 pf 05 -0.396 -0.543  0.672 2
0672 pf 06 -0.076  0.777  0.781 7
0672 pf 07  0.175 -1.365  1.376 3
0672 pf 08 -0.351  0.652  0.740 7
0672 pf 09 -1.576 -0.449  1.639 1
0672 pf 10 -0.229 -0.348  0.417 2
0696 em 00 -0.381 -0.531  0.653 2
0696 cf 00 -0.826 -1.213  1.467 2
0696 pf 01 -0.171 -0.928  0.944 2
0696 pf 02 -0.752 -0.059  0.754 1
0696 pf 03  0.182 -0.728  0.750 3
0696 pf 04 -0.171 -1.660  1.668 2
0696 pf 05 -0.157 -0.412  0.441 2
0696 pf 06 -0.380  0.587  0.699 7
0696 pf 07  0.463 -1.311  1.390 3
0696 pf 08 -0.589  0.608  0.846 7
0696 pf 09 -1.434 -0.323  1.470 1
0696 pf 10 -0.217 -0.440  0.491 2
0720 em 00 -0.291 -0.592  0.660 2
0720 cf 00 -0.779 -1.067  1.321 2
0720 pf 01  0.045 -0.891  0.892 3
0720 pf 02 -0.693 -0.232  0.731 1
0720 pf 03  0.155 -0.510  0.533 3
0720 pf 04  0.323 -1.868  1.895 3
0720 pf 05  0.050 -0.368  0.371 3
0720 pf 06 -0.666  0.136  0.680 8
0720 pf 07  0.473 -1.300  1.384 3
0720 pf 08 -0.629  0.651  0.905 7
0720 pf 09 -1.242 -0.476  1.330 1
0720 pf 10 -0.107 -0.599  0.609 2
0744 em 00 -0.094 -0.628  0.635 2
0744 cf 00 -0.548 -0.949  1.096 2
0744 pf 01  0.084 -0.760  0.764 3
0744 pf 02 -0.527 -0.249  0.583 1
0744 pf 03  0.353 -0.393  0.529 3
0744 pf 04  0.842 -1.992  2.163 3
0744 pf 05  0.247 -0.314  0.399 3
0744 pf 06 -0.875 -0.263  0.914 1
0744 pf 07  0.767 -1.166  1.396 3
0744 pf 08 -0.566  0.546  0.787 8
0744 pf 09 -0.784 -0.764  1.094 1
0744 pf 10  0.084 -0.598  0.604 3
0768 em 00  0.051 -0.668  0.670 3
0768 cf 00 -0.149 -0.818  0.831 2
0768 pf 01  0.012 -0.762  0.762 3
0768 pf 02 -0.513 -0.165  0.539 1
0768 pf 03  0.280 -0.425  0.509 3
0768 pf 04  1.219 -1.879  2.240 3
0768 pf 05  0.427 -0.149  0.452 4
0768 pf 06 -0.776 -0.802  1.116 2
0768 pf 07  1.099 -0.790  1.354 4
0768 pf 08 -0.754  0.222  0.786 8
0768 pf 09 -0.368 -1.107  1.167 2
0768 pf 10  0.184 -0.657  0.683 3
0792 em 00  0.137 -0.610  0.626 3
0792 cf 00  0.207 -0.788  0.815 3
0792 pf 01 -0.235 -0.579  0.625 2
0792 pf 02 -0.749 -0.074  0.753 1
0792 pf 03  0.097 -0.245  0.264 3
0792 pf 04  1.453 -1.441  2.047 4
0792 pf 05  0.427  0.086  0.435 5
0792 pf 06 -0.288 -0.828  0.877 2
0792 pf 07  1.634 -0.506  1.711 4
0792 pf 08 -1.079 -0.124  1.086 1
0792 pf 09 -0.153 -1.230  1.239 2
0792 pf 10  0.245 -0.972  1.002 3
0816 em 00  0.144 -0.552  0.570 3
0816 cf 00  0.392 -0.951  1.029 3
0816 pf 01 -0.624 -0.196  0.654 1
0816 pf 02 -1.234 -0.251  1.259 1
0816 pf 03 -0.114 -0.206  0.235 2
0816 pf 04  1.508 -1.106  1.871 4
0816 pf 05  0.474  0.112  0.487 5
0816 pf 06  0.194 -0.916  0.936 3
0816 pf 07  1.482 -0.122  1.487 4
0816 pf 08 -1.220 -0.372  1.276 1
0816 pf 09  0.101 -1.036  1.041 3
0816 pf 10  0.682 -1.011  1.219 3
0840 em 00  0.136 -0.484  0.503 3
0840 cf 00  0.293 -0.961  1.005 3
0840 pf 01 -0.805  0.178  0.824 8
0840 pf 02 -1.269 -0.213  1.287 1
0840 pf 03 -0.286 -0.075  0.296 1
0840 pf 04  1.590 -1.000  1.878 4
0840 pf 05  0.557 -0.137  0.573 4
0840 pf 06  0.394 -0.910  0.992 3
0840 pf 07  1.153  0.060  1.155 5
0840 pf 08 -1.300 -0.294  1.332 1
0840 pf 09  0.217 -0.942  0.967 3
0840 pf 10  1.002 -1.015  1.426 3
0864 em 00  0.063 -0.465  0.469 3
0864 cf 00  0.262 -0.855  0.894 3
0864 pf 01 -0.959 -0.083  0.962 1
0864 pf 02 -1.019 -0.034  1.019 1
0864 pf 03 -0.518 -0.080  0.524 1
0864 pf 04  1.274 -0.775  1.491 4
0864 pf 05  0.309 -0.527  0.611 3
0864 pf 06  0.481 -0.686  0.838 3
0864 pf 07  0.767  0.163  0.784 5
0864 pf 08 -1.135 -0.268  1.167 1
0864 pf 09  0.043 -0.961  0.962 3
0864 pf 10  1.242 -0.996  1.592 4
0888 em 00  0.052 -0.420  0.423 3
0888 cf 00  0.290 -0.787  0.839 3
0888 pf 01 -1.224 -0.013  1.224 1
0888 pf 02 -0.798 -0.126  0.807 1
0888 pf 03 -0.975 -0.316  1.025 1
0888 pf 04  1.290 -0.253  1.314 4
0888 pf 05 -0.011 -1.038  1.038 2
0888 pf 06  0.761 -0.451  0.884 4
0888 pf 07  0.690  0.391  0.793 5
0888 pf 08 -0.859 -0.401  0.948 1
0888 pf 09  0.250 -0.743  0.784 3
0888 pf 10  1.208 -0.882  1.496 4
0912 em 00  0.060 -0.397  0.401 3
0912 cf 00  0.177 -0.739  0.760 3
0912 pf 01 -1.366  0.158  1.375 8
0912 pf 02 -0.687 -0.206  0.717 1
0912 pf 03 -1.300 -0.478  1.385 1
0912 pf 04  1.245 -0.074  1.247 4
0912 pf 05  0.109 -1.075  1.081 3
0912 pf 06  1.039 -0.795  1.308 4
0912 pf 07  0.804  0.645  1.031 5
0912 pf 08 -0.493 -0.512  0.711 2
0912 pf 09  0.277 -0.595  0.656 3
0912 pf 10  0.947 -0.684  1.168 4
0936 em 00  0.035 -0.457  0.458 3
0936 cf 00  0.250 -0.771  0.811 3
0936 pf 01 -1.563  0.228  1.579 8
0936 pf 02 -0.681 -0.371  0.776 1
0936 pf 03 -0.973 -0.531  1.108 1
0936 pf 04  1.045 -0.122  1.052 4
0936 pf 05  0.362 -0.958  1.024 3
0936 pf 06  0.938 -1.021  1.387 3
0936 pf 07  0.600  0.537  0.806 5
0936 pf 08 -0.356 -0.836  0.909 2
0936 pf 09  0.060 -0.673  0.676 3
0936 pf 10  0.800 -0.506  0.946 4
0960 em 00  0.021 -0.399  0.400 3
0960 cf 00  0.389 -0.827  0.913 3
0960 pf 01 -1.517  0.110  1.521 8
0960 pf 02 -0.511 -0.536  0.741 2
0960 pf 03 -0.753 -0.334  0.824 1
0960 pf 04  0.762  0.035  0.763 5
0960 pf 05  0.590 -0.904  1.079 3
0960 pf 06  0.649 -1.188  1.354 3
0960 pf 07  0.336  0.631  0.715 6
0960 pf 08 -0.455 -0.479  0.661 2
0960 pf 09 -0.045 -0.656  0.658 2
0960 pf 10  0.884 -0.262  0.922 4
0984 em 00 -0.028 -0.378  0.379 2
0984 cf 00  0.620 -0.961  1.144 3
0984 pf 01 -1.407 -0.143  1.414 1
0984 pf 02 -0.595 -0.782  0.982 2
0984 pf 03 -0.397 -0.626  0.741 2
0984 pf 04  0.492  0.269  0.560 5
0984 pf 05  0.659 -0.821  1.053 3
0984 pf 06  0.484 -1.239  1.330 3
0984 pf 07  0.006  0.734  0.734 6
0984 pf 08 -0.536 -0.269  0.599 1
0984 pf 09 -0.283 -0.485  0.562 2
0984 pf 10  0.762  0.163  0.779 5
1008 em 00 -0.001 -0.389  0.389 2
1008 cf 00  0.577 -0.930  1.095 3
1008 pf 01 -1.160 -0.413  1.231 1
1008 pf 02 -0.378 -0.789  0.875 2
1008 pf 03  0.070 -1.139  1.141 3
1008 pf 04  0.604  0.438  0.746 5
1008 pf 05  0.296 -0.936  0.982 3
1008 pf 06  0.626 -1.272  1.417 3
1008 pf 07 -0.139  1.028  1.037 7
1008 pf 08 -0.457 -0.076  0.464 1
1008 pf 09 -0.278 -0.615  0.675 2
1008 pf 10  0.362  0.430  0.562 6
1032 em 00  0.049 -0.356  0.359 3
1032 cf 00  0.668 -0.568  0.877 4
1032 pf 01 -0.920 -0.572  1.083 1
1032 pf 02 -0.279 -0.769  0.818 2
1032 pf 03  0.218 -1.194  1.214 3
1032 pf 04  0.543  0.487  0.730 5
1032 pf 05  0.224 -1.191  1.212 3
1032 pf 06  0.705 -1.157  1.355 3
1032 pf 07 -0.369  1.018  1.082 7
1032 pf 08 -0.213  0.074  0.226 8
1032 pf 09 -0.170 -0.762  0.781 2
1032 pf 10  0.258  0.754  0.797 6
1056 em 00  0.113 -0.357  0.374 3
1056 cf 00  0.700 -0.338  0.778 4
1056 pf 01 -0.870 -0.645  1.083 1
1056 pf 02 -0.388 -0.815  0.902 2
1056 pf 03  0.344 -1.001  1.059 3
1056 pf 04  0.361  0.430  0.561 6
1056 pf 05  0.653 -1.361  1.510 3
1056 pf 06  0.940 -0.995  1.369 3
1056 pf 07 -0.494  0.410  0.642 8
1056 pf 08 -0.076  0.074  0.106 8
1056 pf 09  0.037 -0.688  0.689 3
1056 pf 10  0.132  1.068  1.076 6
1080 em 00  0.147 -0.236  0.278 3
1080 cf 00  0.846 -0.108  0.853 4
1080 pf 01 -0.771 -0.729  1.061 1
1080 pf 02 -0.665 -0.513  0.840 1
1080 pf 03  0.482 -0.887  1.010 3
1080 pf 04  0.333  0.597  0.684 6
1080 pf 05  0.841 -1.326  1.570 3
1080 pf 06  1.407 -0.598  1.529 4
1080 pf 07 -0.682  0.015  0.682 8
1080 pf 08 -0.144  0.132  0.195 8
1080 pf 09  0.270 -0.266  0.379 4
1080 pf 10 -0.215  1.151  1.171 7
1104 em 00  0.224 -0.161  0.276 4
1104 cf 00  0.879  0.121  0.887 5
1104 pf 01 -0.690 -1.044  1.251 2
1104 pf 02 -0.545 -0.583  0.798 2
1104 pf 03  0.518 -0.799  0.952 3
1104 pf 04  0.438  0.571  0.720 6
1104 pf 05  0.826 -1.067  1.349 3
1104 pf 06  1.493  0.080  1.495 5
1104 pf 07 -0.578 -0.030  0.579 1
1104 pf 08  0.031  0.108  0.112 6
1104 pf 09  0.412 -0.081  0.420 4
1104 pf 10 -0.228  1.058  1.083 7
