ecmf prod rf 2018090200 20210902 11 046
0024 em 00  0.022  0.608  0.608 6
0024 cf 00 -0.005  0.547  0.547 7
0024 pf 01  0.107  0.489  0.500 6
0024 pf 02 -0.057  0.447  0.451 7
0024 pf 03  0.042  0.599  0.601 6
0024 pf 04 -0.090  0.650  0.656 7
0024 pf 05  0.008  0.741  0.741 6
0024 pf 06  0.152  0.628  0.646 6
0024 pf 07 -0.011  0.754  0.754 7
0024 pf 08  0.143  0.644  0.660 6
0024 pf 09  0.008  0.552  0.552 6
0024 pf 10 -0.091  0.632  0.639 7
0048 em 00 -0.491  0.527  0.720 7
0048 cf 00 -0.510  0.373  0.632 8
0048 pf 01 -0.272  0.361  0.452 7
0048 pf 02 -0.755  0.199  0.781 8
0048 pf 03 -0.411  0.399  0.573 8
0048 pf 04 -0.603  0.730  0.947 7
0048 pf 05 -0.473  0.786  0.917 7
0048 pf 06 -0.222  0.656  0.692 7
0048 pf 07 -0.608  0.590  0.847 8
0048 pf 08 -0.365  0.689  0.780 7
0048 pf 09 -0.711  0.456  0.845 8
0048 pf 10 -0.509  0.551  0.751 7
0072 em 00 -0.789  0.760  1.095 8
0072 cf 00 -0.765  0.574  0.956 8
0072 pf 01 -0.310  0.730  0.793 7
0072 pf 02 -0.996  0.278  1.034 8
0072 pf 03 -0.794  0.513  0.945 8
0072 pf 04 -1.043  0.898  1.376 8
0072 pf 05 -0.858  1.167  1.448 7
0072 pf 06 -0.557  1.060  1.198 7
0072 pf 07 -0.966  0.687  1.186 8
0072 pf 08 -0.636  0.894  1.097 7
0072 pf 09 -1.102  0.758  1.337 8
0072 pf 10 -0.710  0.763  1.043 7
0096 em 00 -0.887  0.796  1.192 8
0096 cf 00 -0.877  0.604  1.065 8
0096 pf 01 -0.327  0.923  0.979 7
0096 pf 02 -0.979  0.252  1.011 8
0096 pf 03 -1.076  0.561  1.213 8
0096 pf 04 -1.327  0.901  1.604 8
0096 pf 05 -0.733  1.461  1.634 7
0096 pf 06 -0.542  1.156  1.277 7
0096 pf 07 -0.990  0.342  1.047 8
0096 pf 08 -0.826  0.859  1.191 7
0096 pf 09 -1.396  0.753  1.586 8
0096 pf 10 -0.742  0.888  1.157 7
0120 em 00 -1.007  0.675  1.213 8
0120 cf 00 -0.992  0.466  1.096 8
0120 pf 01 -0.248  0.789  0.827 7
0120 pf 02 -1.059  0.086  1.062 8
0120 pf 03 -1.510  0.431  1.571 8
0120 pf 04 -1.447  0.575  1.557 8
0120 pf 05 -0.835  1.522  1.736 7
0120 pf 06 -0.604  1.188  1.332 7
0120 pf 07 -0.909  0.187  0.928 8
0120 pf 08 -1.102  0.661  1.285 8
0120 pf 09 -1.587  0.620  1.704 8
0120 pf 10 -0.853  0.820  1.183 8
0144 em 00 -1.060  0.438  1.147 8
0144 cf 00 -0.956  0.195  0.976 8
0144 pf 01 -0.123  0.791  0.801 7
0144 pf 02 -1.029 -0.355  1.088 1
0144 pf 03 -1.751  0.055  1.752 8
0144 pf 04 -1.486  0.104  1.490 8
0144 pf 05 -1.101  1.476  1.841 7
0144 pf 06 -0.541  0.974  1.114 7
0144 pf 07 -0.927 -0.011  0.927 1
0144 pf 08 -1.457  0.478  1.534 8
0144 pf 09 -1.632  0.338  1.667 8
0144 pf 10 -0.737  0.661  0.990 8
0168 em 00 -1.194  0.196  1.210 8
0168 cf 00 -1.107 -0.036  1.107 1
0168 pf 01 -0.036  0.791  0.792 7
0168 pf 02 -0.867 -0.538  1.020 1
0168 pf 03 -2.116 -0.215  2.127 1
0168 pf 04 -1.681 -0.175  1.691 1
0168 pf 05 -1.567  1.169  1.955 8
0168 pf 06 -0.875  0.605  1.064 8
0168 pf 07 -0.796 -0.263  0.838 1
0168 pf 08 -1.785  0.339  1.817 8
0168 pf 09 -1.819 -0.004  1.819 1
0168 pf 10 -0.571  0.394  0.694 8
0192 em 00 -1.263  0.137  1.271 8
0192 cf 00 -1.274  0.039  1.274 8
0192 pf 01 -0.197  1.004  1.023 7
0192 pf 02 -0.728 -0.657  0.981 1
0192 pf 03 -2.221 -0.260  2.236 1
0192 pf 04 -1.760 -0.486  1.826 1
0192 pf 05 -1.988  0.881  2.174 8
0192 pf 06 -0.964  0.520  1.095 8
0192 pf 07 -0.726 -0.200  0.753 1
0192 pf 08 -1.881  0.354  1.914 8
0192 pf 09 -1.713 -0.329  1.744 1
0192 pf 10 -0.530  0.538  0.755 7
0216 em 00 -1.248  0.140  1.256 8
0216 cf 00 -1.166  0.143  1.175 8
0216 pf 01 -0.179  1.210  1.223 7
0216 pf 02 -0.488 -0.452  0.665 1
0216 pf 03 -2.081 -0.479  2.136 1
0216 pf 04 -1.541 -0.449  1.605 1
0216 pf 05 -2.312  0.562  2.379 8
0216 pf 06 -1.146  0.215  1.166 8
0216 pf 07 -0.587  0.144  0.605 8
0216 pf 08 -1.728  0.342  1.761 8
0216 pf 09 -1.872 -0.711  2.002 1
0216 pf 10 -0.709  0.892  1.140 7
0240 em 00 -1.074  0.066  1.076 8
0240 cf 00 -1.037  0.101  1.042 8
0240 pf 01 -0.056  1.145  1.146 7
0240 pf 02 -0.239 -0.592  0.639 2
0240 pf 03 -1.790 -0.668  1.911 1
0240 pf 04 -1.290 -0.231  1.310 1
0240 pf 05 -2.168  0.456  2.216 8
0240 pf 06 -1.039  0.058  1.040 8
0240 pf 07 -0.430  0.388  0.579 8
0240 pf 08 -1.385  0.100  1.389 8
0240 pf 09 -1.785 -1.135  2.116 1
0240 pf 10 -0.711  0.970  1.203 7
0264 em 00 -0.940 -0.060  0.942 1
0264 cf 00 -0.933 -0.045  0.934 1
0264 pf 01 -0.027  0.761  0.762 7
0264 pf 02  0.167 -0.734  0.753 3
0264 pf 03 -1.740 -0.797  1.914 1
0264 pf 04 -1.203  0.011  1.203 8
0264 pf 05 -2.140  0.267  2.156 8
0264 pf 06 -0.811 -0.253  0.850 1
0264 pf 07 -0.382  0.359  0.525 8
0264 pf 08 -1.247  0.046  1.248 8
0264 pf 09 -1.710 -1.285  2.139 1
0264 pf 10 -0.418  0.871  0.966 7
0288 em 00 -0.792 -0.100  0.799 1
0288 cf 00 -0.815 -0.022  0.815 1
0288 pf 01  0.047  0.446  0.448 6
0288 pf 02  0.224 -0.673  0.710 3
0288 pf 03 -1.430 -0.723  1.602 1
0288 pf 04 -1.185  0.391  1.248 8
0288 pf 05 -1.928  0.351  1.960 8
0288 pf 06 -0.509 -0.315  0.599 1
0288 pf 07 -0.361  0.204  0.415 8
0288 pf 08 -1.184 -0.108  1.189 1
0288 pf 09 -1.488 -1.450  2.078 1
0288 pf 10 -0.181  0.670  0.694 7
0312 em 00 -0.593 -0.106  0.602 1
0312 cf 00 -0.560  0.019  0.561 8
0312 pf 01  0.231  0.406  0.467 6
0312 pf 02  0.698 -0.417  0.813 4
0312 pf 03 -0.963 -0.723  1.204 1
0312 pf 04 -1.262  0.355  1.311 8
0312 pf 05 -1.750  0.395  1.794 8
0312 pf 06 -0.640 -0.319  0.715 1
0312 pf 07 -0.126  0.051  0.135 8
0312 pf 08 -1.089 -0.410  1.163 1
0312 pf 09 -0.985 -1.291  1.624 2
0312 pf 10 -0.164  0.625  0.647 7
0336 em 00 -0.372 -0.063  0.377 1
0336 cf 00 -0.263 -0.053  0.268 1
0336 pf 01  0.526  0.576  0.780 6
0336 pf 02  1.336 -0.068  1.337 4
0336 pf 03 -0.889 -0.559  1.050 1
0336 pf 04 -1.135  0.389  1.200 8
0336 pf 05 -1.556  0.408  1.608 8
0336 pf 06 -0.629 -0.315  0.703 1
0336 pf 07  0.099 -0.228  0.249 3
0336 pf 08 -1.004 -0.838  1.308 1
0336 pf 09 -0.632 -1.012  1.193 2
0336 pf 10 -0.045  0.830  0.832 7
0360 em 00 -0.305 -0.057  0.310 1
0360 cf 00 -0.288 -0.152  0.326 1
0360 pf 01  0.787  0.557  0.964 5
0360 pf 02  1.786  0.007  1.786 5
0360 pf 03 -0.881 -0.449  0.989 1
0360 pf 04 -1.241  0.182  1.254 8
0360 pf 05 -1.513  0.381  1.560 8
0360 pf 06 -0.658 -0.370  0.755 1
0360 pf 07  0.324 -0.113  0.343 4
0360 pf 08 -0.997 -1.179  1.544 2
0360 pf 09 -0.530 -0.667  0.852 2
0360 pf 10 -0.201  0.983  1.003 7
0384 em 00 -0.282 -0.133  0.312 1
0384 cf 00 -0.489 -0.123  0.504 1
0384 pf 01  0.707  0.530  0.883 5
0384 pf 02  1.694  0.130  1.699 5
0384 pf 03 -0.939 -0.781  1.221 1
0384 pf 04 -1.132 -0.037  1.133 1
0384 pf 05 -1.374 -0.033  1.374 1
0384 pf 06 -0.438 -0.314  0.539 1
0384 pf 07  0.591 -0.268  0.649 4
0384 pf 08 -0.945 -1.392  1.682 2
0384 pf 09 -0.552 -0.591  0.808 2
0384 pf 10 -0.269  1.216  1.245 7
0408 em 00 -0.214 -0.212  0.301 1
0408 cf 00 -0.605 -0.127  0.618 1
0408 pf 01  0.554  0.217  0.595 5
0408 pf 02  1.694  0.168  1.703 5
0408 pf 03 -0.769 -0.841  1.140 2
0408 pf 04 -1.242 -0.289  1.275 1
0408 pf 05 -1.448 -0.304  1.480 1
0408 pf 06 -0.135 -0.123  0.183 1
0408 pf 07  0.743 -0.349  0.821 4
0408 pf 08 -0.591 -1.379  1.501 2
0408 pf 09 -0.426 -0.653  0.779 2
0408 pf 10 -0.183  1.168  1.182 7
0432 em 00 -0.229 -0.274  0.357 2
0432 cf 00 -0.262 -0.116  0.287 1
0432 pf 01  0.262 -0.178  0.317 4
0432 pf 02  1.408  0.334  1.447 5
0432 pf 03 -0.629 -0.995  1.177 2
0432 pf 04 -1.480 -0.545  1.577 1
0432 pf 05 -1.509 -0.485  1.585 1
0432 pf 06  0.027 -0.026  0.037 4
0432 pf 07  0.610 -0.279  0.671 4
0432 pf 08 -0.227 -1.176  1.198 2
0432 pf 09 -0.510 -0.541  0.744 2
0432 pf 10 -0.272  0.819  0.863 7
0456 em 00 -0.196 -0.273  0.336 2
0456 cf 00 -0.092 -0.283  0.298 2
0456 pf 01  0.285 -0.315  0.425 3
0456 pf 02  1.598  0.503  1.675 5
0456 pf 03 -0.571 -1.152  1.286 2
0456 pf 04 -1.395 -0.341  1.437 1
0456 pf 05 -1.196 -0.400  1.262 1
0456 pf 06 -0.234  0.047  0.239 8
0456 pf 07  0.473 -0.525  0.707 3
0456 pf 08  0.182 -0.946  0.964 3
0456 pf 09 -0.683 -0.512  0.853 1
0456 pf 10 -0.581  0.744  0.944 7
0480 em 00 -0.158 -0.227  0.276 2
0480 cf 00 -0.163 -0.299  0.340 2
0480 pf 01  0.507 -0.550  0.748 3
0480 pf 02  1.578  1.082  1.913 5
0480 pf 03 -0.515 -1.442  1.532 2
0480 pf 04 -1.204 -0.239  1.228 1
0480 pf 05 -1.046 -0.445  1.137 1
0480 pf 06 -0.372  0.090  0.383 8
0480 pf 07  0.448 -0.245  0.511 4
0480 pf 08  0.507 -0.962  1.087 3
0480 pf 09 -0.825 -0.503  0.966 1
0480 pf 10 -0.703  0.832  1.090 7
0504 em 00 -0.083 -0.138  0.161 2
0504 cf 00 -0.324 -0.218  0.391 1
0504 pf 01  0.758 -1.053  1.298 3
0504 pf 02  1.184  1.360  1.803 6
0504 pf 03 -0.145 -1.625  1.631 2
0504 pf 04 -0.937 -0.056  0.938 1
0504 pf 05 -0.876 -0.287  0.921 1
0504 pf 06 -0.271  0.298  0.403 7
0504 pf 07  0.420  0.003  0.420 5
0504 pf 08  0.723 -0.647  0.970 4
0504 pf 09 -0.807 -0.508  0.954 1
0504 pf 10 -0.688  1.024  1.233 7
0528 em 00 -0.055 -0.098  0.112 2
0528 cf 00 -0.509 -0.303  0.592 1
0528 pf 01  1.102 -0.723  1.318 4
0528 pf 02  0.737  1.646  1.803 6
0528 pf 03  0.300 -1.648  1.675 3
0528 pf 04 -0.659 -0.114  0.669 1
0528 pf 05 -0.865 -0.274  0.907 1
0528 pf 06  0.005  0.364  0.364 6
0528 pf 07 -0.012  0.227  0.228 7
0528 pf 08  0.875 -0.892  1.250 3
0528 pf 09 -0.934 -0.754  1.201 1
0528 pf 10 -0.675  1.219  1.394 7
0552 em 00 -0.048 -0.057  0.074 2
0552 cf 00 -0.617 -0.381  0.725 1
0552 pf 01  1.240 -0.229  1.261 4
0552 pf 02  0.284  1.914  1.935 6
0552 pf 03  0.513 -1.528  1.612 3
0552 pf 04 -0.556 -0.492  0.742 1
0552 pf 05 -0.555 -0.300  0.631 1
0552 pf 06  0.026  0.560  0.560 6
0552 pf 07 -0.113  0.401  0.417 7
0552 pf 08  1.059 -0.748  1.296 4
0552 pf 09 -0.860 -1.051  1.358 2
0552 pf 10 -0.964  1.039  1.417 7
0576 em 00  0.032 -0.059  0.067 3
0576 cf 00 -0.472 -0.438  0.644 1
0576 pf 01  1.294  0.026  1.294 5
0576 pf 02  0.032  1.762  1.762 6
0576 pf 03  0.838 -1.368  1.605 3
0576 pf 04 -0.299 -0.519  0.599 2
0576 pf 05 -0.352 -0.330  0.483 1
0576 pf 06 -0.288  0.530  0.603 7
0576 pf 07 -0.226  0.571  0.615 7
0576 pf 08  1.331 -0.496  1.421 4
0576 pf 09 -0.470 -1.361  1.440 2
0576 pf 10 -1.033  0.806  1.310 8
0600 em 00  0.116  0.081  0.141 5
0600 cf 00 -0.021 -0.402  0.402 2
0600 pf 01  1.490  0.458  1.559 5
0600 pf 02 -0.268  1.949  1.967 7
0600 pf 03  0.980 -1.047  1.434 3
0600 pf 04  0.071 -0.402  0.408 3
0600 pf 05 -0.317 -0.067  0.324 1
0600 pf 06 -0.566  0.588  0.817 7
0600 pf 07 -0.259  0.547  0.605 7
0600 pf 08  1.294 -0.324  1.334 4
0600 pf 09 -0.189 -1.342  1.356 2
0600 pf 10 -0.919  0.752  1.188 8
0624 em 00  0.133  0.093  0.162 5
0624 cf 00  0.448 -0.428  0.620 4
0624 pf 01  1.531  0.665  1.669 5
0624 pf 02 -0.505  1.983  2.047 7
0624 pf 03  0.843 -0.860  1.204 3
0624 pf 04  0.376 -0.423  0.566 3
0624 pf 05 -0.549 -0.042  0.551 1
0624 pf 06 -0.868  0.312  0.923 8
0624 pf 07 -0.172  0.487  0.516 7
0624 pf 08  1.236 -0.077  1.238 4
0624 pf 09 -0.087 -1.578  1.580 2
0624 pf 10 -0.728  0.823  1.099 7
0648 em 00  0.188  0.173  0.256 5
0648 cf 00  0.725 -0.616  0.951 4
0648 pf 01  1.431  0.871  1.675 5
0648 pf 02 -0.615  1.844  1.944 7
0648 pf 03  0.987 -0.514  1.113 4
0648 pf 04  0.464 -0.706  0.845 3
0648 pf 05 -0.652  0.256  0.701 8
0648 pf 06 -1.071  0.156  1.082 8
0648 pf 07 -0.038  0.541  0.542 7
0648 pf 08  1.275  0.452  1.353 5
0648 pf 09  0.138 -1.478  1.484 3
0648 pf 10 -0.492  0.963  1.081 7
0672 em 00  0.200  0.209  0.289 6
0672 cf 00  0.872 -0.447  0.980 4
0672 pf 01  0.948  0.933  1.331 5
0672 pf 02 -0.693  1.456  1.612 7
0672 pf 03  0.827 -0.354  0.900 4
0672 pf 04  0.633 -0.905  1.104 3
0672 pf 05 -0.840  0.427  0.942 8
0672 pf 06 -1.113 -0.174  1.126 1
0672 pf 07  0.005  0.802  0.802 6
0672 pf 08  1.267  0.904  1.556 5
0672 pf 09  0.568 -1.402  1.513 3
0672 pf 10 -0.178  0.980  0.996 7
0696 em 00  0.137  0.257  0.291 6
0696 cf 00  0.841 -0.034  0.841 4
0696 pf 01  0.379  1.453  1.501 6
0696 pf 02 -0.674  0.840  1.076 7
0696 pf 03  0.894 -0.192  0.914 4
0696 pf 04  0.629 -0.983  1.167 3
0696 pf 05 -1.051  0.344  1.106 8
0696 pf 06 -0.985 -0.629  1.169 1
0696 pf 07 -0.147  1.087  1.097 7
0696 pf 08  1.330  1.095  1.723 5
0696 pf 09  0.586 -1.255  1.385 3
0696 pf 10 -0.195  1.062  1.080 7
0720 em 00  0.038  0.271  0.273 6
0720 cf 00  0.723  0.298  0.782 5
0720 pf 01  0.027  1.807  1.807 6
0720 pf 02 -0.748  0.283  0.800 8
0720 pf 03  0.854 -0.120  0.863 4
0720 pf 04  0.472 -1.056  1.157 3
0720 pf 05 -0.958  0.241  0.988 8
0720 pf 06 -0.757 -0.895  1.172 2
0720 pf 07 -0.564  1.198  1.324 7
0720 pf 08  1.307  1.418  1.928 6
0720 pf 09  0.735 -1.315  1.506 3
0720 pf 10 -0.575  1.089  1.231 7
0744 em 00 -0.074  0.299  0.308 7
0744 cf 00  0.622  0.586  0.854 5
0744 pf 01 -0.256  1.730  1.749 7
0744 pf 02 -0.659  0.102  0.667 8
0744 pf 03  0.667 -0.282  0.724 4
0744 pf 04  0.357 -0.849  0.921 3
0744 pf 05 -0.773  0.311  0.833 8
0744 pf 06 -0.369 -0.775  0.859 2
0744 pf 07 -0.748  0.958  1.215 7
0744 pf 08  0.919  1.700  1.933 6
0744 pf 09  0.728 -1.193  1.397 3
0744 pf 10 -1.165  1.001  1.537 8
0768 em 00 -0.135  0.306  0.335 7
0768 cf 00  0.443  0.738  0.861 6
0768 pf 01 -0.411  1.613  1.664 7
0768 pf 02 -0.333  0.207  0.392 8
0768 pf 03  0.830 -0.391  0.918 4
0768 pf 04  0.146 -0.767  0.781 3
0768 pf 05 -0.787  0.298  0.841 8
0768 pf 06 -0.170 -0.562  0.587 2
0768 pf 07 -0.811  0.599  1.008 8
0768 pf 08  0.713  1.948  2.074 6
0768 pf 09  0.398 -1.231  1.294 3
0768 pf 10 -1.365  0.923  1.648 8
0792 em 00 -0.277  0.214  0.350 8
0792 cf 00  0.097  0.881  0.887 6
0792 pf 01 -0.546  1.584  1.676 7
0792 pf 02 -0.206  0.194  0.282 8
0792 pf 03  0.947 -0.688  1.171 4
0792 pf 04 -0.241 -0.643  0.687 2
0792 pf 05 -0.873  0.079  0.877 8
0792 pf 06 -0.103 -0.594  0.603 2
0792 pf 07 -0.805  0.270  0.849 8
0792 pf 08  0.269  1.685  1.706 6
0792 pf 09  0.289 -1.037  1.077 3
0792 pf 10 -1.746  0.654  1.865 8
0816 em 00 -0.458  0.144  0.480 8
0816 cf 00 -0.286  0.660  0.719 7
0816 pf 01 -0.518  1.368  1.463 7
0816 pf 02 -0.446  0.096  0.456 8
0816 pf 03  0.907 -0.779  1.196 4
0816 pf 04 -0.417 -0.450  0.613 2
0816 pf 05 -1.037  0.107  1.043 8
0816 pf 06 -0.128 -0.489  0.505 2
0816 pf 07 -0.872  0.093  0.877 8
0816 pf 08 -0.169  1.378  1.388 7
0816 pf 09  0.080 -0.854  0.858 3
0816 pf 10 -2.048  0.498  2.107 8
0840 em 00 -0.518  0.121  0.532 8
0840 cf 00 -0.583  0.727  0.932 7
0840 pf 01 -0.589  1.045  1.199 7
0840 pf 02 -0.575  0.144  0.593 8
0840 pf 03  0.896 -0.431  0.994 4
0840 pf 04 -0.430 -0.101  0.442 1
0840 pf 05 -1.004  0.133  1.013 8
0840 pf 06 -0.179 -0.442  0.477 2
0840 pf 07 -0.715 -0.368  0.804 1
0840 pf 08 -0.336  1.086  1.137 7
0840 pf 09  0.039 -0.784  0.785 3
0840 pf 10 -2.126  0.385  2.161 8
0864 em 00 -0.542  0.070  0.546 8
0864 cf 00 -0.830  0.561  1.002 8
0864 pf 01 -0.779  0.554  0.956 8
0864 pf 02 -0.513  0.063  0.517 8
0864 pf 03  0.960 -0.088  0.964 4
0864 pf 04 -0.438  0.007  0.438 8
0864 pf 05 -1.044  0.105  1.050 8
0864 pf 06 -0.432 -0.432  0.611 2
0864 pf 07 -0.514 -0.512  0.725 1
0864 pf 08 -0.211  0.971  0.993 7
0864 pf 09  0.094 -0.439  0.449 3
0864 pf 10 -2.164  0.038  2.164 8
0888 em 00 -0.604 -0.014  0.605 1
0888 cf 00 -0.994  0.681  1.205 8
0888 pf 01 -1.022  0.154  1.034 8
0888 pf 02 -0.523 -0.219  0.567 1
0888 pf 03  0.842  0.262  0.882 5
0888 pf 04 -0.608  0.117  0.619 8
0888 pf 05 -0.966  0.130  0.975 8
0888 pf 06 -0.540 -0.495  0.732 1
0888 pf 07 -0.657 -0.791  1.028 2
0888 pf 08 -0.146  0.801  0.815 7
0888 pf 09 -0.044 -0.361  0.364 2
0888 pf 10 -1.917 -0.396  1.957 1
0912 em 00 -0.677 -0.050  0.679 1
0912 cf 00 -1.249  0.723  1.443 8
0912 pf 01 -1.090  0.079  1.093 8
0912 pf 02 -0.316 -0.312  0.444 1
0912 pf 03  0.785  0.293  0.838 5
0912 pf 04 -0.780  0.379  0.867 8
0912 pf 05 -1.154  0.092  1.157 8
0912 pf 06 -0.349 -0.560  0.660 2
0912 pf 07 -0.825 -1.069  1.350 2
0912 pf 08 -0.198  0.748  0.774 7
0912 pf 09 -0.231 -0.264  0.350 2
0912 pf 10 -1.977 -0.633  2.076 1
0936 em 00 -0.696 -0.165  0.716 1
0936 cf 00 -1.063  0.589  1.215 8
0936 pf 01 -1.134 -0.029  1.135 1
0936 pf 02  0.003 -0.555  0.555 3
0936 pf 03  0.665  0.325  0.740 5
0936 pf 04 -0.967  0.632  1.155 8
0936 pf 05 -1.196 -0.165  1.208 1
0936 pf 06 -0.099 -0.952  0.957 2
0936 pf 07 -0.916 -1.471  1.733 2
0936 pf 08 -0.265  0.857  0.897 7
0936 pf 09 -0.709 -0.149  0.725 1
0936 pf 10 -1.910 -0.865  2.097 1
0960 em 00 -0.791 -0.216  0.820 1
0960 cf 00 -0.772  0.369  0.856 8
0960 pf 01 -1.243  0.173  1.255 8
0960 pf 02 -0.233 -0.442  0.500 2
0960 pf 03  0.257  0.527  0.586 6
0960 pf 04 -1.214  0.644  1.374 8
0960 pf 05 -1.420 -0.346  1.462 1
0960 pf 06 -0.020 -1.197  1.197 2
0960 pf 07 -0.960 -1.768  2.011 2
0960 pf 08 -0.286  0.856  0.903 7
0960 pf 09 -1.007 -0.145  1.018 1
0960 pf 10 -1.717 -1.021  1.998 1
0984 em 00 -0.733 -0.178  0.755 1
0984 cf 00 -0.582  0.096  0.590 8
0984 pf 01 -1.220  0.364  1.273 8
0984 pf 02 -0.485 -0.393  0.625 1
0984 pf 03  0.364  0.473  0.597 6
0984 pf 04 -1.378  0.428  1.443 8
0984 pf 05 -1.394 -0.107  1.398 1
0984 pf 06  0.113 -0.961  0.968 3
0984 pf 07 -0.577 -1.643  1.741 2
0984 pf 08 -0.307  1.093  1.135 7
0984 pf 09 -1.001 -0.107  1.007 1
0984 pf 10 -1.550 -1.178  1.947 1
1008 em 00 -0.670 -0.200  0.699 1
1008 cf 00 -0.609  0.024  0.610 8
1008 pf 01 -1.292  0.067  1.294 8
1008 pf 02 -0.639 -0.538  0.835 1
1008 pf 03  0.614  0.439  0.755 5
1008 pf 04 -1.462  0.246  1.482 8
1008 pf 05 -1.361 -0.082  1.363 1
1008 pf 06  0.201 -0.590  0.623 3
1008 pf 07 -0.129 -1.374  1.380 2
1008 pf 08 -0.369  1.039  1.103 7
1008 pf 09 -1.028 -0.254  1.059 1
1008 pf 10 -1.259 -1.149  1.705 1
1032 em 00 -0.649 -0.235  0.691 1
1032 cf 00 -0.626  0.050  0.628 8
1032 pf 01 -1.464 -0.127  1.470 1
1032 pf 02 -0.834 -0.721  1.103 1
1032 pf 03  0.692  0.533  0.874 5
1032 pf 04 -1.486 -0.038  1.487 1
1032 pf 05 -1.262 -0.352  1.310 1
1032 pf 06  0.553 -0.415  0.691 4
1032 pf 07  0.289 -1.263  1.296 3
1032 pf 08 -0.375  0.920  0.994 7
1032 pf 09 -1.293 -0.132  1.299 1
1032 pf 10 -1.335 -1.042  1.693 1
1056 em 00 -0.627 -0.259  0.678 1
1056 cf 00 -0.333  0.182  0.380 8
1056 pf 01 -1.504 -0.268  1.528 1
1056 pf 02 -1.133 -0.920  1.460 1
1056 pf 03  0.622  0.712  0.945 6
1056 pf 04 -1.469 -0.113  1.474 1
1056 pf 05 -1.036 -0.462  1.134 1
1056 pf 06  0.956 -0.356  1.020 4
1056 pf 07  0.345 -1.353  1.397 3
1056 pf 08 -0.382  0.647  0.751 7
1056 pf 09 -1.660  0.069  1.661 8
1056 pf 10 -1.347 -1.007  1.682 1
1080 em 00 -0.627 -0.301  0.695 1
1080 cf 00 -0.220  0.252  0.335 7
1080 pf 01 -1.543 -0.500  1.622 1
1080 pf 02 -1.328 -0.993  1.658 1
1080 pf 03  0.579  0.852  1.030 6
1080 pf 04 -1.534 -0.137  1.540 1
1080 pf 05 -0.738 -0.520  0.903 1
1080 pf 06  1.281 -0.165  1.292 4
1080 pf 07  0.320 -1.189  1.231 3
1080 pf 08 -0.573  0.217  0.613 8
1080 pf 09 -1.757 -0.089  1.759 1
1080 pf 10 -1.463 -1.062  1.808 1
1104 em 00 -0.642 -0.271  0.697 1
1104 cf 00 -0.138  0.325  0.353 7
1104 pf 01 -1.842 -0.688  1.966 1
1104 pf 02 -1.557 -0.802  1.752 1
1104 pf 03  0.655  1.145  1.319 6
1104 pf 04 -1.338 -0.347  1.383 1
1104 pf 05 -0.660 -0.784  1.025 2
1104 pf 06  1.173  0.113  1.178 5
1104 pf 07  0.243 -0.997  1.026 3
1104 pf 08 -0.708  0.439  0.833 8
1104 pf 09 -1.653 -0.155  1.660 1
1104 pf 10 -1.358 -1.258  1.851 1
