ecmf prod rf 2010040200 20180402 11 046
0024 em 00  1.072  0.738  1.301 5
0024 cf 00  0.931  0.751  1.196 5
0024 pf 01  1.273  0.662  1.435 5
0024 pf 02  0.952  0.738  1.205 5
0024 pf 03  0.967  0.743  1.219 5
0024 pf 04  1.106  0.805  1.368 5
0024 pf 05  1.115  0.822  1.386 5
0024 pf 06  1.177  0.615  1.328 5
0024 pf 07  1.197  0.683  1.378 5
0024 pf 08  0.950  0.705  1.183 5
0024 pf 09  1.058  0.818  1.338 5
0024 pf 10  0.983  0.761  1.244 5
0048 em 00  0.795  0.872  1.180 6
0048 cf 00  0.796  0.820  1.143 6
0048 pf 01  0.873  0.708  1.124 5
0048 pf 02  0.694  0.799  1.059 6
0048 pf 03  0.641  0.767  1.000 6
0048 pf 04  0.823  1.012  1.304 6
0048 pf 05  0.744  0.957  1.212 6
0048 pf 06  0.990  0.983  1.395 5
0048 pf 07  1.025  0.814  1.309 5
0048 pf 08  0.688  0.779  1.039 6
0048 pf 09  0.784  0.874  1.174 6
0048 pf 10  0.626  1.056  1.227 6
0072 em 00  0.727  0.854  1.122 6
0072 cf 00  0.702  0.772  1.044 6
0072 pf 01  0.742  0.543  0.920 5
0072 pf 02  0.555  0.845  1.011 6
0072 pf 03  0.644  0.634  0.903 5
0072 pf 04  0.809  1.141  1.399 6
0072 pf 05  0.641  0.864  1.076 6
0072 pf 06  0.959  0.961  1.358 6
0072 pf 07  1.022  0.936  1.386 5
0072 pf 08  0.713  0.798  1.070 6
0072 pf 09  0.731  0.871  1.137 6
0072 pf 10  0.403  1.010  1.088 6
0096 em 00  0.473  0.779  0.911 6
0096 cf 00  0.464  0.728  0.863 6
0096 pf 01  0.469  0.496  0.683 6
0096 pf 02  0.552  0.741  0.923 6
0096 pf 03  0.585  0.462  0.746 5
0096 pf 04  0.292  1.082  1.120 6
0096 pf 05  0.435  0.909  1.007 6
0096 pf 06  0.579  0.793  0.982 6
0096 pf 07  0.674  1.167  1.347 6
0096 pf 08  0.565  0.421  0.705 5
0096 pf 09  0.454  0.757  0.883 6
0096 pf 10  0.066  0.977  0.979 6
0120 em 00  0.224  0.530  0.576 6
0120 cf 00  0.213  0.571  0.609 6
0120 pf 01  0.282  0.232  0.365 5
0120 pf 02  0.222  0.514  0.560 6
0120 pf 03  0.363  0.221  0.425 5
0120 pf 04  0.047  0.940  0.941 6
0120 pf 05  0.212  0.761  0.790 6
0120 pf 06  0.442  0.370  0.576 5
0120 pf 07  0.206  0.987  1.008 6
0120 pf 08  0.542  0.087  0.549 5
0120 pf 09  0.058  0.462  0.465 6
0120 pf 10 -0.169  0.663  0.684 7
0144 em 00 -0.064  0.451  0.455 7
0144 cf 00 -0.146  0.506  0.527 7
0144 pf 01  0.065  0.209  0.219 6
0144 pf 02 -0.137  0.467  0.486 7
0144 pf 03  0.276  0.171  0.325 5
0144 pf 04 -0.367  0.602  0.705 7
0144 pf 05  0.052  0.680  0.682 6
0144 pf 06  0.154  0.419  0.446 6
0144 pf 07 -0.355  0.704  0.788 7
0144 pf 08  0.259  0.153  0.301 5
0144 pf 09 -0.217  0.432  0.484 7
0144 pf 10 -0.329  0.595  0.680 7
0168 em 00 -0.041  0.300  0.302 7
0168 cf 00 -0.135  0.394  0.417 7
0168 pf 01  0.255 -0.085  0.269 4
0168 pf 02 -0.207  0.171  0.268 8
0168 pf 03  0.555  0.126  0.570 5
0168 pf 04 -0.270  0.256  0.372 8
0168 pf 05 -0.146  0.833  0.846 7
0168 pf 06  0.399  0.371  0.545 5
0168 pf 07 -0.385  0.605  0.717 7
0168 pf 08  0.388  0.171  0.424 5
0168 pf 09 -0.505  0.363  0.622 8
0168 pf 10 -0.448  0.057  0.451 8
0192 em 00 -0.111 -0.002  0.111 1
0192 cf 00 -0.375  0.122  0.395 8
0192 pf 01  0.284 -0.376  0.471 3
0192 pf 02 -0.480 -0.009  0.480 1
0192 pf 03  0.401 -0.169  0.435 4
0192 pf 04 -0.346 -0.033  0.347 1
0192 pf 05 -0.094  0.459  0.468 7
0192 pf 06  0.224  0.149  0.269 5
0192 pf 07 -0.244  0.338  0.417 7
0192 pf 08  0.318  0.025  0.319 5
0192 pf 09 -0.393 -0.109  0.407 1
0192 pf 10 -0.556 -0.406  0.689 1
0216 em 00 -0.046 -0.170  0.176 2
0216 cf 00 -0.165 -0.035  0.168 1
0216 pf 01  0.515 -0.580  0.776 3
0216 pf 02 -0.396 -0.275  0.482 1
0216 pf 03  0.232 -0.280  0.363 3
0216 pf 04 -0.346  0.192  0.396 8
0216 pf 05 -0.274  0.349  0.443 7
0216 pf 06  0.351 -0.097  0.364 4
0216 pf 07 -0.433  0.219  0.485 8
0216 pf 08  0.405 -0.226  0.464 4
0216 pf 09 -0.069 -0.481  0.486 2
0216 pf 10 -0.347 -0.657  0.743 2
0240 em 00  0.037 -0.342  0.344 3
0240 cf 00  0.029 -0.229  0.230 3
0240 pf 01  0.517 -0.897  1.035 3
0240 pf 02 -0.332 -0.319  0.460 1
0240 pf 03  0.159 -0.337  0.373 3
0240 pf 04 -0.503 -0.133  0.520 1
0240 pf 05 -0.331  0.181  0.378 8
0240 pf 06  0.434 -0.068  0.439 4
0240 pf 07 -0.224  0.087  0.240 8
0240 pf 08  0.477 -0.559  0.735 3
0240 pf 09  0.240 -0.855  0.888 3
0240 pf 10 -0.079 -0.614  0.619 2
0264 em 00  0.211 -0.476  0.520 3
0264 cf 00  0.379 -0.332  0.504 4
0264 pf 01  0.903 -0.778  1.192 4
0264 pf 02 -0.008 -0.490  0.490 2
0264 pf 03  0.117 -0.624  0.635 3
0264 pf 04 -0.562 -0.246  0.614 1
0264 pf 05 -0.344  0.017  0.344 8
0264 pf 06  0.597 -0.251  0.647 4
0264 pf 07  0.088 -0.274  0.287 3
0264 pf 08  0.346 -0.580  0.675 3
0264 pf 09  0.414 -1.009  1.090 3
0264 pf 10  0.393 -0.665  0.773 3
0288 em 00  0.322 -0.551  0.638 3
0288 cf 00  0.494 -0.438  0.661 4
0288 pf 01  1.176 -0.751  1.395 4
0288 pf 02  0.290 -0.624  0.688 3
0288 pf 03  0.174 -0.674  0.697 3
0288 pf 04 -0.662 -0.566  0.871 1
0288 pf 05 -0.134 -0.038  0.139 1
0288 pf 06  0.607 -0.139  0.623 4
0288 pf 07  0.120 -0.625  0.636 3
0288 pf 08  0.297 -0.435  0.527 3
0288 pf 09  0.778 -0.985  1.255 3
0288 pf 10  0.435 -0.783  0.895 3
0312 em 00  0.370 -0.435  0.571 3
0312 cf 00  0.423 -0.279  0.507 4
0312 pf 01  1.293 -0.643  1.444 4
0312 pf 02  0.568 -0.517  0.768 4
0312 pf 03  0.064 -0.822  0.825 3
0312 pf 04 -0.635 -0.309  0.706 1
0312 pf 05  0.048  0.033  0.058 5
0312 pf 06  0.476 -0.137  0.495 4
0312 pf 07  0.112 -0.518  0.530 3
0312 pf 08  0.117 -0.176  0.212 3
0312 pf 09  1.221 -0.624  1.371 4
0312 pf 10  0.443 -0.776  0.893 3
0336 em 00  0.547 -0.334  0.641 4
0336 cf 00  0.500 -0.179  0.531 4
0336 pf 01  1.276 -0.603  1.411 4
0336 pf 02  1.025 -0.517  1.148 4
0336 pf 03  0.127 -0.769  0.780 3
0336 pf 04 -0.449 -0.285  0.531 1
0336 pf 05  0.153  0.054  0.163 5
0336 pf 06  0.459 -0.008  0.459 4
0336 pf 07  0.341 -0.309  0.460 4
0336 pf 08  0.364 -0.066  0.370 4
0336 pf 09  1.629 -0.530  1.713 4
0336 pf 10  0.608 -0.418  0.738 4
0360 em 00  0.660 -0.269  0.712 4
0360 cf 00  0.584  0.125  0.597 5
0360 pf 01  1.098 -0.510  1.211 4
0360 pf 02  1.318 -0.370  1.369 4
0360 pf 03  0.045 -0.748  0.750 3
0360 pf 04 -0.219 -0.345  0.409 2
0360 pf 05  0.558  0.185  0.588 5
0360 pf 06  0.426 -0.101  0.438 4
0360 pf 07  0.431 -0.447  0.621 3
0360 pf 08  0.536 -0.088  0.543 4
0360 pf 09  1.752 -0.378  1.793 4
0360 pf 10  0.726 -0.205  0.755 4
0384 em 00  0.672 -0.140  0.686 4
0384 cf 00  0.675  0.470  0.822 5
0384 pf 01  1.052  0.095  1.056 5
0384 pf 02  1.474 -0.214  1.489 4
0384 pf 03  0.111 -0.708  0.717 3
0384 pf 04 -0.169 -0.617  0.640 2
0384 pf 05  0.543  0.158  0.566 5
0384 pf 06  0.127 -0.007  0.128 4
0384 pf 07  0.335 -0.389  0.513 3
0384 pf 08  0.694 -0.262  0.742 4
0384 pf 09  1.915  0.111  1.918 5
0384 pf 10  0.622 -0.097  0.630 4
0408 em 00  0.681 -0.041  0.683 4
0408 cf 00  0.548  0.470  0.722 5
0408 pf 01  1.183  0.301  1.221 5
0408 pf 02  1.314  0.054  1.315 5
0408 pf 03  0.500 -0.725  0.880 3
0408 pf 04 -0.151 -0.753  0.768 2
0408 pf 05  0.514  0.011  0.514 5
0408 pf 06 -0.073  0.139  0.157 7
0408 pf 07  0.337 -0.352  0.487 3
0408 pf 08  0.755 -0.304  0.814 4
0408 pf 09  2.029  0.577  2.110 5
0408 pf 10  0.495  0.238  0.549 5
0432 em 00  0.680  0.193  0.707 5
0432 cf 00  0.361  0.706  0.793 6
0432 pf 01  1.065  0.567  1.207 5
0432 pf 02  1.326  0.475  1.409 5
0432 pf 03  0.810 -0.633  1.028 4
0432 pf 04  0.022 -0.718  0.718 3
0432 pf 05  0.716  0.366  0.804 5
0432 pf 06 -0.195  0.217  0.291 7
0432 pf 07  0.253 -0.164  0.301 4
0432 pf 08  0.707  0.070  0.711 5
0432 pf 09  1.645  0.893  1.872 5
0432 pf 10  0.660  0.441  0.794 5
0456 em 00  0.623  0.281  0.683 5
0456 cf 00 -0.049  0.834  0.836 7
0456 pf 01  0.876  0.696  1.119 5
0456 pf 02  0.974  0.659  1.176 5
0456 pf 03  0.811 -0.880  1.197 3
0456 pf 04 -0.139 -0.435  0.456 2
0456 pf 05  0.868  0.583  1.046 5
0456 pf 06 -0.105  0.202  0.227 7
0456 pf 07  0.332 -0.133  0.358 4
0456 pf 08  0.728 -0.030  0.729 4
0456 pf 09  1.543  1.308  2.023 5
0456 pf 10  0.851  0.374  0.929 5
0480 em 00  0.422  0.377  0.566 5
0480 cf 00 -0.356  0.975  1.038 7
0480 pf 01  0.395  0.820  0.910 6
0480 pf 02  0.753  0.809  1.105 6
0480 pf 03  0.549 -0.573  0.794 3
0480 pf 04  0.034 -0.404  0.405 3
0480 pf 05  0.572  0.690  0.896 6
0480 pf 06  0.090 -0.059  0.108 4
0480 pf 07  0.182 -0.065  0.193 4
0480 pf 08  0.558 -0.074  0.563 4
0480 pf 09  1.030  1.484  1.807 6
0480 pf 10  0.683  0.579  0.895 5
0504 em 00  0.315  0.495  0.587 6
0504 cf 00 -0.373  0.963  1.032 7
0504 pf 01  0.132  1.202  1.209 6
0504 pf 02  0.737  1.037  1.272 6
0504 pf 03  0.595 -0.188  0.624 4
0504 pf 04  0.177 -0.246  0.303 3
0504 pf 05  0.461  0.758  0.887 6
0504 pf 06 -0.178 -0.241  0.299 2
0504 pf 07  0.198  0.242  0.313 6
0504 pf 08  0.722 -0.124  0.733 4
0504 pf 09  0.249  1.272  1.296 6
0504 pf 10  0.609  0.755  0.971 6
0528 em 00  0.265  0.517  0.581 6
0528 cf 00 -0.483  0.659  0.817 7
0528 pf 01  0.079  1.092  1.095 6
0528 pf 02  0.444  0.818  0.931 6
0528 pf 03  0.763  0.058  0.765 5
0528 pf 04  0.352  0.073  0.360 5
0528 pf 05  0.311  0.862  0.916 6
0528 pf 06  0.168 -0.155  0.228 4
0528 pf 07  0.028  0.267  0.268 6
0528 pf 08  0.641 -0.172  0.663 4
0528 pf 09 -0.236  1.142  1.166 7
0528 pf 10  0.703  0.984  1.209 6
0552 em 00  0.210  0.430  0.479 6
0552 cf 00 -0.554  0.399  0.683 8
0552 pf 01  0.017  0.959  0.960 6
0552 pf 02  0.034  0.740  0.740 6
0552 pf 03  0.794  0.107  0.801 5
0552 pf 04  0.432  0.096  0.442 5
0552 pf 05  0.424  0.814  0.918 6
0552 pf 06  0.057 -0.301  0.307 3
0552 pf 07 -0.052  0.195  0.202 7
0552 pf 08  0.892 -0.148  0.904 4
0552 pf 09 -0.430  0.978  1.068 7
0552 pf 10  0.581  0.825  1.009 6
0576 em 00  0.105  0.302  0.320 6
0576 cf 00 -0.496 -0.034  0.498 1
0576 pf 01 -0.218  0.833  0.861 7
0576 pf 02 -0.273  0.725  0.775 7
0576 pf 03  0.548  0.094  0.557 5
0576 pf 04  0.835 -0.100  0.841 4
0576 pf 05 -0.029  0.594  0.595 7
0576 pf 06  0.125 -0.323  0.347 3
0576 pf 07 -0.004 -0.006  0.008 2
0576 pf 08  0.669  0.058  0.672 5
0576 pf 09 -0.505  0.683  0.849 7
0576 pf 10  0.422  0.714  0.830 6
0600 em 00  0.015  0.259  0.260 6
0600 cf 00 -0.436 -0.253  0.504 1
0600 pf 01 -0.397  0.624  0.740 7
0600 pf 02 -0.310  1.013  1.059 7
0600 pf 03  0.262 -0.037  0.264 4
0600 pf 04  0.901 -0.127  0.910 4
0600 pf 05 -0.181  0.549  0.577 7
0600 pf 06  0.066 -0.253  0.261 3
0600 pf 07  0.232 -0.153  0.278 4
0600 pf 08  0.609  0.392  0.724 5
0600 pf 09 -0.621  0.325  0.701 8
0600 pf 10  0.022  0.651  0.651 6
0624 em 00 -0.040  0.177  0.181 7
0624 cf 00 -0.511 -0.199  0.548 1
0624 pf 01 -0.386  0.274  0.474 8
0624 pf 02 -0.525  0.949  1.085 7
0624 pf 03  0.296 -0.209  0.362 4
0624 pf 04  1.073 -0.096  1.077 4
0624 pf 05 -0.111  0.269  0.290 7
0624 pf 06 -0.014 -0.271  0.272 2
0624 pf 07  0.263 -0.345  0.434 3
0624 pf 08  0.354  0.602  0.698 6
0624 pf 09 -0.657  0.108  0.666 8
0624 pf 10 -0.203  0.699  0.728 7
0648 em 00 -0.121  0.095  0.154 8
0648 cf 00 -0.596 -0.131  0.611 1
0648 pf 01 -0.507 -0.070  0.512 1
0648 pf 02 -0.622  0.732  0.961 7
0648 pf 03  0.134 -0.440  0.460 3
0648 pf 04  1.264 -0.137  1.271 4
0648 pf 05 -0.270  0.115  0.293 8
0648 pf 06 -0.055 -0.191  0.199 2
0648 pf 07  0.309 -0.297  0.429 4
0648 pf 08  0.168  0.780  0.798 6
0648 pf 09 -0.720 -0.207  0.749 1
0648 pf 10 -0.372  0.714  0.806 7
0672 em 00 -0.094  0.067  0.115 8
0672 cf 00 -0.588 -0.133  0.603 1
0672 pf 01 -0.242 -0.079  0.255 1
0672 pf 02 -0.624  0.431  0.759 8
0672 pf 03  0.088 -0.383  0.393 3
0672 pf 04  1.209 -0.231  1.231 4
0672 pf 05 -0.557  0.078  0.563 8
0672 pf 06  0.036 -0.062  0.072 3
0672 pf 07  0.099 -0.065  0.119 4
0672 pf 08  0.450  0.517  0.685 6
0672 pf 09 -0.763 -0.129  0.774 1
0672 pf 10 -0.065  0.617  0.620 7
0696 em 00 -0.128 -0.044  0.136 1
0696 cf 00 -0.448 -0.141  0.469 1
0696 pf 01 -0.146 -0.105  0.180 1
0696 pf 02 -1.063  0.191  1.080 8
0696 pf 03  0.363 -0.488  0.608 3
0696 pf 04  1.064 -0.398  1.136 4
0696 pf 05 -0.764  0.141  0.777 8
0696 pf 06 -0.079  0.025  0.083 8
0696 pf 07  0.050  0.091  0.104 6
0696 pf 08  0.300 -0.032  0.301 4
0696 pf 09 -0.699 -0.178  0.721 1
0696 pf 10  0.096  0.257  0.275 6
0720 em 00 -0.136 -0.120  0.182 1
0720 cf 00 -0.406 -0.290  0.499 1
0720 pf 01 -0.277  0.077  0.288 8
0720 pf 02 -0.897 -0.175  0.914 1
0720 pf 03  0.224 -0.710  0.744 3
0720 pf 04  0.776 -0.292  0.829 4
0720 pf 05 -0.592  0.194  0.623 8
0720 pf 06 -0.146  0.125  0.193 8
0720 pf 07  0.381  0.152  0.411 5
0720 pf 08  0.142 -0.338  0.367 3
0720 pf 09 -0.522 -0.330  0.618 1
0720 pf 10 -0.089  0.106  0.138 7
0744 em 00 -0.161 -0.204  0.259 2
0744 cf 00 -0.198 -0.323  0.379 2
0744 pf 01 -0.323  0.142  0.353 8
0744 pf 02 -0.942 -0.345  1.003 1
0744 pf 03  0.227 -0.786  0.818 3
0744 pf 04  0.800 -0.252  0.839 4
0744 pf 05 -0.321  0.078  0.330 8
0744 pf 06 -0.276  0.109  0.297 8
0744 pf 07  0.116  0.053  0.128 5
0744 pf 08  0.026 -0.356  0.357 3
0744 pf 09 -0.491 -0.495  0.697 2
0744 pf 10 -0.304 -0.223  0.377 1
0768 em 00 -0.096 -0.343  0.356 2
0768 cf 00 -0.019 -0.403  0.403 2
0768 pf 01 -0.340 -0.106  0.357 1
0768 pf 02 -0.421 -0.587  0.722 2
0768 pf 03  0.117 -0.872  0.880 3
0768 pf 04  0.598 -0.448  0.747 4
0768 pf 05 -0.289 -0.630  0.693 2
0768 pf 06 -0.116  0.117  0.165 7
0768 pf 07  0.013  0.196  0.196 6
0768 pf 08  0.183 -0.426  0.464 3
0768 pf 09 -0.285 -0.672  0.730 2
0768 pf 10 -0.401 -0.058  0.406 1
0792 em 00 -0.032 -0.396  0.397 2
0792 cf 00 -0.018 -0.513  0.513 2
0792 pf 01 -0.264 -0.196  0.328 1
0792 pf 02  0.042 -0.577  0.578 3
0792 pf 03  0.324 -0.881  0.939 3
0792 pf 04  0.324 -0.401  0.515 3
0792 pf 05 -0.421 -0.901  0.995 2
0792 pf 06  0.133  0.058  0.145 5
0792 pf 07 -0.273  0.193  0.335 8
0792 pf 08  0.409 -0.400  0.572 4
0792 pf 09 -0.282 -0.578  0.643 2
0792 pf 10 -0.222 -0.235  0.323 2
0816 em 00 -0.010 -0.484  0.484 2
0816 cf 00  0.170 -0.418  0.451 3
0816 pf 01 -0.456 -0.288  0.539 1
0816 pf 02 -0.001 -0.520  0.520 2
0816 pf 03  0.185 -1.008  1.025 3
0816 pf 04  0.449 -0.658  0.797 3
0816 pf 05 -0.243 -1.164  1.189 2
0816 pf 06 -0.096  0.094  0.134 8
0816 pf 07 -0.122  0.077  0.144 8
0816 pf 08  0.406 -0.463  0.616 3
0816 pf 09 -0.221 -0.620  0.658 2
0816 pf 10 -0.067 -0.410  0.416 2
0840 em 00  0.029 -0.617  0.618 3
0840 cf 00  0.461 -0.388  0.603 4
0840 pf 01 -0.456 -0.517  0.689 2
0840 pf 02 -0.140 -0.642  0.657 2
0840 pf 03  0.468 -0.804  0.930 3
0840 pf 04  0.341 -0.933  0.993 3
0840 pf 05 -0.188 -1.349  1.362 2
0840 pf 06 -0.540 -0.232  0.588 1
0840 pf 07 -0.116 -0.075  0.138 1
0840 pf 08  0.401 -0.538  0.671 3
0840 pf 09  0.049 -0.755  0.756 3
0840 pf 10  0.137 -0.598  0.613 3
0864 em 00  0.052 -0.732  0.734 3
0864 cf 00  0.778 -0.524  0.938 4
0864 pf 01 -0.442 -0.770  0.888 2
0864 pf 02  0.069 -0.838  0.841 3
0864 pf 03  0.542 -0.731  0.910 3
0864 pf 04  0.343 -1.001  1.058 3
0864 pf 05 -0.372 -1.355  1.405 2
0864 pf 06 -0.736 -0.689  1.008 1
0864 pf 07 -0.489 -0.190  0.525 1
0864 pf 08  0.524 -0.542  0.754 3
0864 pf 09  0.301 -0.892  0.941 3
0864 pf 10  0.150 -0.560  0.580 3
0888 em 00  0.115 -0.799  0.807 3
0888 cf 00  0.671 -0.830  1.067 3
0888 pf 01 -0.617 -0.923  1.110 2
0888 pf 02  0.025 -1.127  1.127 3
0888 pf 03  0.662 -0.664  0.938 3
0888 pf 04  0.265 -0.819  0.861 3
0888 pf 05 -0.037 -1.326  1.327 2
0888 pf 06 -0.693 -1.015  1.229 2
0888 pf 07 -0.484 -0.235  0.537 1
0888 pf 08  0.715 -0.731  1.022 3
0888 pf 09  0.425 -0.921  1.015 3
0888 pf 10  0.428 -0.237  0.490 4
0912 em 00  0.201 -0.863  0.886 3
0912 cf 00  0.512 -0.918  1.051 3
0912 pf 01 -0.394 -1.123  1.190 2
0912 pf 02 -0.053 -1.189  1.191 2
0912 pf 03  0.702 -0.579  0.910 4
0912 pf 04  0.327 -1.017  1.068 3
0912 pf 05  0.406 -1.389  1.447 3
0912 pf 06 -0.377 -1.354  1.406 2
0912 pf 07 -0.522 -0.368  0.639 1
0912 pf 08  0.749 -0.742  1.054 4
0912 pf 09  0.575 -0.630  0.853 3
0912 pf 10  0.377 -0.203  0.429 4
0936 em 00  0.280 -0.877  0.920 3
0936 cf 00  0.303 -0.957  1.004 3
0936 pf 01 -0.170 -1.248  1.259 2
0936 pf 02 -0.079 -1.411  1.413 2
0936 pf 03  0.879 -0.582  1.054 4
0936 pf 04  0.467 -1.024  1.125 3
0936 pf 05  0.562 -1.218  1.341 3
0936 pf 06 -0.182 -1.437  1.448 2
0936 pf 07 -0.623 -0.504  0.801 1
0936 pf 08  0.752 -0.749  1.061 4
0936 pf 09  0.636 -0.500  0.809 4
0936 pf 10  0.601 -0.031  0.602 4
0960 em 00  0.326 -0.929  0.984 3
0960 cf 00  0.186 -1.048  1.064 3
0960 pf 01 -0.146 -1.486  1.493 2
0960 pf 02 -0.062 -1.515  1.516 2
0960 pf 03  1.103 -0.445  1.190 4
0960 pf 04  0.620 -0.885  1.080 3
0960 pf 05  0.614 -1.380  1.510 3
0960 pf 06  0.010 -1.797  1.797 3
0960 pf 07 -0.596 -0.652  0.883 2
0960 pf 08  0.376 -0.766  0.853 3
0960 pf 09  0.931 -0.215  0.956 4
0960 pf 10  0.619 -0.016  0.619 4
0984 em 00  0.338 -0.931  0.991 3
0984 cf 00  0.228 -1.064  1.088 3
0984 pf 01 -0.317 -1.585  1.616 2
0984 pf 02 -0.099 -1.617  1.620 2
0984 pf 03  1.113 -0.367  1.172 4
0984 pf 04  0.969 -0.977  1.376 3
0984 pf 05  0.728 -1.452  1.624 3
0984 pf 06  0.379 -2.094  2.128 3
0984 pf 07 -0.795 -0.413  0.896 1
0984 pf 08  0.061 -0.539  0.542 3
0984 pf 09  0.832 -0.194  0.854 4
0984 pf 10  0.709  0.081  0.714 5
1008 em 00  0.364 -1.047  1.109 3
1008 cf 00  0.457 -1.093  1.185 3
1008 pf 01 -0.226 -1.375  1.394 2
1008 pf 02  0.148 -1.860  1.866 3
1008 pf 03  0.870 -0.372  0.946 4
1008 pf 04  1.060 -1.085  1.517 3
1008 pf 05  0.904 -1.644  1.876 3
1008 pf 06  0.559 -2.453  2.516 3
1008 pf 07 -0.921 -0.406  1.006 1
1008 pf 08  0.093 -0.598  0.605 3
1008 pf 09  0.839 -0.249  0.875 4
1008 pf 10  0.340 -0.355  0.491 3
1032 em 00  0.387 -1.096  1.162 3
1032 cf 00  0.734 -0.983  1.227 3
1032 pf 01 -0.015 -1.197  1.197 2
1032 pf 02  0.529 -1.872  1.945 3
1032 pf 03  0.585 -0.532  0.790 4
1032 pf 04  1.235 -1.349  1.829 3
1032 pf 05  1.006 -1.790  2.054 3
1032 pf 06  1.107 -2.175  2.441 3
1032 pf 07 -1.224 -0.528  1.333 1
1032 pf 08  0.136 -0.578  0.594 3
1032 pf 09  0.469 -0.428  0.635 4
1032 pf 10 -0.209 -0.592  0.628 2
1056 em 00  0.505 -1.177  1.280 3
1056 cf 00  0.990 -0.951  1.373 4
1056 pf 01 -0.044 -1.416  1.416 2
1056 pf 02  0.899 -1.754  1.971 3
1056 pf 03  0.541 -0.540  0.764 4
1056 pf 04  1.498 -1.558  2.161 3
1056 pf 05  1.111 -1.953  2.247 3
1056 pf 06  1.322 -1.706  2.158 3
1056 pf 07 -0.785 -0.564  0.967 1
1056 pf 08  0.221 -0.953  0.978 3
1056 pf 09  0.313 -0.330  0.455 3
1056 pf 10 -0.467 -1.180  1.269 2
1080 em 00  0.619 -1.213  1.362 3
1080 cf 00  1.252 -0.935  1.563 4
1080 pf 01  0.126 -1.593  1.597 3
1080 pf 02  1.374 -1.684  2.174 3
1080 pf 03  0.602 -0.443  0.747 4
1080 pf 04  1.531 -1.441  2.103 4
1080 pf 05  1.339 -2.013  2.418 3
1080 pf 06  1.382 -1.447  2.000 3
1080 pf 07 -0.935 -0.810  1.237 1
1080 pf 08  0.094 -0.856  0.861 3
1080 pf 09  0.425 -0.458  0.625 3
1080 pf 10 -0.348 -1.620  1.657 2
1104 em 00  0.782 -1.175  1.411 3
1104 cf 00  1.416 -0.913  1.685 4
1104 pf 01  0.571 -1.695  1.789 3
1104 pf 02  1.732 -1.349  2.195 4
1104 pf 03  0.621 -0.771  0.990 3
1104 pf 04  1.772 -1.232  2.158 4
1104 pf 05  1.332 -1.825  2.259 3
1104 pf 06  1.371 -1.165  1.800 4
1104 pf 07 -0.731 -0.937  1.189 2
1104 pf 08  0.040 -0.646  0.647 3
1104 pf 09  0.659 -0.432  0.788 4
1104 pf 10 -0.132 -1.910  1.915 2
