ecmf prod rf 2007091800 20170918 11 046
0024 em 00  1.406  0.552  1.510 5
0024 cf 00  1.408  0.516  1.500 5
0024 pf 01  1.331  0.528  1.432 5
0024 pf 02  1.462  0.516  1.551 5
0024 pf 03  1.511  0.619  1.633 5
0024 pf 04  1.397  0.623  1.530 5
0024 pf 05  1.307  0.553  1.419 5
0024 pf 06  1.353  0.537  1.455 5
0024 pf 07  1.441  0.526  1.534 5
0024 pf 08  1.414  0.611  1.540 5
0024 pf 09  1.390  0.577  1.505 5
0024 pf 10  1.297  0.498  1.389 5
0048 em 00  1.407  0.530  1.504 5
0048 cf 00  1.456  0.547  1.556 5
0048 pf 01  1.267  0.484  1.357 5
0048 pf 02  1.481  0.579  1.590 5
0048 pf 03  1.424  0.503  1.511 5
0048 pf 04  1.282  0.557  1.398 5
0048 pf 05  1.498  0.668  1.640 5
0048 pf 06  1.501  0.381  1.548 5
0048 pf 07  1.445  0.673  1.594 5
0048 pf 08  1.357  0.412  1.418 5
0048 pf 09  1.387  0.562  1.497 5
0048 pf 10  1.206  0.489  1.301 5
0072 em 00  1.232  0.608  1.374 5
0072 cf 00  1.281  0.584  1.408 5
0072 pf 01  1.032  0.421  1.115 5
0072 pf 02  1.263  0.638  1.415 5
0072 pf 03  1.256  0.564  1.377 5
0072 pf 04  1.197  0.553  1.318 5
0072 pf 05  1.232  0.625  1.381 5
0072 pf 06  1.457  0.564  1.562 5
0072 pf 07  1.387  0.656  1.534 5
0072 pf 08  1.196  0.639  1.356 5
0072 pf 09  1.126  0.748  1.352 5
0072 pf 10  0.936  0.705  1.172 5
0096 em 00  1.174  0.689  1.361 5
0096 cf 00  1.231  0.597  1.368 5
0096 pf 01  0.984  0.460  1.086 5
0096 pf 02  1.126  0.745  1.350 5
0096 pf 03  1.152  0.584  1.291 5
0096 pf 04  1.313  0.633  1.458 5
0096 pf 05  1.356  0.691  1.521 5
0096 pf 06  1.361  0.731  1.545 5
0096 pf 07  1.339  0.746  1.533 5
0096 pf 08  1.038  0.876  1.358 5
0096 pf 09  1.027  0.838  1.326 5
0096 pf 10  0.784  0.680  1.038 5
0120 em 00  1.268  0.736  1.466 5
0120 cf 00  1.273  0.767  1.486 5
0120 pf 01  1.212  0.417  1.281 5
0120 pf 02  1.193  0.804  1.438 5
0120 pf 03  1.255  0.768  1.471 5
0120 pf 04  1.516  0.647  1.649 5
0120 pf 05  1.399  0.624  1.532 5
0120 pf 06  1.380  0.901  1.648 5
0120 pf 07  1.292  0.746  1.492 5
0120 pf 08  0.926  0.768  1.203 5
0120 pf 09  1.209  0.959  1.543 5
0120 pf 10  1.052  0.686  1.256 5
0144 em 00  1.199  0.693  1.385 5
0144 cf 00  1.130  0.665  1.311 5
0144 pf 01  1.405  0.471  1.482 5
0144 pf 02  0.957  0.775  1.231 5
0144 pf 03  1.285  0.931  1.587 5
0144 pf 04  1.446  0.482  1.525 5
0144 pf 05  1.133  0.447  1.218 5
0144 pf 06  1.306  0.933  1.605 5
0144 pf 07  1.031  0.855  1.339 5
0144 pf 08  0.985  0.738  1.231 5
0144 pf 09  1.185  0.937  1.511 5
0144 pf 10  1.106  0.349  1.160 5
0168 em 00  0.966  0.581  1.127 5
0168 cf 00  0.908  0.569  1.071 5
0168 pf 01  1.184  0.422  1.257 5
0168 pf 02  0.600  0.665  0.896 6
0168 pf 03  1.108  0.756  1.342 5
0168 pf 04  1.171  0.501  1.274 5
0168 pf 05  1.058  0.182  1.073 5
0168 pf 06  1.216  0.997  1.573 5
0168 pf 07  0.424  0.719  0.834 6
0168 pf 08  0.765  0.674  1.019 5
0168 pf 09  0.952  0.609  1.130 5
0168 pf 10  1.042  0.211  1.064 5
0192 em 00  0.760  0.580  0.956 5
0192 cf 00  0.725  0.467  0.862 5
0192 pf 01  1.166  0.470  1.257 5
0192 pf 02  0.447  0.564  0.720 6
0192 pf 03  0.973  0.575  1.130 5
0192 pf 04  0.756  0.517  0.916 5
0192 pf 05  1.063  0.359  1.122 5
0192 pf 06  0.896  0.971  1.321 6
0192 pf 07  0.118  0.558  0.570 6
0192 pf 08  0.403  0.719  0.825 6
0192 pf 09  0.803  0.783  1.122 5
0192 pf 10  0.855  0.298  0.906 5
0216 em 00  0.715  0.656  0.970 5
0216 cf 00  0.711  0.524  0.883 5
0216 pf 01  1.031  0.644  1.216 5
0216 pf 02  0.379  0.523  0.646 6
0216 pf 03  0.785  0.746  1.083 5
0216 pf 04  1.044  0.542  1.176 5
0216 pf 05  1.116  0.660  1.296 5
0216 pf 06  0.931  0.929  1.315 5
0216 pf 07  0.160  0.587  0.608 6
0216 pf 08  0.001  0.565  0.565 6
0216 pf 09  0.574  0.954  1.114 6
0216 pf 10  0.975  0.424  1.063 5
0240 em 00  0.664  0.668  0.942 6
0240 cf 00  0.729  0.559  0.919 5
0240 pf 01  0.652  0.752  0.995 6
0240 pf 02  0.447  0.473  0.651 6
0240 pf 03  0.527  0.781  0.942 6
0240 pf 04  1.038  0.480  1.144 5
0240 pf 05  1.158  0.893  1.462 5
0240 pf 06  0.746  1.001  1.249 6
0240 pf 07  0.285  0.372  0.469 6
0240 pf 08  0.135  0.375  0.399 6
0240 pf 09  0.586  1.116  1.260 6
0240 pf 10  0.838  0.413  0.934 5
0264 em 00  0.487  0.647  0.810 6
0264 cf 00  0.574  0.702  0.906 6
0264 pf 01  0.428  0.858  0.959 6
0264 pf 02  0.108  0.237  0.261 6
0264 pf 03  0.387  0.898  0.977 6
0264 pf 04  0.492  0.250  0.552 5
0264 pf 05  0.791  0.966  1.249 6
0264 pf 06  0.644  0.957  1.154 6
0264 pf 07  0.047  0.204  0.209 6
0264 pf 08  0.279  0.102  0.297 5
0264 pf 09  0.495  1.346  1.434 6
0264 pf 10  0.955  0.459  1.059 5
0288 em 00  0.223  0.606  0.645 6
0288 cf 00  0.373  0.637  0.738 6
0288 pf 01  0.007  0.687  0.687 6
0288 pf 02 -0.017  0.568  0.568 7
0288 pf 03  0.213  0.609  0.645 6
0288 pf 04 -0.031  0.131  0.134 7
0288 pf 05  0.492  0.934  1.056 6
0288 pf 06  0.417  0.858  0.954 6
0288 pf 07 -0.216  0.036  0.219 8
0288 pf 08  0.107  0.163  0.195 6
0288 pf 09  0.265  1.292  1.319 6
0288 pf 10  0.701  0.623  0.938 5
0312 em 00 -0.023  0.646  0.646 7
0312 cf 00  0.104  0.517  0.527 6
0312 pf 01 -0.136  0.837  0.848 7
0312 pf 02 -0.180  0.812  0.832 7
0312 pf 03 -0.338  0.510  0.612 7
0312 pf 04 -0.240  0.166  0.292 8
0312 pf 05  0.079  1.083  1.085 6
0312 pf 06  0.224  0.893  0.921 6
0312 pf 07 -0.427 -0.088  0.436 1
0312 pf 08  0.321  0.031  0.323 5
0312 pf 09 -0.221  1.315  1.334 7
0312 pf 10  0.458  0.934  1.040 6
0336 em 00 -0.155  0.635  0.654 7
0336 cf 00 -0.142  0.440  0.463 7
0336 pf 01 -0.342  0.464  0.577 7
0336 pf 02 -0.146  0.763  0.777 7
0336 pf 03 -0.562  0.755  0.941 7
0336 pf 04 -0.276  0.267  0.384 8
0336 pf 05 -0.144  0.904  0.915 7
0336 pf 06 -0.018  1.064  1.064 7
0336 pf 07 -0.401  0.115  0.417 8
0336 pf 08  0.409 -0.047  0.411 4
0336 pf 09 -0.440  1.345  1.415 7
0336 pf 10  0.281  0.821  0.868 6
0360 em 00 -0.325  0.673  0.748 7
0360 cf 00 -0.580  0.357  0.681 8
0360 pf 01 -0.576  0.277  0.639 8
0360 pf 02 -0.361  0.916  0.984 7
0360 pf 03 -0.660  0.786  1.027 7
0360 pf 04 -0.378  0.556  0.673 7
0360 pf 05 -0.280  0.867  0.911 7
0360 pf 06 -0.163  1.332  1.342 7
0360 pf 07 -0.404  0.420  0.583 7
0360 pf 08  0.304  0.029  0.306 5
0360 pf 09 -0.659  0.956  1.161 7
0360 pf 10  0.105  0.817  0.823 6
0384 em 00 -0.611  0.604  0.859 8
0384 cf 00 -0.852  0.280  0.897 8
0384 pf 01 -0.747  0.291  0.801 8
0384 pf 02 -0.444  1.060  1.149 7
0384 pf 03 -0.885  0.653  1.100 8
0384 pf 04 -0.957  0.267  0.994 8
0384 pf 05 -0.585  0.783  0.977 7
0384 pf 06 -0.397  1.260  1.321 7
0384 pf 07 -0.696  0.470  0.840 8
0384 pf 08  0.166  0.326  0.365 6
0384 pf 09 -0.943  0.617  1.127 8
0384 pf 10 -0.430  0.557  0.704 7
0408 em 00 -0.726  0.528  0.898 8
0408 cf 00 -0.729  0.229  0.764 8
0408 pf 01 -0.669  0.323  0.743 8
0408 pf 02 -0.413  0.958  1.044 7
0408 pf 03 -0.864  0.930  1.269 7
0408 pf 04 -1.096  0.042  1.097 8
0408 pf 05 -0.331  0.825  0.889 7
0408 pf 06 -0.701  1.007  1.227 7
0408 pf 07 -1.142  0.396  1.209 8
0408 pf 08 -0.174  0.482  0.512 7
0408 pf 09 -1.027  0.408  1.105 8
0408 pf 10 -0.875  0.135  0.885 8
0432 em 00 -0.765  0.400  0.863 8
0432 cf 00 -0.839  0.038  0.840 8
0432 pf 01 -0.649  0.306  0.718 8
0432 pf 02 -0.528  1.092  1.213 7
0432 pf 03 -0.718  0.730  1.024 7
0432 pf 04 -0.940 -0.320  0.993 1
0432 pf 05 -0.071  0.965  0.967 7
0432 pf 06 -0.649  0.909  1.117 7
0432 pf 07 -1.687 -0.128  1.691 1
0432 pf 08 -0.278  0.564  0.629 7
0432 pf 09 -0.924  0.198  0.945 8
0432 pf 10 -1.156 -0.006  1.156 1
0456 em 00 -0.767  0.362  0.848 8
0456 cf 00 -0.906 -0.165  0.921 1
0456 pf 01 -0.533  0.417  0.677 8
0456 pf 02 -0.658  1.203  1.371 7
0456 pf 03 -0.510  0.611  0.796 7
0456 pf 04 -1.064 -0.459  1.159 1
0456 pf 05  0.042  1.223  1.224 6
0456 pf 06 -0.381  0.874  0.954 7
0456 pf 07 -1.832 -0.365  1.868 1
0456 pf 08 -0.582  0.623  0.853 7
0456 pf 09 -0.786  0.051  0.788 8
0456 pf 10 -1.249 -0.109  1.254 1
0480 em 00 -0.756  0.324  0.823 8
0480 cf 00 -0.899 -0.332  0.959 1
0480 pf 01 -0.618  0.506  0.799 8
0480 pf 02 -0.623  0.682  0.923 7
0480 pf 03 -0.558  0.629  0.841 7
0480 pf 04 -1.084 -0.493  1.191 1
0480 pf 05 -0.080  1.458  1.460 7
0480 pf 06 -0.361  0.978  1.043 7
0480 pf 07 -1.669 -0.523  1.749 1
0480 pf 08 -0.562  0.671  0.875 7
0480 pf 09 -0.723 -0.175  0.744 1
0480 pf 10 -1.165  0.068  1.167 8
0504 em 00 -0.688  0.244  0.730 8
0504 cf 00 -0.820 -0.262  0.861 1
0504 pf 01 -0.350  0.563  0.663 7
0504 pf 02 -0.666  0.474  0.817 8
0504 pf 03 -0.493  0.321  0.589 8
0504 pf 04 -1.027 -0.672  1.227 1
0504 pf 05 -0.327  1.181  1.226 7
0504 pf 06 -0.714  0.797  1.070 7
0504 pf 07 -1.243 -0.600  1.380 1
0504 pf 08 -0.551  0.626  0.834 7
0504 pf 09 -0.545 -0.027  0.546 1
0504 pf 10 -0.842  0.198  0.865 8
0528 em 00 -0.662  0.170  0.684 8
0528 cf 00 -0.798 -0.056  0.800 1
0528 pf 01 -0.494  0.265  0.561 8
0528 pf 02 -0.888  0.012  0.889 8
0528 pf 03 -0.390  0.109  0.405 8
0528 pf 04 -1.143 -0.478  1.239 1
0528 pf 05 -0.250  0.631  0.679 7
0528 pf 06 -0.681  0.776  1.032 7
0528 pf 07 -1.068 -0.388  1.136 1
0528 pf 08 -0.490  0.849  0.980 7
0528 pf 09 -0.639 -0.034  0.640 1
0528 pf 10 -0.425  0.119  0.441 8
0552 em 00 -0.656  0.145  0.671 8
0552 cf 00 -0.678  0.098  0.685 8
0552 pf 01 -0.670  0.049  0.672 8
0552 pf 02 -0.971  0.029  0.971 8
0552 pf 03 -0.448  0.072  0.454 8
0552 pf 04 -1.240 -0.319  1.280 1
0552 pf 05 -0.253  0.210  0.328 8
0552 pf 06 -0.527  0.686  0.865 7
0552 pf 07 -0.873 -0.076  0.876 1
0552 pf 08 -0.350  0.917  0.982 7
0552 pf 09 -0.749  0.013  0.749 8
0552 pf 10 -0.417 -0.141  0.440 1
0576 em 00 -0.570  0.157  0.591 8
0576 cf 00 -0.673  0.069  0.676 8
0576 pf 01 -0.436  0.088  0.445 8
0576 pf 02 -0.721 -0.157  0.738 1
0576 pf 03 -0.478  0.133  0.496 8
0576 pf 04 -1.118 -0.273  1.151 1
0576 pf 05 -0.255  0.285  0.383 7
0576 pf 06 -0.274  0.520  0.588 7
0576 pf 07 -0.784  0.016  0.784 8
0576 pf 08 -0.392  0.949  1.027 7
0576 pf 09 -0.712  0.076  0.716 8
0576 pf 10 -0.374 -0.041  0.376 1
0600 em 00 -0.535  0.127  0.549 8
0600 cf 00 -0.705 -0.100  0.712 1
0600 pf 01 -0.089  0.231  0.247 7
0600 pf 02 -0.702 -0.034  0.703 1
0600 pf 03 -0.486  0.100  0.496 8
0600 pf 04 -1.017 -0.483  1.126 1
0600 pf 05 -0.229  0.602  0.644 7
0600 pf 06  0.037  0.337  0.339 6
0600 pf 07 -0.787  0.173  0.805 8
0600 pf 08 -0.648  0.704  0.957 7
0600 pf 09 -0.724  0.076  0.728 8
0600 pf 10 -0.491 -0.277  0.563 1
0624 em 00 -0.490  0.156  0.514 8
0624 cf 00 -0.536 -0.094  0.544 1
0624 pf 01  0.182  0.103  0.209 5
0624 pf 02 -0.838  0.103  0.844 8
0624 pf 03 -0.735  0.127  0.746 8
0624 pf 04 -1.184 -0.583  1.320 1
0624 pf 05 -0.206  0.986  1.008 7
0624 pf 06  0.135  0.397  0.419 6
0624 pf 07 -0.649  0.253  0.697 8
0624 pf 08 -0.685  0.527  0.865 8
0624 pf 09 -0.394  0.115  0.410 8
0624 pf 10 -0.461 -0.300  0.550 1
0648 em 00 -0.440  0.168  0.471 8
0648 cf 00 -0.235 -0.108  0.258 1
0648 pf 01  0.280  0.130  0.308 5
0648 pf 02 -1.028  0.263  1.061 8
0648 pf 03 -0.965  0.102  0.971 8
0648 pf 04 -1.041 -0.778  1.300 1
0648 pf 05  0.104  1.294  1.298 6
0648 pf 06  0.130  0.839  0.849 6
0648 pf 07 -0.387  0.179  0.427 8
0648 pf 08 -0.886  0.403  0.974 8
0648 pf 09 -0.368 -0.035  0.370 1
0648 pf 10 -0.410 -0.520  0.662 2
0672 em 00 -0.424  0.206  0.471 8
0672 cf 00 -0.095 -0.095  0.134 1
0672 pf 01  0.553  0.234  0.600 5
0672 pf 02 -1.071  0.061  1.073 8
0672 pf 03 -0.762  0.258  0.804 8
0672 pf 04 -1.180 -0.774  1.411 1
0672 pf 05 -0.290  1.633  1.659 7
0672 pf 06  0.094  1.128  1.132 6
0672 pf 07 -0.301  0.003  0.301 8
0672 pf 08 -0.929  0.463  1.038 8
0672 pf 09 -0.440  0.009  0.440 8
0672 pf 10 -0.174 -0.733  0.753 2
0696 em 00 -0.448  0.224  0.501 8
0696 cf 00 -0.169 -0.082  0.188 1
0696 pf 01  0.602  0.238  0.647 5
0696 pf 02 -1.046 -0.055  1.047 1
0696 pf 03 -0.704  0.356  0.789 8
0696 pf 04 -0.883 -0.838  1.218 1
0696 pf 05 -0.700  1.608  1.754 7
0696 pf 06 -0.009  1.241  1.241 7
0696 pf 07 -0.408 -0.031  0.410 1
0696 pf 08 -0.951  0.524  1.086 8
0696 pf 09 -0.448  0.020  0.449 8
0696 pf 10 -0.105 -0.599  0.608 2
0720 em 00 -0.414  0.276  0.498 8
0720 cf 00 -0.226  0.071  0.237 8
0720 pf 01  0.621  0.423  0.751 5
0720 pf 02 -1.162 -0.195  1.178 1
0720 pf 03 -0.626  0.260  0.677 8
0720 pf 04 -0.706 -0.935  1.172 2
0720 pf 05 -1.091  1.387  1.765 7
0720 pf 06 -0.240  1.273  1.296 7
0720 pf 07 -0.227  0.043  0.231 8
0720 pf 08 -0.742  0.673  1.002 8
0720 pf 09 -0.187  0.229  0.295 7
0720 pf 10  0.181 -0.253  0.311 3
0744 em 00 -0.365  0.302  0.473 8
0744 cf 00 -0.246  0.350  0.428 7
0744 pf 01  0.304  0.678  0.743 6
0744 pf 02 -1.206 -0.273  1.236 1
0744 pf 03 -0.804 -0.001  0.804 1
0744 pf 04  0.015 -0.832  0.832 3
0744 pf 05 -1.124  1.153  1.610 7
0744 pf 06 -0.520  1.305  1.405 7
0744 pf 07  0.057 -0.040  0.070 4
0744 pf 08 -0.618  0.605  0.865 8
0744 pf 09 -0.089  0.414  0.423 7
0744 pf 10  0.372 -0.093  0.384 4
0768 em 00 -0.418  0.301  0.515 8
0768 cf 00 -0.444  0.478  0.652 7
0768 pf 01 -0.126  0.718  0.730 7
0768 pf 02 -1.004 -0.539  1.139 1
0768 pf 03 -0.890 -0.070  0.893 1
0768 pf 04  0.321 -0.742  0.809 3
0768 pf 05 -1.433  0.856  1.669 8
0768 pf 06 -1.000  1.054  1.452 7
0768 pf 07  0.294  0.069  0.302 5
0768 pf 08 -0.753  0.627  0.980 8
0768 pf 09 -0.258  0.706  0.751 7
0768 pf 10  0.868  0.106  0.874 5
0792 em 00 -0.475  0.307  0.565 8
0792 cf 00 -0.577  0.481  0.752 8
0792 pf 01 -0.448  0.526  0.691 7
0792 pf 02 -0.903 -0.726  1.159 1
0792 pf 03 -0.685 -0.125  0.697 1
0792 pf 04  0.340 -0.516  0.617 3
0792 pf 05 -1.529  0.569  1.631 8
0792 pf 06 -1.323  1.375  1.908 7
0792 pf 07  0.504  0.290  0.581 5
0792 pf 08 -0.805  0.617  1.014 8
0792 pf 09 -0.598  0.543  0.808 8
0792 pf 10  0.965  0.323  1.017 5
0816 em 00 -0.534  0.355  0.641 8
0816 cf 00 -0.505  0.638  0.814 7
0816 pf 01 -0.466  0.562  0.730 7
0816 pf 02 -0.922 -0.596  1.098 1
0816 pf 03 -0.559 -0.263  0.618 1
0816 pf 04  0.196 -0.104  0.222 4
0816 pf 05 -1.427  0.436  1.492 8
0816 pf 06 -1.688  1.181  2.060 8
0816 pf 07  0.764  0.736  1.061 5
0816 pf 08 -1.108  0.445  1.195 8
0816 pf 09 -0.821  0.392  0.910 8
0816 pf 10  0.826  0.456  0.944 5
0840 em 00 -0.547  0.284  0.616 8
0840 cf 00 -0.417  0.707  0.821 7
0840 pf 01 -0.455  0.147  0.478 8
0840 pf 02 -0.818 -0.522  0.971 1
0840 pf 03 -0.469 -0.160  0.496 1
0840 pf 04  0.134  0.088  0.160 5
0840 pf 05 -1.264 -0.019  1.264 1
0840 pf 06 -1.836  1.063  2.121 8
0840 pf 07  0.982  1.008  1.408 6
0840 pf 08 -1.251  0.049  1.252 8
0840 pf 09 -1.220  0.108  1.225 8
0840 pf 10  0.738  0.642  0.978 5
0864 em 00 -0.515  0.242  0.569 8
0864 cf 00 -0.503  0.867  1.002 7
0864 pf 01 -0.284 -0.117  0.307 1
0864 pf 02 -0.419 -0.307  0.519 1
0864 pf 03  0.033 -0.156  0.160 3
0864 pf 04  0.014  0.313  0.314 6
0864 pf 05 -1.372 -0.149  1.380 1
0864 pf 06 -1.506  0.928  1.769 8
0864 pf 07  0.595  1.026  1.186 6
0864 pf 08 -1.357  0.080  1.359 8
0864 pf 09 -1.433 -0.337  1.472 1
0864 pf 10  0.689  0.515  0.860 5
0888 em 00 -0.490  0.130  0.507 8
0888 cf 00 -0.737  0.768  1.065 7
0888 pf 01 -0.399 -0.433  0.589 2
0888 pf 02 -0.110 -0.412  0.426 2
0888 pf 03  0.433 -0.240  0.495 4
0888 pf 04 -0.145  0.068  0.161 8
0888 pf 05 -1.276 -0.300  1.311 1
0888 pf 06 -1.535  0.672  1.675 8
0888 pf 07  0.394  1.308  1.366 6
0888 pf 08 -1.110 -0.088  1.114 1
0888 pf 09 -1.501 -0.502  1.582 1
0888 pf 10  0.736  0.612  0.957 5
0912 em 00 -0.431  0.049  0.433 8
0912 cf 00 -0.500  0.709  0.868 7
0912 pf 01 -0.403 -0.610  0.731 2
0912 pf 02  0.286 -0.262  0.388 4
0912 pf 03  0.667 -0.366  0.761 4
0912 pf 04 -0.205  0.105  0.230 8
0912 pf 05 -1.135 -0.428  1.213 1
0912 pf 06 -1.654  0.366  1.694 8
0912 pf 07  0.147  1.236  1.245 6
0912 pf 08 -1.144 -0.228  1.167 1
0912 pf 09 -1.352 -0.539  1.456 1
0912 pf 10  0.709  0.602  0.930 5
0936 em 00 -0.408 -0.047  0.410 1
0936 cf 00 -0.060  0.711  0.713 7
0936 pf 01 -0.558 -0.376  0.673 1
0936 pf 02  0.246 -0.290  0.381 3
0936 pf 03  0.824 -0.417  0.924 4
0936 pf 04 -0.087  0.222  0.239 7
0936 pf 05 -1.010 -0.657  1.205 1
0936 pf 06 -1.455  0.198  1.468 8
0936 pf 07 -0.226  0.969  0.995 7
0936 pf 08 -1.349 -0.479  1.431 1
0936 pf 09 -1.019 -0.790  1.289 1
0936 pf 10  0.338  0.449  0.562 6
0960 em 00 -0.325 -0.074  0.334 1
0960 cf 00 -0.056  0.858  0.860 7
0960 pf 01 -0.610 -0.568  0.834 1
0960 pf 02  0.275 -0.177  0.327 4
0960 pf 03  1.018 -0.363  1.080 4
0960 pf 04  0.476  0.486  0.681 6
0960 pf 05 -0.897 -0.778  1.187 1
0960 pf 06 -1.500  0.150  1.508 8
0960 pf 07 -0.335  0.577  0.667 7
0960 pf 08 -1.163 -0.523  1.275 1
0960 pf 09 -0.702 -0.989  1.213 2
0960 pf 10  0.001  0.562  0.562 6
0984 em 00 -0.317 -0.154  0.353 1
0984 cf 00 -0.237  0.801  0.835 7
0984 pf 01 -0.616 -0.746  0.968 2
0984 pf 02  0.253 -0.165  0.302 4
0984 pf 03  1.088 -0.287  1.125 4
0984 pf 04  0.747  0.805  1.098 6
0984 pf 05 -0.654 -0.752  0.997 2
0984 pf 06 -1.311 -0.067  1.312 1
0984 pf 07 -0.570  0.090  0.577 8
0984 pf 08 -1.199 -0.626  1.353 1
0984 pf 09 -0.552 -0.918  1.071 2
0984 pf 10 -0.373  0.249  0.448 8
1008 em 00 -0.348 -0.189  0.396 1
1008 cf 00 -0.577  0.710  0.914 7
1008 pf 01 -0.558 -0.845  1.013 2
1008 pf 02  0.266 -0.191  0.328 4
1008 pf 03  1.093  0.040  1.094 5
1008 pf 04  0.644  0.921  1.124 6
1008 pf 05 -0.238 -0.751  0.788 2
1008 pf 06 -1.542 -0.255  1.563 1
1008 pf 07 -0.901 -0.196  0.922 1
1008 pf 08 -1.139 -0.724  1.349 1
1008 pf 09 -0.518 -0.944  1.077 2
1008 pf 10 -0.294  0.258  0.391 8
1032 em 00 -0.247 -0.208  0.323 1
1032 cf 00 -0.690  0.901  1.135 7
1032 pf 01 -0.364 -0.835  0.911 2
1032 pf 02  0.328 -0.088  0.340 4
1032 pf 03  1.051  0.207  1.071 5
1032 pf 04  0.710  1.062  1.278 6
1032 pf 05  0.308 -0.669  0.737 3
1032 pf 06 -1.615 -0.307  1.644 1
1032 pf 07 -0.598 -0.478  0.765 1
1032 pf 08 -0.958 -1.077  1.442 2
1032 pf 09 -0.470 -1.031  1.133 2
1032 pf 10 -0.323  0.126  0.347 8
1056 em 00 -0.192 -0.179  0.262 1
1056 cf 00 -0.890  0.941  1.295 7
1056 pf 01 -0.272 -1.069  1.103 2
1056 pf 02  0.364  0.219  0.425 5
1056 pf 03  0.562  0.524  0.768 5
1056 pf 04  0.722  1.077  1.296 6
1056 pf 05  0.543 -0.418  0.685 4
1056 pf 06 -1.261 -0.305  1.298 1
1056 pf 07 -0.135 -0.908  0.918 2
1056 pf 08 -0.793 -1.077  1.337 2
1056 pf 09 -0.418 -1.018  1.100 2
1056 pf 10 -0.434  0.161  0.463 8
1080 em 00 -0.068 -0.181  0.193 2
1080 cf 00 -0.721  0.841  1.108 7
1080 pf 01  0.041 -1.076  1.077 3
1080 pf 02  0.333  0.080  0.342 5
1080 pf 03  0.201  0.736  0.763 6
1080 pf 04  0.818  1.027  1.313 6
1080 pf 05  0.617 -0.337  0.703 4
1080 pf 06 -0.963 -0.459  1.066 1
1080 pf 07  0.185 -0.918  0.937 3
1080 pf 08 -0.599 -1.094  1.248 2
1080 pf 09  0.090 -1.027  1.031 3
1080 pf 10 -0.666  0.331  0.743 8
1104 em 00  0.056 -0.175  0.183 3
1104 cf 00 -0.486  0.728  0.876 7
1104 pf 01  0.084 -1.370  1.373 3
1104 pf 02  0.402  0.360  0.540 5
1104 pf 03  0.096  0.709  0.715 6
1104 pf 04  0.861  1.195  1.473 6
1104 pf 05  0.600 -0.544  0.810 4
1104 pf 06 -0.835 -0.551  1.000 1
1104 pf 07  0.340 -0.665  0.747 3
1104 pf 08 -0.465 -1.142  1.233 2
1104 pf 09  0.301 -1.024  1.067 3
1104 pf 10 -0.209  0.485  0.529 7
