ecmf prod rf 2013020600 20230206 11 046
0024 em 00 -0.858 -1.420  1.659 2
0024 cf 00 -0.889 -1.362  1.627 2
0024 pf 01 -0.912 -1.430  1.696 2
0024 pf 02 -0.908 -1.442  1.704 2
0024 pf 03 -0.884 -1.445  1.694 2
0024 pf 04 -0.843 -1.417  1.649 2
0024 pf 05 -0.718 -1.386  1.561 2
0024 pf 06 -0.757 -1.398  1.590 2
0024 pf 07 -0.773 -1.544  1.727 2
0024 pf 08 -1.030 -1.320  1.674 2
0024 pf 09 -0.728 -1.276  1.469 2
0024 pf 10 -0.911 -1.374  1.649 2
0048 em 00 -0.957 -1.035  1.410 2
0048 cf 00 -0.994 -1.044  1.442 2
0048 pf 01 -1.026 -1.157  1.547 2
0048 pf 02 -0.993 -1.090  1.475 2
0048 pf 03 -1.000 -1.070  1.465 2
0048 pf 04 -0.980 -1.007  1.405 2
0048 pf 05 -0.735 -0.804  1.089 2
0048 pf 06 -0.961 -1.001  1.388 2
0048 pf 07 -0.876 -1.210  1.494 2
0048 pf 08 -1.117 -0.864  1.412 1
0048 pf 09 -0.791 -0.778  1.110 1
0048 pf 10 -0.957 -1.193  1.529 2
0072 em 00 -1.233 -1.109  1.659 1
0072 cf 00 -1.313 -1.126  1.730 1
0072 pf 01 -1.251 -1.236  1.759 1
0072 pf 02 -1.297 -1.116  1.711 1
0072 pf 03 -1.415 -1.007  1.737 1
0072 pf 04 -1.217 -1.007  1.579 1
0072 pf 05 -0.994 -0.959  1.381 1
0072 pf 06 -1.384 -1.163  1.808 1
0072 pf 07 -0.952 -1.191  1.525 2
0072 pf 08 -1.480 -1.077  1.830 1
0072 pf 09 -1.066 -0.938  1.420 1
0072 pf 10 -1.095 -1.230  1.647 2
0096 em 00 -1.240 -1.152  1.693 1
0096 cf 00 -1.310 -1.077  1.696 1
0096 pf 01 -1.240 -1.367  1.845 2
0096 pf 02 -1.348 -1.030  1.697 1
0096 pf 03 -1.446 -1.121  1.830 1
0096 pf 04 -1.211 -1.052  1.604 1
0096 pf 05 -0.987 -1.168  1.529 2
0096 pf 06 -1.455 -1.220  1.899 1
0096 pf 07 -0.973 -0.955  1.363 1
0096 pf 08 -1.442 -1.086  1.806 1
0096 pf 09 -0.986 -1.145  1.511 2
0096 pf 10 -1.150 -1.323  1.752 2
0120 em 00 -0.907 -1.414  1.680 2
0120 cf 00 -0.877 -1.427  1.675 2
0120 pf 01 -0.826 -1.899  2.071 2
0120 pf 02 -0.999 -1.171  1.540 2
0120 pf 03 -1.284 -1.342  1.857 2
0120 pf 04 -0.975 -1.251  1.586 2
0120 pf 05 -0.596 -1.435  1.554 2
0120 pf 06 -1.271 -1.328  1.838 2
0120 pf 07 -0.620 -1.232  1.379 2
0120 pf 08 -0.944 -1.485  1.759 2
0120 pf 09 -0.756 -1.218  1.434 2
0120 pf 10 -0.789 -1.621  1.803 2
0144 em 00 -0.650 -1.726  1.844 2
0144 cf 00 -0.603 -1.681  1.786 2
0144 pf 01 -0.457 -2.364  2.408 2
0144 pf 02 -0.732 -1.405  1.584 2
0144 pf 03 -1.241 -1.769  2.161 2
0144 pf 04 -0.851 -1.473  1.702 2
0144 pf 05 -0.399 -1.743  1.788 2
0144 pf 06 -1.169 -1.710  2.071 2
0144 pf 07 -0.415 -1.593  1.647 2
0144 pf 08 -0.363 -1.993  2.026 2
0144 pf 09 -0.337 -1.304  1.347 2
0144 pf 10 -0.564 -1.788  1.875 2
0168 em 00 -0.426 -1.963  2.009 2
0168 cf 00 -0.478 -2.004  2.060 2
0168 pf 01 -0.104 -2.540  2.542 2
0168 pf 02 -0.335 -1.666  1.699 2
0168 pf 03 -0.778 -2.071  2.212 2
0168 pf 04 -0.675 -1.700  1.830 2
0168 pf 05 -0.024 -2.100  2.100 2
0168 pf 06 -1.285 -1.905  2.298 2
0168 pf 07 -0.335 -1.837  1.867 2
0168 pf 08 -0.139 -2.172  2.176 2
0168 pf 09 -0.252 -1.323  1.347 2
0168 pf 10 -0.303 -2.117  2.139 2
0192 em 00 -0.059 -2.007  2.008 2
0192 cf 00 -0.139 -2.023  2.028 2
0192 pf 01  0.202 -2.607  2.614 3
0192 pf 02  0.455 -1.525  1.591 3
0192 pf 03 -0.396 -2.140  2.176 2
0192 pf 04  0.027 -1.568  1.568 3
0192 pf 05  0.359 -1.908  1.941 3
0192 pf 06 -0.908 -2.411  2.577 2
0192 pf 07  0.020 -2.042  2.042 3
0192 pf 08 -0.256 -2.340  2.354 2
0192 pf 09 -0.039 -1.347  1.348 2
0192 pf 10 -0.054 -1.983  1.984 2
0216 em 00  0.456 -1.843  1.898 3
0216 cf 00  0.407 -1.780  1.826 3
0216 pf 01  0.757 -2.656  2.762 3
0216 pf 02  1.048 -1.015  1.459 4
0216 pf 03 -0.038 -1.870  1.871 2
0216 pf 04  0.784 -1.384  1.591 3
0216 pf 05  0.733 -1.771  1.917 3
0216 pf 06 -0.415 -2.383  2.419 2
0216 pf 07  0.505 -1.818  1.887 3
0216 pf 08  0.115 -2.179  2.182 3
0216 pf 09  0.401 -1.275  1.337 3
0216 pf 10  0.577 -1.990  2.072 3
0240 em 00  0.908 -1.638  1.873 3
0240 cf 00  0.849 -1.524  1.744 3
0240 pf 01  1.383 -2.430  2.796 3
0240 pf 02  1.747 -0.669  1.871 4
0240 pf 03  0.259 -1.740  1.759 3
0240 pf 04  1.075 -1.266  1.660 3
0240 pf 05  1.378 -1.662  2.159 3
0240 pf 06  0.006 -2.380  2.380 3
0240 pf 07  0.833 -1.545  1.755 3
0240 pf 08  0.560 -1.848  1.931 3
0240 pf 09  0.778 -0.994  1.262 3
0240 pf 10  0.927 -1.828  2.050 3
0264 em 00  1.121 -1.336  1.744 3
0264 cf 00  1.055 -1.130  1.546 3
0264 pf 01  1.450 -1.873  2.369 3
0264 pf 02  1.987 -0.349  2.018 4
0264 pf 03  0.488 -1.480  1.558 3
0264 pf 04  1.552 -0.880  1.784 4
0264 pf 05  1.687 -1.294  2.126 4
0264 pf 06  0.235 -2.058  2.072 3
0264 pf 07  0.930 -1.529  1.790 3
0264 pf 08  0.694 -1.648  1.788 3
0264 pf 09  1.063 -0.441  1.150 4
0264 pf 10  0.970 -1.891  2.125 3
0288 em 00  1.261 -0.971  1.592 4
0288 cf 00  1.445 -0.888  1.697 4
0288 pf 01  1.561 -1.410  2.104 4
0288 pf 02  2.127  0.077  2.129 5
0288 pf 03  0.749 -1.260  1.466 3
0288 pf 04  1.367 -0.614  1.499 4
0288 pf 05  1.773 -0.814  1.951 4
0288 pf 06  0.643 -1.893  1.999 3
0288 pf 07  1.108 -1.183  1.621 3
0288 pf 08  0.448 -1.173  1.255 3
0288 pf 09  1.175 -0.202  1.192 4
0288 pf 10  1.254 -1.215  1.746 4
0312 em 00  1.298 -0.709  1.479 4
0312 cf 00  1.457 -0.592  1.573 4
0312 pf 01  1.476 -0.786  1.672 4
0312 pf 02  1.825  0.411  1.871 5
0312 pf 03  0.937 -0.918  1.312 4
0312 pf 04  1.389 -0.580  1.505 4
0312 pf 05  1.748 -0.491  1.816 4
0312 pf 06  0.996 -1.656  1.932 3
0312 pf 07  1.059 -1.383  1.742 3
0312 pf 08  0.549 -0.857  1.018 3
0312 pf 09  1.279 -0.016  1.279 4
0312 pf 10  1.339 -0.855  1.589 4
0336 em 00  1.255 -0.482  1.345 4
0336 cf 00  1.650 -0.479  1.718 4
0336 pf 01  1.686 -0.464  1.749 4
0336 pf 02  1.887  0.755  2.032 5
0336 pf 03  1.186 -0.509  1.291 4
0336 pf 04  1.047 -0.485  1.153 4
0336 pf 05  1.471 -0.274  1.497 4
0336 pf 06  1.083 -1.443  1.804 3
0336 pf 07  0.733 -1.416  1.595 3
0336 pf 08  0.688 -0.526  0.866 4
0336 pf 09  1.240  0.119  1.246 5
0336 pf 10  0.940 -0.547  1.087 4
0360 em 00  1.179 -0.265  1.208 4
0360 cf 00  1.794 -0.281  1.816 4
0360 pf 01  1.556 -0.402  1.607 4
0360 pf 02  1.993  1.310  2.385 5
0360 pf 03  1.310 -0.248  1.334 4
0360 pf 04  0.804 -0.195  0.827 4
0360 pf 05  1.314 -0.247  1.337 4
0360 pf 06  0.694 -1.557  1.705 3
0360 pf 07  0.720 -1.188  1.389 3
0360 pf 08  0.741 -0.033  0.742 4
0360 pf 09  1.118  0.254  1.146 5
0360 pf 10  0.756 -0.339  0.828 4
0384 em 00  1.122  0.018  1.122 5
0384 cf 00  1.690 -0.176  1.699 4
0384 pf 01  1.509 -0.134  1.515 4
0384 pf 02  1.606  1.485  2.187 5
0384 pf 03  1.729  0.079  1.731 5
0384 pf 04  0.604  0.097  0.612 5
0384 pf 05  1.105 -0.130  1.112 4
0384 pf 06  0.920 -1.114  1.444 3
0384 pf 07  0.630 -0.731  0.965 3
0384 pf 08  0.629  0.316  0.704 5
0384 pf 09  1.020  0.598  1.183 5
0384 pf 10  0.757 -0.166  0.775 4
0408 em 00  1.031  0.034  1.032 5
0408 cf 00  1.527 -0.084  1.530 4
0408 pf 01  1.254  0.107  1.258 5
0408 pf 02  1.112  1.663  2.001 6
0408 pf 03  1.769 -0.111  1.772 4
0408 pf 04  0.760  0.117  0.769 5
0408 pf 05  0.908 -0.466  1.020 4
0408 pf 06  0.673 -1.429  1.580 3
0408 pf 07  0.643 -0.765  0.999 3
0408 pf 08  0.894  0.458  1.004 5
0408 pf 09  0.801  0.664  1.040 5
0408 pf 10  0.873  0.168  0.889 5
0432 em 00  0.888  0.062  0.891 5
0432 cf 00  1.506  0.167  1.516 5
0432 pf 01  1.148  0.165  1.159 5
0432 pf 02  0.015  1.692  1.693 6
0432 pf 03  1.393 -0.097  1.397 4
0432 pf 04  0.528 -0.033  0.529 4
0432 pf 05  0.831 -0.448  0.945 4
0432 pf 06  0.735 -1.328  1.518 3
0432 pf 07  0.879 -0.760  1.162 4
0432 pf 08  0.966  0.580  1.127 5
0432 pf 09  0.583  0.501  0.769 5
0432 pf 10  1.061  0.194  1.079 5
0456 em 00  0.793  0.101  0.799 5
0456 cf 00  1.458  0.120  1.463 5
0456 pf 01  1.118 -0.059  1.120 4
0456 pf 02 -0.667  1.499  1.641 7
0456 pf 03  1.399  0.223  1.417 5
0456 pf 04  0.387  0.040  0.389 5
0456 pf 05  0.870 -0.183  0.889 4
0456 pf 06  0.821 -1.257  1.501 3
0456 pf 07  1.016 -0.708  1.238 4
0456 pf 08  0.677  0.389  0.780 5
0456 pf 09  0.436  0.502  0.665 6
0456 pf 10  1.073  0.507  1.187 5
0480 em 00  0.740  0.098  0.746 5
0480 cf 00  1.540 -0.105  1.543 4
0480 pf 01  1.224 -0.273  1.254 4
0480 pf 02 -1.161  1.253  1.709 7
0480 pf 03  1.223  0.227  1.244 5
0480 pf 04  0.454  0.249  0.518 5
0480 pf 05  1.386 -0.009  1.386 4
0480 pf 06  0.789 -1.106  1.359 3
0480 pf 07  1.080 -0.647  1.259 4
0480 pf 08 -0.246  0.128  0.277 8
0480 pf 09  0.616  0.394  0.731 5
0480 pf 10  1.102  0.909  1.428 5
0504 em 00  0.834  0.191  0.855 5
0504 cf 00  1.672 -0.065  1.673 4
0504 pf 01  1.331 -0.170  1.342 4
0504 pf 02 -1.003  0.952  1.383 8
0504 pf 03  1.124  0.571  1.261 5
0504 pf 04  0.859  0.344  0.926 5
0504 pf 05  1.787 -0.142  1.793 4
0504 pf 06  0.781 -0.840  1.147 3
0504 pf 07  1.447 -0.280  1.474 4
0504 pf 08 -0.647  0.074  0.651 8
0504 pf 09  0.710  0.284  0.764 5
0504 pf 10  0.970  1.303  1.624 6
0528 em 00  0.821  0.100  0.827 5
0528 cf 00  1.673  0.071  1.675 5
0528 pf 01  0.951 -0.072  0.953 4
0528 pf 02 -0.563  0.315  0.645 8
0528 pf 03  1.072  0.286  1.109 5
0528 pf 04  1.060  0.180  1.075 5
0528 pf 05  1.526 -0.189  1.538 4
0528 pf 06  0.874 -0.942  1.285 3
0528 pf 07  1.478  0.175  1.489 5
0528 pf 08 -0.377 -0.682  0.779 2
0528 pf 09  0.612  0.545  0.820 5
0528 pf 10  0.612  1.355  1.487 6
0552 em 00  0.698  0.087  0.703 5
0552 cf 00  1.522  0.079  1.524 5
0552 pf 01  0.856 -0.019  0.856 4
0552 pf 02 -0.428  0.489  0.650 7
0552 pf 03  1.206  0.034  1.207 5
0552 pf 04  0.743  0.053  0.745 5
0552 pf 05  1.366 -0.305  1.399 4
0552 pf 06  0.944 -0.931  1.326 4
0552 pf 07  1.362  0.334  1.403 5
0552 pf 08 -0.049 -1.144  1.145 2
0552 pf 09  0.075  0.799  0.802 6
0552 pf 10 -0.020  1.519  1.519 7
0576 em 00  0.640  0.068  0.643 5
0576 cf 00  1.667 -0.079  1.669 4
0576 pf 01  0.648 -0.071  0.652 4
0576 pf 02 -0.706  0.519  0.877 8
0576 pf 03  1.464 -0.021  1.464 4
0576 pf 04  0.754 -0.177  0.774 4
0576 pf 05  1.395  0.103  1.398 5
0576 pf 06  0.964 -0.767  1.232 4
0576 pf 07  1.142  0.320  1.186 5
0576 pf 08  0.276 -1.494  1.520 3
0576 pf 09  0.155  1.121  1.131 6
0576 pf 10 -0.827  1.245  1.494 7
0600 em 00  0.613  0.012  0.613 5
0600 cf 00  1.557 -0.218  1.572 4
0600 pf 01  0.604 -0.048  0.606 4
0600 pf 02 -0.513  0.789  0.941 7
0600 pf 03  1.560 -0.013  1.560 4
0600 pf 04  0.763 -0.543  0.936 4
0600 pf 05  1.308  0.430  1.377 5
0600 pf 06  0.862 -0.646  1.077 4
0600 pf 07  1.007  0.094  1.011 5
0600 pf 08  0.679 -1.852  1.973 3
0600 pf 09  0.000  1.154  1.154 7
0600 pf 10 -1.177  0.949  1.512 8
0624 em 00  0.603  0.006  0.603 5
0624 cf 00  1.252 -0.369  1.306 4
0624 pf 01  0.271  0.070  0.280 5
0624 pf 02 -0.073  0.605  0.610 7
0624 pf 03  1.659  0.148  1.665 5
0624 pf 04  0.742 -0.602  0.955 4
0624 pf 05  1.213  0.956  1.545 5
0624 pf 06  0.951 -0.483  1.067 4
0624 pf 07  0.808 -0.080  0.812 4
0624 pf 08  1.235 -1.908  2.273 3
0624 pf 09 -0.230  1.130  1.153 7
0624 pf 10 -1.243  0.550  1.360 8
0648 em 00  0.570 -0.080  0.575 4
0648 cf 00  1.066 -0.438  1.153 4
0648 pf 01 -0.130  0.002  0.130 8
0648 pf 02 -0.392  0.448  0.596 7
0648 pf 03  1.527  0.153  1.534 5
0648 pf 04  0.688 -0.652  0.948 4
0648 pf 05  1.422  1.164  1.837 5
0648 pf 06  1.297 -0.458  1.375 4
0648 pf 07  1.062 -0.123  1.069 4
0648 pf 08  1.495 -1.985  2.484 3
0648 pf 09 -0.718  0.722  1.019 7
0648 pf 10 -1.090  0.236  1.115 8
0672 em 00  0.634 -0.115  0.645 4
0672 cf 00  1.355 -0.084  1.357 4
0672 pf 01 -0.089 -0.004  0.089 1
0672 pf 02 -0.684  0.484  0.838 8
0672 pf 03  1.714  0.414  1.763 5
0672 pf 04  0.669 -0.550  0.866 4
0672 pf 05  1.221  1.337  1.811 6
0672 pf 06  1.337 -0.386  1.392 4
0672 pf 07  1.541 -0.280  1.567 4
0672 pf 08  1.984 -1.904  2.750 4
0672 pf 09 -1.262 -0.057  1.263 1
0672 pf 10 -0.867 -0.288  0.914 1
0696 em 00  0.691 -0.193  0.718 4
0696 cf 00  1.464 -0.220  1.481 4
0696 pf 01  0.097  0.063  0.115 5
0696 pf 02 -1.011  0.165  1.024 8
0696 pf 03  1.471  0.431  1.533 5
0696 pf 04  0.515 -0.600  0.791 3
0696 pf 05  1.395  1.517  2.061 6
0696 pf 06  1.503 -0.326  1.538 4
0696 pf 07  1.993 -0.443  2.042 4
0696 pf 08  2.076 -1.797  2.745 4
0696 pf 09 -1.298 -0.375  1.351 1
0696 pf 10 -0.655 -0.555  0.858 1
0720 em 00  0.710 -0.120  0.720 4
0720 cf 00  1.169 -0.025  1.170 4
0720 pf 01 -0.103 -0.015  0.104 1
0720 pf 02 -1.097  0.186  1.113 8
0720 pf 03  1.536  0.560  1.635 5
0720 pf 04  0.724 -0.616  0.950 4
0720 pf 05  1.437  1.775  2.284 6
0720 pf 06  1.529 -0.071  1.531 4
0720 pf 07  2.196 -0.489  2.250 4
0720 pf 08  1.930 -1.657  2.544 4
0720 pf 09 -1.101 -0.325  1.148 1
0720 pf 10 -0.453 -0.617  0.765 2
0744 em 00  0.671 -0.062  0.674 4
0744 cf 00  0.579  0.272  0.640 5
0744 pf 01 -0.188  0.369  0.414 7
0744 pf 02 -0.956  0.045  0.957 8
0744 pf 03  1.130  0.667  1.312 5
0744 pf 04  0.781 -1.066  1.322 3
0744 pf 05  1.694  2.214  2.788 6
0744 pf 06  1.480  0.074  1.481 5
0744 pf 07  1.902 -0.458  1.956 4
0744 pf 08  1.940 -1.287  2.328 4
0744 pf 09 -0.789 -0.676  1.039 1
0744 pf 10 -0.206 -0.800  0.826 2
0768 em 00  0.637  0.064  0.640 5
0768 cf 00  0.191  0.698  0.724 6
0768 pf 01 -0.152  0.680  0.697 7
0768 pf 02 -0.864 -0.138  0.875 1
0768 pf 03  0.873  0.734  1.140 5
0768 pf 04  1.058 -0.971  1.436 4
0768 pf 05  1.068  2.351  2.582 6
0768 pf 06  1.384  0.194  1.398 5
0768 pf 07  1.689 -0.139  1.695 4
0768 pf 08  2.234 -0.610  2.316 4
0768 pf 09 -0.388 -1.062  1.131 2
0768 pf 10 -0.078 -1.009  1.012 2
0792 em 00  0.650  0.129  0.663 5
0792 cf 00 -0.028  0.893  0.893 7
0792 pf 01 -0.074  0.764  0.767 7
0792 pf 02 -0.813 -0.411  0.911 1
0792 pf 03  0.972  1.350  1.664 6
0792 pf 04  1.307 -0.800  1.533 4
0792 pf 05  0.275  2.299  2.316 6
0792 pf 06  1.687  0.261  1.707 5
0792 pf 07  1.334  0.005  1.334 5
0792 pf 08  2.213 -0.246  2.227 4
0792 pf 09 -0.078 -1.461  1.463 2
0792 pf 10  0.353 -1.240  1.289 3
0816 em 00  0.609  0.231  0.652 5
0816 cf 00 -0.173  0.862  0.879 7
0816 pf 01 -0.167  1.057  1.070 7
0816 pf 02 -1.084 -0.591  1.235 1
0816 pf 03  0.835  1.430  1.656 6
0816 pf 04  1.768 -0.322  1.798 4
0816 pf 05 -0.547  2.040  2.113 7
0816 pf 06  1.817  0.509  1.886 5
0816 pf 07  1.293  0.309  1.330 5
0816 pf 08  1.780  0.044  1.780 5
0816 pf 09  0.328 -1.559  1.593 3
0816 pf 10  0.840 -1.251  1.507 3
0840 em 00  0.592  0.332  0.678 5
0840 cf 00 -0.249  0.758  0.798 7
0840 pf 01 -0.165  1.213  1.224 7
0840 pf 02 -1.055 -0.684  1.258 1
0840 pf 03  0.451  1.709  1.768 6
0840 pf 04  2.147 -0.134  2.152 4
0840 pf 05 -0.970  1.779  2.026 7
0840 pf 06  1.726  0.676  1.854 5
0840 pf 07  1.187  0.624  1.340 5
0840 pf 08  1.467  0.363  1.511 5
0840 pf 09  0.784 -1.608  1.789 3
0840 pf 10  1.181 -1.060  1.587 4
0864 em 00  0.624  0.449  0.769 5
0864 cf 00 -0.233  0.655  0.695 7
0864 pf 01 -0.069  1.562  1.563 7
0864 pf 02 -0.709 -0.680  0.982 1
0864 pf 03  0.234  1.520  1.538 6
0864 pf 04  2.131  0.240  2.144 5
0864 pf 05 -1.222  1.393  1.853 7
0864 pf 06  1.578  1.008  1.872 5
0864 pf 07  1.148  1.073  1.571 5
0864 pf 08  1.254  0.427  1.325 5
0864 pf 09  0.893 -1.685  1.907 3
0864 pf 10  1.848 -0.589  1.939 4
0888 em 00  0.617  0.467  0.774 5
0888 cf 00 -0.049  0.737  0.739 7
0888 pf 01  0.171  1.628  1.637 6
0888 pf 02 -0.356 -0.868  0.938 2
0888 pf 03  0.121  1.171  1.177 6
0888 pf 04  1.986  0.811  2.146 5
0888 pf 05 -1.633  1.045  1.939 8
0888 pf 06  0.841  1.118  1.399 6
0888 pf 07  0.657  1.198  1.366 6
0888 pf 08  1.641  0.436  1.698 5
0888 pf 09  1.059 -1.865  2.145 3
0888 pf 10  2.335 -0.289  2.352 4
0912 em 00  0.645  0.482  0.805 5
0912 cf 00  0.040  0.892  0.893 6
0912 pf 01  0.232  1.339  1.358 6
0912 pf 02  0.080 -0.894  0.898 3
0912 pf 03 -0.279  1.269  1.300 7
0912 pf 04  1.751  0.888  1.963 5
0912 pf 05 -1.524  0.867  1.753 8
0912 pf 06  0.336  1.392  1.432 6
0912 pf 07  0.357  1.037  1.097 6
0912 pf 08  1.819  0.385  1.859 5
0912 pf 09  1.353 -1.851  2.293 3
0912 pf 10  2.901 -0.029  2.902 4
0936 em 00  0.549  0.491  0.737 5
0936 cf 00  0.185  1.019  1.036 6
0936 pf 01 -0.070  0.944  0.946 7
0936 pf 02  0.441 -0.608  0.751 3
0936 pf 03 -0.749  1.249  1.457 7
0936 pf 04  1.173  0.872  1.462 5
0936 pf 05 -1.468  0.383  1.517 8
0936 pf 06 -0.003  1.365  1.365 7
0936 pf 07  0.078  1.056  1.059 6
0936 pf 08  1.743  0.279  1.765 5
0936 pf 09  1.419 -1.645  2.173 3
0936 pf 10  3.276  0.502  3.314 5
0960 em 00  0.433  0.455  0.628 6
0960 cf 00  0.027  1.001  1.002 6
0960 pf 01 -0.302  0.990  1.035 7
0960 pf 02  0.424 -0.380  0.570 4
0960 pf 03 -0.721  1.056  1.279 7
0960 pf 04  0.901  0.681  1.129 5
0960 pf 05 -1.117 -0.270  1.149 1
0960 pf 06  0.123  1.101  1.108 6
0960 pf 07 -0.300  1.097  1.138 7
0960 pf 08  1.676  0.178  1.686 5
0960 pf 09  0.948 -1.371  1.667 3
0960 pf 10  3.108  0.947  3.249 5
0984 em 00  0.333  0.465  0.572 6
0984 cf 00 -0.045  0.784  0.786 7
0984 pf 01 -0.558  1.047  1.186 7
0984 pf 02  0.404 -0.339  0.527 4
0984 pf 03 -0.940  1.150  1.485 7
0984 pf 04  0.762  0.566  0.950 5
0984 pf 05 -0.640 -0.384  0.746 1
0984 pf 06  0.071  0.747  0.750 6
0984 pf 07 -0.550  1.137  1.263 7
0984 pf 08  1.393  0.349  1.436 5
0984 pf 09  1.098 -1.007  1.490 4
0984 pf 10  2.687  1.096  2.902 5
1008 em 00  0.254  0.416  0.488 6
1008 cf 00 -0.087  0.708  0.713 7
1008 pf 01 -0.687  1.044  1.250 7
1008 pf 02  0.290 -0.536  0.610 3
1008 pf 03 -1.219  0.701  1.406 8
1008 pf 04  0.624  0.719  0.952 6
1008 pf 05 -0.689 -0.708  0.988 2
1008 pf 06  0.160  0.712  0.730 6
1008 pf 07 -0.533  0.945  1.085 7
1008 pf 08  1.068  0.567  1.209 5
1008 pf 09  1.534 -0.875  1.765 4
1008 pf 10  2.367  1.368  2.734 5
1032 em 00  0.226  0.342  0.410 6
1032 cf 00 -0.232  0.622  0.663 7
1032 pf 01 -1.105  0.981  1.477 8
1032 pf 02  0.268 -0.612  0.668 3
1032 pf 03 -1.343  0.626  1.481 8
1032 pf 04  0.642  0.557  0.850 5
1032 pf 05 -0.454 -1.064  1.157 2
1032 pf 06  0.201  0.636  0.667 6
1032 pf 07 -0.663  0.450  0.802 8
1032 pf 08  1.062  1.087  1.520 6
1032 pf 09  1.980 -0.711  2.104 4
1032 pf 10  2.158  1.270  2.504 5
1056 em 00  0.190  0.241  0.307 6
1056 cf 00 -0.115  0.695  0.704 7
1056 pf 01 -1.589  0.435  1.647 8
1056 pf 02 -0.081 -0.669  0.674 2
1056 pf 03 -1.436  0.294  1.466 8
1056 pf 04  0.802  0.543  0.968 5
1056 pf 05 -0.422 -1.517  1.575 2
1056 pf 06  0.582  0.449  0.735 5
1056 pf 07 -0.936  0.038  0.937 8
1056 pf 08  1.203  1.328  1.792 6
1056 pf 09  2.096 -0.356  2.126 4
1056 pf 10  1.996  1.495  2.494 5
1080 em 00  0.235  0.280  0.365 6
1080 cf 00 -0.002  0.755  0.755 7
1080 pf 01 -2.154  0.122  2.158 8
1080 pf 02 -0.029 -0.585  0.585 2
1080 pf 03 -1.173  0.358  1.226 8
1080 pf 04  1.028  0.587  1.183 5
1080 pf 05 -0.079 -1.937  1.939 2
1080 pf 06  0.705  0.239  0.744 5
1080 pf 07 -0.848 -0.094  0.854 1
1080 pf 08  1.106  1.716  2.042 6
1080 pf 09  1.924  0.309  1.949 5
1080 pf 10  2.117  1.688  2.708 5
1104 em 00  0.234  0.255  0.346 6
1104 cf 00 -0.099  1.125  1.130 7
1104 pf 01 -2.621 -0.035  2.621 1
1104 pf 02 -0.121 -0.493  0.508 2
1104 pf 03 -0.911  0.023  0.911 8
1104 pf 04  0.903  0.805  1.210 5
1104 pf 05  0.066 -2.207  2.208 3
1104 pf 06  0.636  0.245  0.681 5
1104 pf 07 -0.481 -0.336  0.586 1
1104 pf 08  1.104  1.715  2.040 6
1104 pf 09  1.608  0.403  1.658 5
1104 pf 10  2.501  1.644  2.993 5
