ecmf prod rf 2013102100 20191021 11 046
0024 em 00  0.052  0.430  0.433 6
0024 cf 00  0.033  0.406  0.407 6
0024 pf 01 -0.033  0.366  0.368 7
0024 pf 02  0.033  0.454  0.455 6
0024 pf 03  0.095  0.389  0.400 6
0024 pf 04  0.130  0.390  0.411 6
0024 pf 05  0.095  0.480  0.489 6
0024 pf 06  0.115  0.516  0.529 6
0024 pf 07  0.019  0.462  0.463 6
0024 pf 08  0.019  0.355  0.356 6
0024 pf 09 -0.015  0.443  0.443 7
0024 pf 10  0.074  0.556  0.561 6
0048 em 00  0.066  0.533  0.537 6
0048 cf 00  0.054  0.492  0.495 6
0048 pf 01 -0.126  0.314  0.339 7
0048 pf 02  0.039  0.451  0.453 6
0048 pf 03  0.096  0.650  0.657 6
0048 pf 04  0.210  0.424  0.474 6
0048 pf 05 -0.047  0.712  0.713 7
0048 pf 06  0.141  0.552  0.570 6
0048 pf 07 -0.004  0.405  0.405 7
0048 pf 08  0.212  0.628  0.663 6
0048 pf 09  0.079  0.558  0.564 6
0048 pf 10  0.049  0.771  0.772 6
0072 em 00  0.008  0.692  0.692 6
0072 cf 00 -0.055  0.621  0.624 7
0072 pf 01  0.034  0.460  0.461 6
0072 pf 02 -0.040  0.726  0.728 7
0072 pf 03 -0.092  0.692  0.698 7
0072 pf 04  0.227  0.536  0.582 6
0072 pf 05 -0.179  0.836  0.855 7
0072 pf 06  0.158  0.685  0.703 6
0072 pf 07 -0.111  0.514  0.526 7
0072 pf 08  0.115  0.808  0.816 6
0072 pf 09  0.142  0.904  0.915 6
0072 pf 10 -0.154  0.905  0.918 7
0096 em 00 -0.117  0.576  0.588 7
0096 cf 00 -0.240  0.474  0.531 7
0096 pf 01 -0.072  0.142  0.159 7
0096 pf 02 -0.364  0.457  0.584 7
0096 pf 03 -0.348  0.610  0.702 7
0096 pf 04  0.049  0.610  0.612 6
0096 pf 05 -0.257  0.743  0.786 7
0096 pf 06  0.008  0.629  0.629 6
0096 pf 07 -0.054  0.200  0.207 7
0096 pf 08  0.021  0.731  0.731 6
0096 pf 09  0.125  0.970  0.978 6
0096 pf 10 -0.242  0.826  0.861 7
0120 em 00 -0.420  0.368  0.558 8
0120 cf 00 -0.621  0.237  0.665 8
0120 pf 01 -0.302 -0.269  0.405 1
0120 pf 02 -0.867  0.127  0.876 8
0120 pf 03 -0.694  0.368  0.786 8
0120 pf 04 -0.430  0.613  0.749 7
0120 pf 05 -0.541  0.498  0.735 8
0120 pf 06 -0.229  0.586  0.629 7
0120 pf 07 -0.061 -0.033  0.069 1
0120 pf 08 -0.215  0.601  0.639 7
0120 pf 09 -0.145  0.852  0.864 7
0120 pf 10 -0.594  0.520  0.790 8
0144 em 00 -0.636  0.195  0.665 8
0144 cf 00 -0.846  0.064  0.849 8
0144 pf 01 -0.492 -0.201  0.531 1
0144 pf 02 -1.224 -0.255  1.250 1
0144 pf 03 -0.934  0.082  0.938 8
0144 pf 04 -0.677  0.441  0.808 8
0144 pf 05 -0.500  0.296  0.581 8
0144 pf 06 -0.587  0.423  0.724 8
0144 pf 07 -0.244 -0.056  0.250 1
0144 pf 08 -0.419  0.438  0.606 7
0144 pf 09 -0.200  0.751  0.777 7
0144 pf 10 -0.951  0.196  0.971 8
0168 em 00 -0.830  0.213  0.857 8
0168 cf 00 -0.941  0.024  0.942 8
0168 pf 01 -0.588 -0.008  0.588 1
0168 pf 02 -1.336 -0.304  1.370 1
0168 pf 03 -1.090  0.072  1.092 8
0168 pf 04 -0.917  0.449  1.021 8
0168 pf 05 -0.710  0.528  0.885 8
0168 pf 06 -0.911  0.355  0.978 8
0168 pf 07 -0.200  0.076  0.214 8
0168 pf 08 -0.547  0.280  0.614 8
0168 pf 09 -0.526  0.767  0.930 7
0168 pf 10 -1.419  0.098  1.422 8
0192 em 00 -1.060  0.293  1.099 8
0192 cf 00 -1.275  0.124  1.281 8
0192 pf 01 -0.944 -0.078  0.948 1
0192 pf 02 -1.406 -0.584  1.523 1
0192 pf 03 -1.077  0.316  1.122 8
0192 pf 04 -1.208  0.538  1.322 8
0192 pf 05 -0.948  0.655  1.152 8
0192 pf 06 -1.188  0.558  1.313 8
0192 pf 07 -0.182  0.381  0.423 7
0192 pf 08 -0.640  0.105  0.648 8
0192 pf 09 -0.907  1.148  1.463 7
0192 pf 10 -1.877 -0.003  1.877 1
0216 em 00 -1.215  0.403  1.280 8
0216 cf 00 -1.307  0.304  1.341 8
0216 pf 01 -1.109  0.348  1.162 8
0216 pf 02 -1.426 -0.573  1.537 1
0216 pf 03 -1.368  0.235  1.388 8
0216 pf 04 -1.474  0.817  1.685 8
0216 pf 05 -1.122  0.846  1.405 8
0216 pf 06 -1.496  0.507  1.580 8
0216 pf 07 -0.375  0.607  0.713 7
0216 pf 08 -0.687 -0.023  0.687 1
0216 pf 09 -1.124  1.367  1.770 7
0216 pf 10 -1.839 -0.094  1.841 1
0240 em 00 -1.184  0.439  1.263 8
0240 cf 00 -1.079  0.348  1.134 8
0240 pf 01 -1.188  0.507  1.292 8
0240 pf 02 -1.226 -0.400  1.290 1
0240 pf 03 -1.488  0.055  1.489 8
0240 pf 04 -1.633  0.767  1.804 8
0240 pf 05 -1.056  1.086  1.515 7
0240 pf 06 -1.451  0.455  1.520 8
0240 pf 07 -0.514  0.724  0.888 7
0240 pf 08 -0.813  0.102  0.820 8
0240 pf 09 -1.084  1.451  1.811 7
0240 pf 10 -1.434 -0.363  1.480 1
0264 em 00 -1.036  0.308  1.080 8
0264 cf 00 -1.068  0.141  1.077 8
0264 pf 01 -1.127  0.507  1.236 8
0264 pf 02 -0.916 -0.258  0.952 1
0264 pf 03 -1.342 -0.187  1.355 1
0264 pf 04 -1.603  0.518  1.685 8
0264 pf 05 -1.068  0.899  1.396 8
0264 pf 06 -1.342  0.222  1.360 8
0264 pf 07 -0.380  0.676  0.775 7
0264 pf 08 -0.546 -0.018  0.546 1
0264 pf 09 -1.105  1.332  1.731 7
0264 pf 10 -0.842 -0.565  1.014 1
0288 em 00 -0.937  0.281  0.978 8
0288 cf 00 -1.129  0.020  1.130 8
0288 pf 01 -1.296  0.389  1.353 8
0288 pf 02 -0.682 -0.311  0.749 1
0288 pf 03 -1.063 -0.190  1.080 1
0288 pf 04 -1.515  0.425  1.574 8
0288 pf 05 -0.942  0.801  1.237 8
0288 pf 06 -1.060  0.192  1.077 8
0288 pf 07 -0.309  0.762  0.822 7
0288 pf 08 -0.470  0.068  0.474 8
0288 pf 09 -1.145  1.273  1.712 7
0288 pf 10 -0.661 -0.461  0.806 1
0312 em 00 -0.749  0.292  0.804 8
0312 cf 00 -0.952 -0.027  0.952 1
0312 pf 01 -1.154  0.440  1.235 8
0312 pf 02 -0.510 -0.073  0.515 1
0312 pf 03 -0.805 -0.300  0.859 1
0312 pf 04 -1.425  0.334  1.464 8
0312 pf 05 -0.807  0.679  1.054 8
0312 pf 06 -0.994  0.287  1.035 8
0312 pf 07  0.060  0.786  0.789 6
0312 pf 08 -0.148  0.172  0.227 7
0312 pf 09 -1.151  1.014  1.534 8
0312 pf 10 -0.344 -0.238  0.419 1
0336 em 00 -0.554  0.360  0.661 8
0336 cf 00 -0.581  0.072  0.585 8
0336 pf 01 -1.077  0.058  1.078 8
0336 pf 02 -0.281  0.025  0.282 8
0336 pf 03 -0.892 -0.096  0.897 1
0336 pf 04 -1.392  0.279  1.420 8
0336 pf 05 -0.439  0.805  0.917 7
0336 pf 06 -0.720  0.160  0.738 8
0336 pf 07  0.237  0.982  1.010 6
0336 pf 08  0.104  0.216  0.240 6
0336 pf 09 -0.732  1.156  1.368 7
0336 pf 10 -0.303  0.154  0.340 8
0360 em 00 -0.435  0.389  0.583 8
0360 cf 00 -0.181  0.110  0.211 8
0360 pf 01 -0.937 -0.159  0.950 1
0360 pf 02 -0.197  0.296  0.356 7
0360 pf 03 -0.763 -0.006  0.763 1
0360 pf 04 -1.452  0.170  1.462 8
0360 pf 05 -0.282  0.920  0.962 7
0360 pf 06 -0.501  0.173  0.530 8
0360 pf 07  0.178  1.026  1.041 6
0360 pf 08  0.161  0.144  0.216 5
0360 pf 09 -0.443  1.086  1.173 7
0360 pf 10 -0.375  0.357  0.517 8
0384 em 00 -0.364  0.436  0.568 7
0384 cf 00 -0.049  0.181  0.188 7
0384 pf 01 -1.065 -0.091  1.069 1
0384 pf 02 -0.200  0.243  0.314 7
0384 pf 03 -0.605 -0.101  0.614 1
0384 pf 04 -1.729  0.077  1.730 8
0384 pf 05  0.014  1.154  1.154 6
0384 pf 06 -0.329  0.432  0.543 7
0384 pf 07  0.157  1.013  1.025 6
0384 pf 08  0.297  0.038  0.300 5
0384 pf 09 -0.035  1.115  1.115 7
0384 pf 10 -0.501  0.558  0.750 7
0408 em 00 -0.414  0.448  0.610 7
0408 cf 00 -0.125  0.306  0.331 7
0408 pf 01 -1.016  0.080  1.020 8
0408 pf 02 -0.139  0.215  0.256 7
0408 pf 03 -0.869 -0.358  0.940 1
0408 pf 04 -1.789 -0.145  1.795 1
0408 pf 05  0.190  1.427  1.440 6
0408 pf 06 -0.280  0.670  0.726 7
0408 pf 07 -0.075  0.747  0.751 7
0408 pf 08  0.415 -0.044  0.417 4
0408 pf 09 -0.021  1.097  1.097 7
0408 pf 10 -0.855  0.753  1.139 8
0432 em 00 -0.429  0.374  0.569 8
0432 cf 00 -0.157  0.149  0.216 8
0432 pf 01 -0.810 -0.022  0.810 1
0432 pf 02 -0.064  0.218  0.227 7
0432 pf 03 -1.060 -0.667  1.252 1
0432 pf 04 -1.924 -0.595  2.014 1
0432 pf 05  0.016  1.714  1.714 6
0432 pf 06 -0.111  0.727  0.735 7
0432 pf 07 -0.292  0.781  0.834 7
0432 pf 08  0.723 -0.102  0.730 4
0432 pf 09  0.119  1.210  1.216 6
0432 pf 10 -1.154  0.535  1.273 8
0456 em 00 -0.458  0.279  0.536 8
0456 cf 00 -0.370 -0.254  0.449 1
0456 pf 01 -0.809 -0.377  0.892 1
0456 pf 02  0.082  0.534  0.541 6
0456 pf 03 -0.750 -1.128  1.355 2
0456 pf 04 -1.829 -1.009  2.089 1
0456 pf 05 -0.312  1.697  1.725 7
0456 pf 06 -0.240  0.701  0.741 7
0456 pf 07 -0.259  0.618  0.670 7
0456 pf 08  0.719  0.201  0.746 5
0456 pf 09  0.044  1.669  1.670 6
0456 pf 10 -1.275  0.267  1.302 8
0480 em 00 -0.597  0.143  0.613 8
0480 cf 00 -0.745 -0.448  0.869 1
0480 pf 01 -0.682 -0.492  0.841 1
0480 pf 02  0.180  0.671  0.695 6
0480 pf 03 -0.590 -1.489  1.601 2
0480 pf 04 -1.745 -1.684  2.425 1
0480 pf 05 -0.785  1.600  1.782 7
0480 pf 06 -0.465  0.595  0.755 7
0480 pf 07 -0.162  0.479  0.506 7
0480 pf 08  0.433  0.548  0.698 6
0480 pf 09 -0.464  1.838  1.896 7
0480 pf 10 -1.449 -0.186  1.461 1
0504 em 00 -0.650  0.128  0.663 8
0504 cf 00 -0.957 -0.554  1.106 1
0504 pf 01 -0.512 -0.387  0.642 1
0504 pf 02  0.221  0.745  0.778 6
0504 pf 03 -0.496 -1.506  1.585 2
0504 pf 04 -1.637 -2.195  2.739 2
0504 pf 05 -1.092  1.091  1.544 7
0504 pf 06 -0.529  0.757  0.923 7
0504 pf 07 -0.008  0.610  0.610 7
0504 pf 08  0.102  0.828  0.835 6
0504 pf 09 -0.749  2.061  2.193 7
0504 pf 10 -1.372 -0.179  1.383 1
0528 em 00 -0.726 -0.033  0.726 1
0528 cf 00 -1.102 -0.670  1.290 1
0528 pf 01 -0.245 -0.191  0.311 1
0528 pf 02 -0.033  0.355  0.356 7
0528 pf 03 -0.308 -1.368  1.403 2
0528 pf 04 -1.365 -2.313  2.686 2
0528 pf 05 -1.295  0.419  1.361 8
0528 pf 06 -0.379  0.845  0.926 7
0528 pf 07 -0.232  0.421  0.481 7
0528 pf 08 -0.301  0.459  0.550 7
0528 pf 09 -1.232  1.818  2.196 7
0528 pf 10 -1.312 -0.260  1.338 1
0552 em 00 -0.620 -0.122  0.632 1
0552 cf 00 -1.030 -0.587  1.186 1
0552 pf 01  0.189 -0.168  0.253 4
0552 pf 02 -0.003  0.502  0.502 7
0552 pf 03  0.219 -1.404  1.421 3
0552 pf 04 -0.760 -2.563  2.673 2
0552 pf 05 -1.211 -0.064  1.212 1
0552 pf 06 -0.284  0.858  0.903 7
0552 pf 07 -0.412  0.308  0.514 8
0552 pf 08 -0.634  0.486  0.799 8
0552 pf 09 -1.270  1.370  1.868 7
0552 pf 10 -1.431 -0.174  1.441 1
0576 em 00 -0.487 -0.223  0.536 1
0576 cf 00 -0.833 -0.604  1.029 1
0576 pf 01  0.308 -0.304  0.433 4
0576 pf 02  0.158  0.474  0.500 6
0576 pf 03  0.435 -1.398  1.464 3
0576 pf 04 -0.188 -2.375  2.382 2
0576 pf 05 -0.944 -0.432  1.038 1
0576 pf 06 -0.101  0.748  0.754 7
0576 pf 07 -0.421  0.161  0.450 8
0576 pf 08 -1.079  0.204  1.098 8
0576 pf 09 -1.166  1.170  1.652 7
0576 pf 10 -1.355 -0.149  1.363 1
0600 em 00 -0.466 -0.140  0.487 1
0600 cf 00 -0.428 -0.662  0.789 2
0600 pf 01  0.100 -0.199  0.223 3
0600 pf 02  0.312  0.861  0.916 6
0600 pf 03  0.454 -0.865  0.977 3
0600 pf 04  0.182 -2.122  2.130 3
0600 pf 05 -0.800 -0.307  0.857 1
0600 pf 06 -0.348  0.783  0.857 7
0600 pf 07 -0.663  0.219  0.698 8
0600 pf 08 -1.198 -0.186  1.212 1
0600 pf 09 -1.224  0.900  1.520 8
0600 pf 10 -1.370  0.006  1.370 8
0624 em 00 -0.516 -0.085  0.523 1
0624 cf 00 -0.160 -0.644  0.664 2
0624 pf 01 -0.087 -0.288  0.301 2
0624 pf 02  0.225  1.182  1.203 6
0624 pf 03  0.485 -0.592  0.765 3
0624 pf 04  0.491 -1.806  1.872 3
0624 pf 05 -0.776 -0.265  0.820 1
0624 pf 06 -0.610  0.772  0.984 7
0624 pf 07 -1.213  0.388  1.273 8
0624 pf 08 -1.434 -0.429  1.497 1
0624 pf 09 -1.313  0.694  1.485 8
0624 pf 10 -1.151  0.028  1.151 8
0648 em 00 -0.553 -0.131  0.568 1
0648 cf 00 -0.117 -0.696  0.706 2
0648 pf 01  0.098 -0.482  0.492 3
0648 pf 02  0.022  1.569  1.569 6
0648 pf 03  0.533 -0.319  0.621 4
0648 pf 04  0.637 -1.338  1.481 3
0648 pf 05 -0.929 -0.420  1.020 1
0648 pf 06 -0.848  0.641  1.063 8
0648 pf 07 -1.592  0.227  1.608 8
0648 pf 08 -1.361 -0.825  1.592 1
0648 pf 09 -1.406  0.582  1.522 8
0648 pf 10 -0.968 -0.349  1.029 1
0672 em 00 -0.532 -0.231  0.580 1
0672 cf 00  0.022 -0.709  0.709 3
0672 pf 01  0.125 -0.501  0.516 3
0672 pf 02 -0.156  1.838  1.845 7
0672 pf 03  0.431 -0.303  0.527 4
0672 pf 04  0.981 -0.903  1.333 4
0672 pf 05 -0.933 -0.560  1.088 1
0672 pf 06 -0.967  0.352  1.029 8
0672 pf 07 -1.662  0.231  1.678 8
0672 pf 08 -1.135 -1.395  1.798 2
0672 pf 09 -1.373 -0.003  1.373 1
0672 pf 10 -1.021 -0.542  1.156 1
0696 em 00 -0.505 -0.275  0.575 1
0696 cf 00  0.298 -0.625  0.693 3
0696 pf 01  0.185 -0.047  0.191 4
0696 pf 02 -0.676  2.209  2.310 7
0696 pf 03  0.425 -0.138  0.447 4
0696 pf 04  0.955 -0.705  1.187 4
0696 pf 05 -0.840 -0.729  1.113 1
0696 pf 06 -0.972  0.084  0.976 8
0696 pf 07 -1.906 -0.071  1.907 1
0696 pf 08 -1.052 -1.732  2.026 2
0696 pf 09 -1.037 -0.398  1.111 1
0696 pf 10 -0.800 -0.803  1.134 2
0720 em 00 -0.473 -0.363  0.596 1
0720 cf 00  0.401 -0.437  0.593 3
0720 pf 01  0.096  0.242  0.260 6
0720 pf 02 -1.022  2.292  2.509 7
0720 pf 03  0.132 -0.275  0.305 3
0720 pf 04  0.886 -0.407  0.975 4
0720 pf 05 -0.505 -1.030  1.147 2
0720 pf 06 -0.790 -0.297  0.844 1
0720 pf 07 -2.025 -0.549  2.098 1
0720 pf 08 -0.973 -1.938  2.168 2
0720 pf 09 -0.711 -0.528  0.885 1
0720 pf 10 -0.584 -0.989  1.149 2
0744 em 00 -0.444 -0.429  0.617 1
0744 cf 00  0.455 -0.093  0.464 4
0744 pf 01  0.155  0.139  0.208 5
0744 pf 02 -1.504  1.740  2.300 7
0744 pf 03 -0.268 -0.412  0.492 2
0744 pf 04  0.562 -0.169  0.586 4
0744 pf 05 -0.229 -1.257  1.278 2
0744 pf 06 -0.863 -0.451  0.974 1
0744 pf 07 -1.453 -0.800  1.659 1
0744 pf 08 -0.624 -1.763  1.870 2
0744 pf 09 -0.796 -0.643  1.023 1
0744 pf 10 -0.220 -0.951  0.976 2
0768 em 00 -0.401 -0.445  0.599 2
0768 cf 00  0.485  0.270  0.555 5
0768 pf 01  0.048  0.329  0.332 6
0768 pf 02 -2.011  1.066  2.276 8
0768 pf 03 -0.112 -0.464  0.477 2
0768 pf 04  0.171 -0.065  0.183 4
0768 pf 05 -0.160 -1.421  1.430 2
0768 pf 06 -0.756 -0.399  0.855 1
0768 pf 07 -1.233 -1.154  1.689 1
0768 pf 08 -0.088 -1.554  1.556 2
0768 pf 09 -0.799 -0.644  1.026 1
0768 pf 10  0.128 -0.780  0.791 3
0792 em 00 -0.346 -0.533  0.636 2
0792 cf 00  0.387  0.313  0.498 5
0792 pf 01 -0.027  0.306  0.308 7
0792 pf 02 -1.997  0.506  2.061 8
0792 pf 03 -0.112 -0.612  0.622 2
0792 pf 04 -0.043 -0.157  0.163 2
0792 pf 05  0.156 -1.363  1.372 3
0792 pf 06 -0.645 -0.534  0.837 1
0792 pf 07 -1.046 -1.280  1.653 2
0792 pf 08  0.149 -1.464  1.472 3
0792 pf 09 -0.794 -0.704  1.061 1
0792 pf 10  0.207 -0.788  0.814 3
0816 em 00 -0.235 -0.591  0.636 2
0816 cf 00  0.491  0.352  0.604 5
0816 pf 01 -0.264  0.130  0.294 8
0816 pf 02 -1.831  0.017  1.832 8
0816 pf 03  0.115 -0.808  0.816 3
0816 pf 04 -0.162 -0.276  0.320 2
0816 pf 05  0.542 -1.006  1.143 3
0816 pf 06 -0.623 -0.484  0.789 1
0816 pf 07 -0.643 -1.378  1.521 2
0816 pf 08  0.259 -1.227  1.254 3
0816 pf 09 -0.511 -0.866  1.005 2
0816 pf 10  0.055 -0.871  0.873 3
0840 em 00 -0.237 -0.618  0.662 2
0840 cf 00  0.413  0.512  0.658 6
0840 pf 01 -0.452  0.048  0.455 8
0840 pf 02 -1.751 -0.509  1.823 1
0840 pf 03  0.084 -0.955  0.958 3
0840 pf 04 -0.612 -0.401  0.732 1
0840 pf 05  0.619 -0.595  0.859 4
0840 pf 06 -0.574 -0.735  0.932 2
0840 pf 07 -0.140 -1.646  1.651 2
0840 pf 08  0.363 -0.888  0.959 3
0840 pf 09 -0.226 -0.860  0.889 2
0840 pf 10 -0.315 -0.693  0.762 2
0864 em 00 -0.183 -0.650  0.675 2
0864 cf 00  0.285  0.610  0.673 6
0864 pf 01 -0.545 -0.134  0.561 1
0864 pf 02 -1.531 -0.950  1.802 1
0864 pf 03  0.545 -1.047  1.180 3
0864 pf 04 -0.867 -0.579  1.042 1
0864 pf 05  0.551 -0.288  0.622 4
0864 pf 06 -0.328 -0.834  0.896 2
0864 pf 07  0.156 -2.028  2.034 3
0864 pf 08  0.415 -0.483  0.637 3
0864 pf 09 -0.057 -0.824  0.826 2
0864 pf 10 -0.611 -0.557  0.827 1
0888 em 00  0.044 -0.645  0.646 3
0888 cf 00  0.255  0.533  0.591 6
0888 pf 01 -0.487 -0.303  0.573 1
0888 pf 02 -0.889 -1.067  1.389 2
0888 pf 03  0.990 -0.906  1.342 4
0888 pf 04 -0.505 -0.513  0.720 2
0888 pf 05  0.538 -0.043  0.539 4
0888 pf 06 -0.068 -0.748  0.751 2
0888 pf 07  0.634 -2.157  2.248 3
0888 pf 08  0.611 -0.365  0.712 4
0888 pf 09 -0.104 -0.870  0.877 2
0888 pf 10 -0.492 -0.638  0.806 2
0912 em 00  0.265 -0.644  0.696 3
0912 cf 00  0.308  0.562  0.641 6
0912 pf 01 -0.257 -0.376  0.456 2
0912 pf 02 -0.354 -1.425  1.468 2
0912 pf 03  1.251 -0.520  1.355 4
0912 pf 04 -0.306 -0.983  1.029 2
0912 pf 05  0.370  0.094  0.382 5
0912 pf 06  0.265 -0.328  0.421 3
0912 pf 07  0.998 -2.183  2.400 3
0912 pf 08  0.933 -0.259  0.968 4
0912 pf 09 -0.234 -0.979  1.006 2
0912 pf 10 -0.064 -0.683  0.686 2
0936 em 00  0.276 -0.584  0.646 3
0936 cf 00  0.177  0.647  0.670 6
0936 pf 01 -0.235 -0.114  0.261 1
0936 pf 02 -0.338 -1.684  1.718 2
0936 pf 03  1.262 -0.112  1.266 4
0936 pf 04 -0.586 -1.112  1.257 2
0936 pf 05  0.383  0.322  0.501 5
0936 pf 06  0.292 -0.378  0.478 3
0936 pf 07  1.227 -2.199  2.518 3
0936 pf 08  1.167 -0.361  1.222 4
0936 pf 09 -0.326 -0.965  1.019 2
0936 pf 10  0.016 -0.463  0.463 3
0960 em 00  0.201 -0.486  0.526 3
0960 cf 00  0.245  0.824  0.859 6
0960 pf 01 -0.314 -0.082  0.324 1
0960 pf 02 -0.335 -1.893  1.922 2
0960 pf 03  0.915  0.249  0.948 5
0960 pf 04 -0.960 -1.060  1.430 2
0960 pf 05  0.402  0.341  0.527 5
0960 pf 06  0.603 -0.436  0.744 4
0960 pf 07  1.241 -2.177  2.506 3
0960 pf 08  1.105 -0.039  1.106 4
0960 pf 09 -0.419 -0.785  0.890 2
0960 pf 10 -0.222 -0.320  0.389 2
0984 em 00  0.174 -0.476  0.507 3
0984 cf 00  0.008  0.845  0.845 6
0984 pf 01 -0.011 -0.093  0.094 2
0984 pf 02  0.193 -1.943  1.952 3
0984 pf 03  0.536  0.158  0.559 5
0984 pf 04 -0.814 -1.181  1.434 2
0984 pf 05  0.112  0.038  0.118 5
0984 pf 06  0.356 -0.417  0.548 3
0984 pf 07  1.414 -1.940  2.400 3
0984 pf 08  1.309  0.193  1.323 5
0984 pf 09 -0.485 -0.920  1.040 2
0984 pf 10 -0.626 -0.031  0.626 1
1008 em 00  0.230 -0.433  0.491 3
1008 cf 00 -0.450  0.851  0.962 7
1008 pf 01  0.212  0.213  0.300 6
1008 pf 02  0.560 -1.567  1.664 3
1008 pf 03  0.620 -0.056  0.622 4
1008 pf 04 -0.465 -1.445  1.518 2
1008 pf 05 -0.306 -0.368  0.479 2
1008 pf 06  0.469 -0.283  0.548 4
1008 pf 07  1.565 -1.580  2.224 3
1008 pf 08  1.580  0.646  1.707 5
1008 pf 09 -0.404 -1.077  1.150 2
1008 pf 10 -0.804 -0.157  0.819 1
1032 em 00  0.157 -0.450  0.477 3
1032 cf 00 -0.617  0.664  0.906 7
1032 pf 01  0.226  0.493  0.543 6
1032 pf 02  0.593 -1.699  1.799 3
1032 pf 03  0.321 -0.184  0.370 4
1032 pf 04 -0.062 -1.418  1.419 2
1032 pf 05 -0.476 -0.710  0.855 2
1032 pf 06  0.176 -0.187  0.257 3
1032 pf 07  1.415 -1.361  1.963 4
1032 pf 08  1.215  0.886  1.504 5
1032 pf 09 -0.236 -1.312  1.333 2
1032 pf 10 -0.785 -0.178  0.804 1
1056 em 00  0.152 -0.433  0.459 3
1056 cf 00 -0.230  0.623  0.664 7
1056 pf 01  0.000  0.704  0.704 7
1056 pf 02  0.601 -1.610  1.718 3
1056 pf 03  0.178 -0.439  0.474 3
1056 pf 04  0.205 -0.983  1.005 3
1056 pf 05 -0.033 -1.092  1.092 2
1056 pf 06 -0.009 -0.077  0.077 2
1056 pf 07  1.362 -0.942  1.656 4
1056 pf 08  0.697  0.948  1.176 6
1056 pf 09 -0.196 -1.527  1.539 2
1056 pf 10 -0.890 -0.410  0.979 1
1080 em 00  0.135 -0.435  0.455 3
1080 cf 00  0.078  0.604  0.609 6
1080 pf 01 -0.207  0.784  0.811 7
1080 pf 02  0.416 -1.478  1.535 3
1080 pf 03  0.176 -0.531  0.560 3
1080 pf 04  0.389 -0.635  0.745 3
1080 pf 05  0.281 -1.413  1.440 3
1080 pf 06  0.026  0.057  0.062 6
1080 pf 07  0.947 -0.662  1.156 4
1080 pf 08  0.297  1.114  1.153 6
1080 pf 09  0.055 -1.607  1.608 3
1080 pf 10 -0.985 -1.033  1.427 2
1104 em 00  0.222 -0.361  0.423 3
1104 cf 00  0.064  0.266  0.274 6
1104 pf 01 -0.168  0.695  0.716 7
1104 pf 02  0.222 -1.222  1.242 3
1104 pf 03  0.500 -0.671  0.837 3
1104 pf 04  0.518 -0.319  0.608 4
1104 pf 05  0.593 -1.348  1.473 3
1104 pf 06  0.327  0.271  0.424 5
1104 pf 07  0.945 -0.352  1.008 4
1104 pf 08  0.031  1.431  1.431 6
1104 pf 09  0.162 -1.658  1.665 3
1104 pf 10 -0.786 -1.069  1.327 2
