ecmf prod rf 2019051100 20230511 11 046
0024 em 00 -0.871  1.641  1.858 7
0024 cf 00 -0.957  1.599  1.863 7
0024 pf 01 -0.895  1.690  1.912 7
0024 pf 02 -0.874  1.458  1.699 7
0024 pf 03 -0.856  1.647  1.857 7
0024 pf 04 -0.955  1.771  2.012 7
0024 pf 05 -0.943  1.645  1.896 7
0024 pf 06 -0.725  1.631  1.785 7
0024 pf 07 -0.913  1.517  1.771 7
0024 pf 08 -0.876  1.567  1.795 7
0024 pf 09 -0.846  1.641  1.846 7
0024 pf 10 -0.816  1.694  1.880 7
0048 em 00 -1.142  1.236  1.683 7
0048 cf 00 -1.185  1.184  1.675 8
0048 pf 01 -1.135  1.159  1.623 7
0048 pf 02 -1.101  1.034  1.510 8
0048 pf 03 -1.168  1.259  1.717 7
0048 pf 04 -1.350  1.399  1.944 7
0048 pf 05 -1.147  1.245  1.693 7
0048 pf 06 -1.055  1.378  1.736 7
0048 pf 07 -1.277  1.018  1.633 8
0048 pf 08 -1.123  1.125  1.589 7
0048 pf 09 -0.949  1.396  1.688 7
0048 pf 10 -1.090  1.248  1.657 7
0072 em 00 -1.157  0.735  1.371 8
0072 cf 00 -1.173  0.667  1.349 8
0072 pf 01 -1.233  0.588  1.366 8
0072 pf 02 -1.069  0.546  1.201 8
0072 pf 03 -1.125  0.599  1.275 8
0072 pf 04 -1.474  0.879  1.716 8
0072 pf 05 -1.202  0.665  1.374 8
0072 pf 06 -0.965  0.970  1.368 7
0072 pf 07 -1.394  0.495  1.479 8
0072 pf 08 -1.075  0.585  1.224 8
0072 pf 09 -0.912  1.276  1.568 7
0072 pf 10 -1.110  0.685  1.304 8
0096 em 00 -1.270  0.384  1.327 8
0096 cf 00 -1.202  0.225  1.223 8
0096 pf 01 -1.296  0.218  1.314 8
0096 pf 02 -1.166  0.303  1.205 8
0096 pf 03 -1.219  0.073  1.222 8
0096 pf 04 -1.511  0.288  1.539 8
0096 pf 05 -1.363  0.181  1.375 8
0096 pf 06 -1.345  0.788  1.559 8
0096 pf 07 -1.429  0.286  1.458 8
0096 pf 08 -1.290  0.169  1.301 8
0096 pf 09 -0.943  1.202  1.528 7
0096 pf 10 -1.139  0.369  1.197 8
0120 em 00 -1.288  0.189  1.302 8
0120 cf 00 -1.187  0.074  1.189 8
0120 pf 01 -1.311  0.131  1.318 8
0120 pf 02 -1.228  0.133  1.236 8
0120 pf 03 -1.210 -0.065  1.212 1
0120 pf 04 -1.521  0.027  1.521 8
0120 pf 05 -1.497 -0.038  1.497 1
0120 pf 06 -1.379  0.609  1.507 8
0120 pf 07 -1.316  0.161  1.326 8
0120 pf 08 -1.278 -0.300  1.313 1
0120 pf 09 -1.047  1.035  1.472 8
0120 pf 10 -1.097  0.200  1.115 8
0144 em 00 -1.145  0.130  1.152 8
0144 cf 00 -0.997  0.075  1.000 8
0144 pf 01 -1.255  0.226  1.275 8
0144 pf 02 -1.107  0.049  1.108 8
0144 pf 03 -0.923 -0.072  0.926 1
0144 pf 04 -1.382 -0.028  1.382 1
0144 pf 05 -1.398 -0.281  1.426 1
0144 pf 06 -1.438  0.507  1.525 8
0144 pf 07 -0.900 -0.010  0.900 1
0144 pf 08 -1.196 -0.435  1.273 1
0144 pf 09 -0.936  0.897  1.296 8
0144 pf 10 -0.947  0.375  1.019 8
0168 em 00 -1.020 -0.017  1.020 1
0168 cf 00 -0.897 -0.066  0.899 1
0168 pf 01 -1.333  0.062  1.335 8
0168 pf 02 -0.942 -0.253  0.975 1
0168 pf 03 -0.804 -0.091  0.809 1
0168 pf 04 -1.240 -0.382  1.297 1
0168 pf 05 -1.265 -0.251  1.290 1
0168 pf 06 -1.295  0.106  1.300 8
0168 pf 07 -0.708 -0.002  0.708 1
0168 pf 08 -0.902 -0.642  1.108 1
0168 pf 09 -1.005  0.836  1.308 8
0168 pf 10 -0.701  0.405  0.810 8
0192 em 00 -0.941 -0.134  0.950 1
0192 cf 00 -0.768 -0.176  0.788 1
0192 pf 01 -1.417 -0.230  1.435 1
0192 pf 02 -1.055 -0.172  1.069 1
0192 pf 03 -0.687 -0.190  0.713 1
0192 pf 04 -0.921 -0.476  1.036 1
0192 pf 05 -1.208 -0.546  1.326 1
0192 pf 06 -1.201  0.000  1.201 8
0192 pf 07 -0.677 -0.098  0.684 1
0192 pf 08 -0.678 -0.910  1.135 2
0192 pf 09 -0.989  0.759  1.246 8
0192 pf 10 -0.611  0.462  0.766 8
0216 em 00 -0.786 -0.131  0.797 1
0216 cf 00 -0.573 -0.150  0.593 1
0216 pf 01 -1.091 -0.233  1.115 1
0216 pf 02 -0.891 -0.243  0.924 1
0216 pf 03 -0.443 -0.059  0.447 1
0216 pf 04 -0.826 -0.209  0.852 1
0216 pf 05 -1.117 -0.723  1.331 1
0216 pf 06 -1.029 -0.136  1.037 1
0216 pf 07 -0.696 -0.123  0.706 1
0216 pf 08 -0.414 -0.962  1.047 2
0216 pf 09 -0.846  0.664  1.075 8
0216 pf 10 -0.573  0.639  0.858 7
0240 em 00 -0.666 -0.015  0.667 1
0240 cf 00 -0.407 -0.077  0.415 1
0240 pf 01 -0.808 -0.360  0.884 1
0240 pf 02 -0.859 -0.289  0.907 1
0240 pf 03 -0.243 -0.026  0.244 1
0240 pf 04 -0.818  0.064  0.821 8
0240 pf 05 -1.005 -0.736  1.246 1
0240 pf 06 -0.955 -0.193  0.974 1
0240 pf 07 -0.634  0.367  0.733 8
0240 pf 08 -0.184 -0.735  0.758 2
0240 pf 09 -0.775  0.662  1.019 8
0240 pf 10 -0.476  1.087  1.187 7
0264 em 00 -0.567  0.084  0.573 8
0264 cf 00 -0.409 -0.019  0.409 1
0264 pf 01 -0.623 -0.394  0.737 1
0264 pf 02 -0.527 -0.314  0.614 1
0264 pf 03 -0.318  0.162  0.357 8
0264 pf 04 -0.342  0.178  0.386 8
0264 pf 05 -0.950 -0.520  1.083 1
0264 pf 06 -0.744 -0.270  0.792 1
0264 pf 07 -0.582  0.617  0.849 7
0264 pf 08 -0.183 -0.426  0.463 2
0264 pf 09 -0.757  0.506  0.911 8
0264 pf 10 -0.613  1.342  1.476 7
0288 em 00 -0.572  0.164  0.595 8
0288 cf 00 -0.484  0.015  0.484 8
0288 pf 01 -0.408 -0.333  0.527 1
0288 pf 02 -0.233 -0.482  0.535 2
0288 pf 03 -0.671  0.438  0.802 8
0288 pf 04 -0.403  0.260  0.480 8
0288 pf 05 -0.999 -0.427  1.087 1
0288 pf 06 -0.664  0.043  0.665 8
0288 pf 07 -0.631  0.716  0.955 7
0288 pf 08 -0.164 -0.240  0.291 2
0288 pf 09 -0.773  0.403  0.872 8
0288 pf 10 -0.647  1.386  1.529 7
0312 em 00 -0.611  0.181  0.638 8
0312 cf 00 -0.688 -0.013  0.688 1
0312 pf 01 -0.270 -0.335  0.430 2
0312 pf 02 -0.222 -0.499  0.546 2
0312 pf 03 -0.912  0.533  1.057 8
0312 pf 04 -0.300  0.361  0.469 7
0312 pf 05 -1.069 -0.665  1.259 1
0312 pf 06 -0.807  0.263  0.849 8
0312 pf 07 -0.832  0.860  1.196 7
0312 pf 08 -0.037 -0.171  0.175 2
0312 pf 09 -0.642  0.353  0.733 8
0312 pf 10 -0.730  1.323  1.511 7
0336 em 00 -0.660  0.210  0.693 8
0336 cf 00 -0.728  0.010  0.728 8
0336 pf 01 -0.038 -0.216  0.219 2
0336 pf 02 -0.246 -0.442  0.506 2
0336 pf 03 -1.184  0.543  1.303 8
0336 pf 04 -0.251  0.252  0.355 7
0336 pf 05 -0.952 -0.749  1.212 1
0336 pf 06 -0.962  0.262  0.997 8
0336 pf 07 -1.187  0.886  1.481 8
0336 pf 08 -0.045 -0.509  0.511 2
0336 pf 09 -0.562  0.645  0.856 7
0336 pf 10 -0.914  1.691  1.922 7
0360 em 00 -0.652  0.215  0.686 8
0360 cf 00 -0.747 -0.151  0.762 1
0360 pf 01  0.293 -0.317  0.432 3
0360 pf 02 -0.222 -0.216  0.310 1
0360 pf 03 -1.354  0.347  1.398 8
0360 pf 04 -0.109  0.440  0.454 7
0360 pf 05 -0.859 -0.856  1.213 1
0360 pf 06 -1.230  0.324  1.272 8
0360 pf 07 -1.294  1.174  1.748 8
0360 pf 08 -0.211 -0.537  0.577 2
0360 pf 09 -0.581  0.619  0.849 7
0360 pf 10 -0.682  1.600  1.739 7
0384 em 00 -0.670  0.145  0.685 8
0384 cf 00 -0.597 -0.223  0.637 1
0384 pf 01  0.063 -0.434  0.439 3
0384 pf 02  0.227 -0.170  0.283 4
0384 pf 03 -1.560  0.094  1.563 8
0384 pf 04 -0.475  0.654  0.808 7
0384 pf 05 -0.653 -0.852  1.074 2
0384 pf 06 -1.162 -0.082  1.165 1
0384 pf 07 -1.079  1.269  1.665 7
0384 pf 08 -0.620 -0.865  1.065 2
0384 pf 09 -0.555  0.785  0.961 7
0384 pf 10 -0.836  1.518  1.733 7
0408 em 00 -0.649  0.064  0.652 8
0408 cf 00 -0.518 -0.303  0.600 1
0408 pf 01 -0.208 -0.428  0.476 2
0408 pf 02  0.514 -0.064  0.518 4
0408 pf 03 -1.666 -0.063  1.667 1
0408 pf 04 -0.370  0.512  0.632 7
0408 pf 05 -0.546 -0.773  0.946 2
0408 pf 06 -1.273 -0.561  1.391 1
0408 pf 07 -0.975  1.169  1.522 7
0408 pf 08 -0.513 -0.789  0.940 2
0408 pf 09 -0.647  0.837  1.058 7
0408 pf 10 -0.842  1.282  1.534 7
0432 em 00 -0.658 -0.022  0.659 1
0432 cf 00 -0.482 -0.307  0.572 1
0432 pf 01 -0.373 -0.301  0.480 1
0432 pf 02  0.725 -0.053  0.726 4
0432 pf 03 -1.627 -0.261  1.648 1
0432 pf 04 -0.323  0.309  0.447 8
0432 pf 05 -0.476 -0.731  0.873 2
0432 pf 06 -1.263 -1.069  1.654 1
0432 pf 07 -1.020  0.996  1.425 8
0432 pf 08 -0.653 -0.711  0.966 2
0432 pf 09 -0.786  0.729  1.072 8
0432 pf 10 -0.892  1.286  1.565 7
0456 em 00 -0.647 -0.027  0.647 1
0456 cf 00 -0.591 -0.361  0.693 1
0456 pf 01 -0.386 -0.426  0.574 2
0456 pf 02  1.059  0.356  1.117 5
0456 pf 03 -1.491 -0.101  1.495 1
0456 pf 04 -0.584  0.104  0.593 8
0456 pf 05 -0.371 -0.787  0.870 2
0456 pf 06 -1.118 -1.273  1.694 2
0456 pf 07 -1.156  0.685  1.344 8
0456 pf 08 -0.693 -0.565  0.894 1
0456 pf 09 -0.788  0.912  1.205 7
0456 pf 10 -0.916  1.263  1.561 7
0480 em 00 -0.549 -0.024  0.549 1
0480 cf 00 -0.453 -0.390  0.598 1
0480 pf 01 -0.319 -0.751  0.816 2
0480 pf 02  1.202  0.357  1.254 5
0480 pf 03 -1.366  0.094  1.370 8
0480 pf 04 -0.650  0.508  0.825 8
0480 pf 05 -0.232 -0.842  0.873 2
0480 pf 06 -0.439 -1.186  1.264 2
0480 pf 07 -1.258  0.495  1.352 8
0480 pf 08 -0.636 -0.626  0.892 1
0480 pf 09 -0.661  0.972  1.176 7
0480 pf 10 -1.183  1.185  1.675 7
0504 em 00 -0.481 -0.078  0.488 1
0504 cf 00 -0.322 -0.412  0.523 2
0504 pf 01 -0.378 -0.925  0.999 2
0504 pf 02  1.163  0.208  1.181 5
0504 pf 03 -1.183  0.227  1.204 8
0504 pf 04 -0.856  0.442  0.963 8
0504 pf 05 -0.202 -0.956  0.978 2
0504 pf 06  0.116 -1.039  1.046 3
0504 pf 07 -1.002  0.235  1.029 8
0504 pf 08 -0.636 -0.471  0.791 1
0504 pf 09 -0.723  1.093  1.310 7
0504 pf 10 -1.260  0.856  1.523 8
0528 em 00 -0.266 -0.098  0.284 1
0528 cf 00 -0.035 -0.393  0.395 2
0528 pf 01 -0.128 -1.243  1.249 2
0528 pf 02  0.868  0.318  0.925 5
0528 pf 03 -0.961  0.129  0.970 8
0528 pf 04 -0.716  0.288  0.771 8
0528 pf 05 -0.210 -0.986  1.008 2
0528 pf 06  0.886 -0.537  1.036 4
0528 pf 07 -0.532 -0.067  0.536 1
0528 pf 08 -0.301 -0.202  0.362 1
0528 pf 09 -0.768  1.242  1.460 7
0528 pf 10 -1.077  0.479  1.179 8
0552 em 00 -0.036 -0.058  0.068 2
0552 cf 00  0.256 -0.282  0.381 3
0552 pf 01  0.353 -1.392  1.436 3
0552 pf 02  0.573  0.696  0.902 6
0552 pf 03 -0.280 -0.125  0.307 1
0552 pf 04 -0.686 -0.170  0.706 1
0552 pf 05 -0.368 -0.863  0.938 2
0552 pf 06  1.224  0.255  1.250 5
0552 pf 07 -0.100 -0.427  0.438 2
0552 pf 08  0.064 -0.038  0.075 4
0552 pf 09 -0.772  1.548  1.729 7
0552 pf 10 -0.705  0.242  0.745 8
0576 em 00  0.161  0.053  0.170 5
0576 cf 00  0.274 -0.346  0.442 3
0576 pf 01  0.520 -1.270  1.372 3
0576 pf 02  0.681  1.235  1.410 6
0576 pf 03 -0.089 -0.041  0.098 1
0576 pf 04 -0.582 -0.380  0.695 1
0576 pf 05  0.065 -0.771  0.774 3
0576 pf 06  1.340  1.031  1.691 5
0576 pf 07  0.350 -0.558  0.659 3
0576 pf 08  0.426  0.017  0.427 5
0576 pf 09 -0.812  1.392  1.611 7
0576 pf 10 -0.448  0.334  0.558 8
0600 em 00  0.231  0.146  0.274 5
0600 cf 00 -0.075 -0.616  0.621 2
0600 pf 01  0.647 -1.196  1.359 3
0600 pf 02  0.442  1.451  1.517 6
0600 pf 03  0.181 -0.005  0.182 4
0600 pf 04 -0.419 -0.555  0.696 2
0600 pf 05  0.450 -0.390  0.595 4
0600 pf 06  1.299  1.605  2.065 6
0600 pf 07  0.654 -0.221  0.691 4
0600 pf 08  0.511  0.119  0.524 5
0600 pf 09 -0.984  1.291  1.623 7
0600 pf 10 -0.210  0.175  0.274 8
0624 em 00  0.291  0.195  0.351 5
0624 cf 00 -0.194 -0.862  0.883 2
0624 pf 01  0.758 -1.213  1.430 3
0624 pf 02  0.374  1.442  1.490 6
0624 pf 03  0.213  0.278  0.350 6
0624 pf 04 -0.148 -0.508  0.529 2
0624 pf 05  0.770 -0.043  0.771 4
0624 pf 06  1.111  1.905  2.205 6
0624 pf 07  0.712  0.097  0.719 5
0624 pf 08  0.747  0.189  0.771 5
0624 pf 09 -0.988  0.914  1.345 8
0624 pf 10 -0.174 -0.015  0.175 1
0648 em 00  0.220  0.156  0.270 5
0648 cf 00 -0.010 -0.952  0.952 2
0648 pf 01  0.420 -1.150  1.224 3
0648 pf 02  0.201  1.120  1.138 6
0648 pf 03  0.246  0.504  0.561 6
0648 pf 04 -0.052 -0.358  0.362 2
0648 pf 05  0.768  0.076  0.772 5
0648 pf 06  0.825  1.993  2.157 6
0648 pf 07  0.766  0.178  0.786 5
0648 pf 08  0.539  0.056  0.542 5
0648 pf 09 -1.329  0.652  1.480 8
0648 pf 10  0.052 -0.342  0.346 3
0672 em 00  0.158  0.105  0.190 5
0672 cf 00  0.101 -1.048  1.053 3
0672 pf 01  0.482 -0.998  1.108 3
0672 pf 02 -0.262  0.752  0.796 7
0672 pf 03 -0.092  0.622  0.629 7
0672 pf 04  0.317 -0.452  0.552 3
0672 pf 05  0.698  0.201  0.727 5
0672 pf 06  0.488  1.604  1.677 6
0672 pf 07  0.607  0.234  0.651 5
0672 pf 08  0.576 -0.050  0.578 4
0672 pf 09 -1.423  0.562  1.530 8
0672 pf 10  0.272 -0.216  0.347 4
0696 em 00  0.084  0.091  0.124 6
0696 cf 00  0.403 -0.937  1.020 3
0696 pf 01  0.572 -0.615  0.840 3
0696 pf 02 -0.731  0.548  0.914 8
0696 pf 03 -0.233  0.819  0.852 7
0696 pf 04  0.579 -0.359  0.681 4
0696 pf 05  0.536  0.062  0.540 5
0696 pf 06  0.205  0.998  1.019 6
0696 pf 07  0.311  0.108  0.329 5
0696 pf 08  0.753 -0.046  0.755 4
0696 pf 09 -1.722  0.376  1.762 8
0696 pf 10  0.308  0.095  0.322 5
0720 em 00  0.097  0.171  0.197 6
0720 cf 00  0.683 -0.733  1.002 3
0720 pf 01  0.542 -0.331  0.635 4
0720 pf 02 -0.914  0.644  1.118 8
0720 pf 03 -0.432  0.760  0.874 7
0720 pf 04  0.730 -0.154  0.746 4
0720 pf 05  0.964  0.141  0.974 5
0720 pf 06 -0.033  0.693  0.694 7
0720 pf 07  0.010  0.175  0.175 6
0720 pf 08  0.888  0.079  0.891 5
0720 pf 09 -1.700  0.584  1.798 8
0720 pf 10  0.371  0.079  0.379 5
0744 em 00  0.084  0.099  0.129 6
0744 cf 00  1.026 -0.444  1.118 4
0744 pf 01  0.467 -0.234  0.523 4
0744 pf 02 -0.995  0.525  1.125 8
0744 pf 03 -0.381  0.254  0.458 8
0744 pf 04  0.718  0.282  0.772 5
0744 pf 05  1.024 -0.186  1.041 4
0744 pf 06 -0.071  0.492  0.497 7
0744 pf 07 -0.326  0.095  0.340 8
0744 pf 08  1.156  0.139  1.164 5
0744 pf 09 -1.771  0.352  1.805 8
0744 pf 10  0.092 -0.129  0.158 3
0768 em 00  0.028  0.005  0.029 5
0768 cf 00  1.225 -0.261  1.253 4
0768 pf 01  0.389  0.055  0.393 5
0768 pf 02 -0.922  0.285  0.965 8
0768 pf 03 -0.497 -0.166  0.524 1
0768 pf 04  0.418  0.517  0.665 6
0768 pf 05  1.073 -0.577  1.218 4
0768 pf 06 -0.343  0.047  0.346 8
0768 pf 07 -0.425 -0.249  0.493 1
0768 pf 08  1.237  0.423  1.307 5
0768 pf 09 -1.821  0.301  1.846 8
0768 pf 10 -0.048 -0.237  0.242 2
0792 em 00 -0.006 -0.141  0.141 2
0792 cf 00  1.355 -0.087  1.358 4
0792 pf 01  0.340  0.194  0.391 5
0792 pf 02 -1.024 -0.388  1.095 1
0792 pf 03 -0.401 -0.456  0.607 2
0792 pf 04  0.232  0.632  0.673 6
0792 pf 05  1.050 -0.870  1.364 4
0792 pf 06 -0.602  0.038  0.604 8
0792 pf 07 -0.214 -0.729  0.760 2
0792 pf 08  1.061  0.423  1.142 5
0792 pf 09 -1.818 -0.087  1.820 1
0792 pf 10 -0.098 -0.130  0.163 2
0816 em 00  0.024 -0.204  0.206 3
0816 cf 00  1.254  0.145  1.262 5
0816 pf 01  0.229  0.059  0.237 5
0816 pf 02 -1.320 -0.786  1.537 1
0816 pf 03 -0.100 -0.586  0.595 2
0816 pf 04  0.244  0.467  0.527 6
0816 pf 05  1.618 -0.640  1.740 4
0816 pf 06 -0.635 -0.135  0.649 1
0816 pf 07  0.100 -0.878  0.884 3
0816 pf 08  0.611  0.353  0.705 5
0816 pf 09 -1.647 -0.259  1.667 1
0816 pf 10 -0.168  0.126  0.210 8
0840 em 00  0.110 -0.247  0.271 3
0840 cf 00  1.129  0.287  1.165 5
0840 pf 01  0.024 -0.182  0.184 3
0840 pf 02 -1.184 -0.861  1.465 1
0840 pf 03  0.194 -0.608  0.638 3
0840 pf 04  0.223  0.438  0.492 6
0840 pf 05  2.481  0.078  2.482 5
0840 pf 06 -0.678 -0.479  0.830 1
0840 pf 07  0.253 -1.193  1.220 3
0840 pf 08  0.257  0.063  0.264 5
0840 pf 09 -1.388 -0.386  1.440 1
0840 pf 10 -0.172  0.238  0.294 7
0864 em 00  0.237 -0.347  0.420 3
0864 cf 00  1.406  0.412  1.465 5
0864 pf 01  0.291 -0.152  0.328 4
0864 pf 02 -0.674 -0.934  1.151 2
0864 pf 03  0.429 -0.841  0.944 3
0864 pf 04  0.164  0.061  0.175 5
0864 pf 05  2.761  0.332  2.780 5
0864 pf 06 -0.860 -0.775  1.157 1
0864 pf 07  0.462 -1.481  1.551 3
0864 pf 08 -0.055 -0.021  0.059 1
0864 pf 09 -1.365 -0.457  1.439 1
0864 pf 10 -0.021  0.111  0.113 7
0888 em 00  0.334 -0.414  0.532 3
0888 cf 00  1.435  0.457  1.506 5
0888 pf 01  0.535 -0.222  0.579 4
0888 pf 02 -0.171 -1.207  1.219 2
0888 pf 03  0.750 -0.935  1.198 3
0888 pf 04  0.421 -0.510  0.661 3
0888 pf 05  2.687  0.867  2.823 5
0888 pf 06 -1.103 -0.709  1.311 1
0888 pf 07  0.581 -1.391  1.507 3
0888 pf 08 -0.322 -0.099  0.337 1
0888 pf 09 -1.289 -0.714  1.473 1
0888 pf 10  0.061 -0.017  0.064 4
0912 em 00  0.380 -0.461  0.597 3
0912 cf 00  0.990  0.588  1.151 5
0912 pf 01  0.873 -0.461  0.987 4
0912 pf 02  0.359 -1.239  1.290 3
0912 pf 03  0.795 -1.175  1.419 3
0912 pf 04  0.579 -0.865  1.041 3
0912 pf 05  2.593  1.261  2.884 5
0912 pf 06 -1.191 -0.686  1.375 1
0912 pf 07  0.772 -1.239  1.460 3
0912 pf 08 -0.449 -0.260  0.519 1
0912 pf 09 -1.138 -0.982  1.504 1
0912 pf 10 -0.130  0.088  0.157 8
0936 em 00  0.423 -0.416  0.593 4
0936 cf 00  0.654  0.768  1.009 6
0936 pf 01  0.906 -0.195  0.926 4
0936 pf 02  0.672 -0.952  1.165 3
0936 pf 03  1.002 -1.094  1.484 3
0936 pf 04  0.932 -1.116  1.454 3
0936 pf 05  2.548  1.569  2.993 5
0936 pf 06 -1.253 -0.568  1.376 1
0936 pf 07  0.710 -1.371  1.544 3
0936 pf 08 -0.593 -0.623  0.860 2
0936 pf 09 -0.969 -1.047  1.427 2
0936 pf 10 -0.112  0.131  0.172 7
0960 em 00  0.441 -0.382  0.583 4
0960 cf 00  0.339  0.688  0.767 6
0960 pf 01  1.025  0.290  1.066 5
0960 pf 02  1.024 -0.400  1.100 4
0960 pf 03  1.027 -0.888  1.357 4
0960 pf 04  0.955 -1.114  1.467 3
0960 pf 05  2.336  1.506  2.779 5
0960 pf 06 -1.352 -0.656  1.503 1
0960 pf 07  0.885 -1.447  1.696 3
0960 pf 08 -0.705 -1.307  1.485 2
0960 pf 09 -0.695 -1.021  1.235 2
0960 pf 10 -0.169  0.227  0.283 7
0984 em 00  0.375 -0.260  0.456 4
0984 cf 00 -0.060  0.528  0.531 7
0984 pf 01  1.003  0.649  1.195 5
0984 pf 02  1.235  0.244  1.259 5
0984 pf 03  0.791 -0.733  1.079 4
0984 pf 04  1.135 -1.228  1.672 3
0984 pf 05  1.703  1.278  2.130 5
0984 pf 06 -1.039 -0.545  1.173 1
0984 pf 07  0.505 -0.984  1.106 3
0984 pf 08 -0.523 -1.355  1.452 2
0984 pf 09 -0.574 -0.639  0.859 2
0984 pf 10 -0.254  0.023  0.255 8
1008 em 00  0.399 -0.182  0.439 4
1008 cf 00 -0.238  0.526  0.578 7
1008 pf 01  1.255  0.727  1.451 5
1008 pf 02  1.209  0.485  1.302 5
1008 pf 03  0.406 -0.732  0.837 3
1008 pf 04  1.313 -1.178  1.764 4
1008 pf 05  1.142  1.090  1.579 5
1008 pf 06 -0.895 -0.498  1.025 1
1008 pf 07  0.426 -0.587  0.726 3
1008 pf 08  0.075 -1.487  1.489 3
1008 pf 09 -0.421 -0.240  0.484 1
1008 pf 10 -0.090 -0.024  0.093 1
1032 em 00  0.415 -0.153  0.442 4
1032 cf 00 -0.246  0.430  0.496 7
1032 pf 01  1.098  0.411  1.172 5
1032 pf 02  1.351  0.871  1.607 5
1032 pf 03  0.491 -0.682  0.841 3
1032 pf 04  1.406 -1.007  1.729 4
1032 pf 05  0.585  0.868  1.047 6
1032 pf 06 -1.097 -0.583  1.242 1
1032 pf 07  0.420 -0.409  0.586 4
1032 pf 08  0.586 -1.401  1.519 3
1032 pf 09 -0.387  0.074  0.394 8
1032 pf 10  0.160 -0.163  0.228 3
1056 em 00  0.463 -0.052  0.466 4
1056 cf 00 -0.020  0.474  0.474 7
1056 pf 01  0.908  0.726  1.162 5
1056 pf 02  1.486  0.684  1.636 5
1056 pf 03  0.522 -0.636  0.823 3
1056 pf 04  1.521 -0.675  1.664 4
1056 pf 05  0.453  1.057  1.150 6
1056 pf 06 -0.915 -0.626  1.109 1
1056 pf 07  0.143 -0.497  0.517 3
1056 pf 08  0.912 -1.044  1.386 3
1056 pf 09 -0.291  0.220  0.365 8
1056 pf 10  0.174 -0.193  0.260 3
1080 em 00  0.497  0.048  0.499 5
1080 cf 00  0.323  0.239  0.402 5
1080 pf 01  0.587  0.801  0.993 6
1080 pf 02  1.671  0.488  1.741 5
1080 pf 03  0.753 -0.431  0.868 4
1080 pf 04  1.409 -0.327  1.446 4
1080 pf 05  0.235  1.044  1.071 6
1080 pf 06 -0.989 -0.601  1.157 1
1080 pf 07 -0.155 -0.416  0.444 2
1080 pf 08  1.136 -0.626  1.297 4
1080 pf 09 -0.082  0.350  0.360 7
1080 pf 10  0.379  0.035  0.381 5
1104 em 00  0.579  0.185  0.607 5
1104 cf 00  0.813  0.072  0.817 5
1104 pf 01  0.377  0.840  0.920 6
1104 pf 02  1.659  0.638  1.778 5
1104 pf 03  1.067 -0.091  1.071 4
1104 pf 04  1.493 -0.038  1.493 4
1104 pf 05  0.181  1.336  1.348 6
1104 pf 06 -1.232 -0.726  1.430 1
1104 pf 07 -0.122 -0.482  0.497 2
1104 pf 08  1.217 -0.459  1.300 4
1104 pf 09 -0.024  0.593  0.593 7
1104 pf 10  0.708  0.356  0.793 5
