ecmf prod rf 2005051500 20230515 11 046
0024 em 00 -0.525  1.381  1.478 7
0024 cf 00 -0.526  1.374  1.471 7
0024 pf 01 -0.511  1.376  1.468 7
0024 pf 02 -0.605  1.413  1.537 7
0024 pf 03 -0.458  1.292  1.371 7
0024 pf 04 -0.474  1.353  1.433 7
0024 pf 05 -0.501  1.351  1.441 7
0024 pf 06 -0.504  1.513  1.595 7
0024 pf 07 -0.501  1.370  1.459 7
0024 pf 08 -0.615  1.336  1.471 7
0024 pf 09 -0.531  1.350  1.451 7
0024 pf 10 -0.483  1.377  1.459 7
0048 em 00 -0.851  1.409  1.646 7
0048 cf 00 -0.791  1.429  1.634 7
0048 pf 01 -0.741  1.485  1.659 7
0048 pf 02 -0.982  1.576  1.857 7
0048 pf 03 -0.739  1.346  1.535 7
0048 pf 04 -0.612  1.412  1.539 7
0048 pf 05 -1.053  1.318  1.687 7
0048 pf 06 -0.957  1.510  1.788 7
0048 pf 07 -0.875  1.317  1.581 7
0048 pf 08 -0.843  1.464  1.689 7
0048 pf 09 -0.813  1.193  1.444 7
0048 pf 10 -0.844  1.375  1.613 7
0072 em 00 -1.034  1.113  1.519 7
0072 cf 00 -0.890  1.159  1.461 7
0072 pf 01 -0.831  1.315  1.556 7
0072 pf 02 -1.246  1.290  1.794 7
0072 pf 03 -0.945  0.823  1.253 8
0072 pf 04 -0.869  1.322  1.582 7
0072 pf 05 -1.216  0.820  1.467 8
0072 pf 06 -1.301  1.253  1.806 8
0072 pf 07 -1.018  0.944  1.388 8
0072 pf 08 -1.161  1.123  1.615 8
0072 pf 09 -0.989  0.903  1.339 8
0072 pf 10 -0.786  1.238  1.467 7
0096 em 00 -1.263  0.921  1.563 8
0096 cf 00 -1.132  0.939  1.471 8
0096 pf 01 -1.422  1.124  1.813 8
0096 pf 02 -1.606  1.070  1.930 8
0096 pf 03 -1.134  0.660  1.312 8
0096 pf 04 -1.089  1.164  1.594 7
0096 pf 05 -1.336  0.678  1.498 8
0096 pf 06 -1.669  1.010  1.951 8
0096 pf 07 -1.208  0.730  1.411 8
0096 pf 08 -1.373  0.988  1.692 8
0096 pf 09 -0.866  0.741  1.140 8
0096 pf 10 -0.923  1.021  1.376 7
0120 em 00 -1.461  0.570  1.568 8
0120 cf 00 -1.349  0.630  1.489 8
0120 pf 01 -1.667  0.728  1.819 8
0120 pf 02 -2.002  0.766  2.144 8
0120 pf 03 -1.172  0.306  1.211 8
0120 pf 04 -1.458  0.764  1.646 8
0120 pf 05 -1.468  0.639  1.601 8
0120 pf 06 -1.836  0.492  1.901 8
0120 pf 07 -1.200  0.522  1.309 8
0120 pf 08 -1.603  0.525  1.687 8
0120 pf 09 -1.097  0.348  1.151 8
0120 pf 10 -1.080  0.594  1.233 8
0144 em 00 -1.420  0.319  1.455 8
0144 cf 00 -1.392  0.398  1.448 8
0144 pf 01 -1.731  0.504  1.803 8
0144 pf 02 -1.983  0.428  2.028 8
0144 pf 03 -0.978  0.168  0.993 8
0144 pf 04 -1.578  0.649  1.707 8
0144 pf 05 -1.415  0.392  1.468 8
0144 pf 06 -1.851  0.060  1.852 8
0144 pf 07 -1.068  0.369  1.129 8
0144 pf 08 -1.587  0.232  1.604 8
0144 pf 09 -1.085  0.092  1.089 8
0144 pf 10 -0.832  0.277  0.877 8
0168 em 00 -1.355  0.185  1.367 8
0168 cf 00 -1.378  0.202  1.393 8
0168 pf 01 -1.837  0.301  1.862 8
0168 pf 02 -1.870  0.211  1.882 8
0168 pf 03 -0.893  0.144  0.905 8
0168 pf 04 -1.501  0.512  1.586 8
0168 pf 05 -1.414  0.288  1.443 8
0168 pf 06 -1.686 -0.095  1.689 1
0168 pf 07 -0.980  0.209  1.002 8
0168 pf 08 -1.397 -0.003  1.397 1
0168 pf 09 -1.197  0.157  1.207 8
0168 pf 10 -0.684  0.154  0.701 8
0192 em 00 -1.257 -0.174  1.269 1
0192 cf 00 -1.360 -0.156  1.369 1
0192 pf 01 -1.802 -0.187  1.811 1
0192 pf 02 -1.775 -0.382  1.816 1
0192 pf 03 -0.654 -0.078  0.659 1
0192 pf 04 -1.507  0.005  1.507 8
0192 pf 05 -1.387  0.069  1.389 8
0192 pf 06 -1.536 -0.605  1.651 1
0192 pf 07 -0.730  0.079  0.734 8
0192 pf 08 -1.370 -0.380  1.421 1
0192 pf 09 -1.295 -0.198  1.310 1
0192 pf 10 -0.374 -0.044  0.376 1
0216 em 00 -0.925 -0.367  0.995 1
0216 cf 00 -1.048 -0.405  1.123 1
0216 pf 01 -1.491 -0.638  1.622 1
0216 pf 02 -1.241 -0.651  1.402 1
0216 pf 03 -0.357 -0.060  0.362 1
0216 pf 04 -1.355 -0.276  1.383 1
0216 pf 05 -0.674 -0.105  0.683 1
0216 pf 06 -1.328 -0.880  1.593 1
0216 pf 07 -0.555 -0.006  0.555 1
0216 pf 08 -1.211 -0.583  1.344 1
0216 pf 09 -0.892 -0.315  0.946 1
0216 pf 10  0.010 -0.072  0.072 3
0240 em 00 -0.604 -0.557  0.821 1
0240 cf 00 -0.621 -0.646  0.896 2
0240 pf 01 -1.083 -1.015  1.484 1
0240 pf 02 -0.980 -0.678  1.192 1
0240 pf 03  0.015 -0.060  0.062 3
0240 pf 04 -1.115 -0.673  1.302 1
0240 pf 05 -0.214 -0.465  0.512 2
0240 pf 06 -1.056 -1.137  1.552 2
0240 pf 07 -0.305 -0.083  0.316 1
0240 pf 08 -0.820 -0.600  1.016 1
0240 pf 09 -0.615 -0.508  0.798 1
0240 pf 10  0.179 -0.207  0.274 3
0264 em 00 -0.350 -0.764  0.840 2
0264 cf 00 -0.425 -0.900  0.996 2
0264 pf 01 -0.644 -1.494  1.627 2
0264 pf 02 -0.608 -0.859  1.052 2
0264 pf 03  0.168 -0.252  0.303 3
0264 pf 04 -0.980 -0.887  1.322 1
0264 pf 05  0.273 -0.817  0.862 3
0264 pf 06 -0.889 -0.983  1.325 2
0264 pf 07 -0.014 -0.190  0.190 2
0264 pf 08 -0.427 -0.972  1.062 2
0264 pf 09 -0.412 -0.678  0.793 2
0264 pf 10  0.147 -0.306  0.339 3
0288 em 00 -0.193 -0.911  0.931 2
0288 cf 00 -0.330 -1.111  1.159 2
0288 pf 01 -0.656 -1.626  1.753 2
0288 pf 02 -0.178 -0.956  0.973 2
0288 pf 03 -0.061 -0.590  0.593 2
0288 pf 04 -0.321 -1.086  1.133 2
0288 pf 05  0.575 -0.874  1.047 3
0288 pf 06 -0.673 -0.868  1.098 2
0288 pf 07  0.206 -0.403  0.452 3
0288 pf 08 -0.266 -1.269  1.297 2
0288 pf 09 -0.485 -0.870  0.997 2
0288 pf 10  0.124 -0.292  0.317 3
0312 em 00 -0.067 -0.977  0.979 2
0312 cf 00 -0.286 -1.351  1.381 2
0312 pf 01 -0.207 -1.773  1.785 2
0312 pf 02  0.051 -0.801  0.803 3
0312 pf 03 -0.071 -0.534  0.538 2
0312 pf 04  0.043 -1.378  1.379 3
0312 pf 05  0.559 -0.706  0.901 3
0312 pf 06 -0.547 -0.563  0.785 2
0312 pf 07  0.210 -0.644  0.677 3
0312 pf 08 -0.141 -1.309  1.316 2
0312 pf 09 -0.491 -1.065  1.173 2
0312 pf 10  0.178 -0.566  0.593 3
0336 em 00 -0.034 -0.970  0.970 2
0336 cf 00 -0.262 -1.587  1.609 2
0336 pf 01 -0.120 -2.018  2.022 2
0336 pf 02 -0.088 -0.547  0.554 2
0336 pf 03 -0.010 -0.464  0.464 2
0336 pf 04  0.361 -1.629  1.669 3
0336 pf 05  0.412 -0.436  0.600 3
0336 pf 06 -0.536 -0.574  0.786 2
0336 pf 07 -0.085 -0.640  0.646 2
0336 pf 08 -0.019 -0.982  0.982 2
0336 pf 09 -0.369 -1.103  1.163 2
0336 pf 10  0.387 -0.615  0.726 3
0360 em 00  0.019 -0.922  0.922 3
0360 cf 00 -0.173 -1.634  1.643 2
0360 pf 01 -0.138 -1.952  1.957 2
0360 pf 02 -0.395 -0.426  0.581 2
0360 pf 03  0.174 -0.546  0.573 3
0360 pf 04  0.726 -1.648  1.801 3
0360 pf 05  0.398 -0.309  0.504 4
0360 pf 06 -0.731 -0.443  0.855 1
0360 pf 07 -0.107 -0.691  0.699 2
0360 pf 08  0.297 -0.701  0.762 3
0360 pf 09 -0.140 -1.166  1.174 2
0360 pf 10  0.330 -0.540  0.633 3
0384 em 00  0.087 -0.829  0.833 3
0384 cf 00  0.112 -1.614  1.617 3
0384 pf 01  0.070 -1.812  1.813 3
0384 pf 02 -0.574 -0.426  0.715 1
0384 pf 03  0.252 -0.554  0.608 3
0384 pf 04  1.240 -1.269  1.775 3
0384 pf 05  0.199 -0.221  0.297 3
0384 pf 06 -0.699 -0.415  0.813 1
0384 pf 07 -0.263 -0.334  0.425 2
0384 pf 08  0.465 -0.765  0.896 3
0384 pf 09  0.049 -1.216  1.217 3
0384 pf 10  0.132 -0.417  0.437 3
0408 em 00  0.135 -0.676  0.689 3
0408 cf 00  0.428 -1.299  1.368 3
0408 pf 01  0.357 -1.583  1.622 3
0408 pf 02 -0.656 -0.286  0.715 1
0408 pf 03  0.499 -0.643  0.814 3
0408 pf 04  1.801 -0.813  1.976 4
0408 pf 05  0.130 -0.120  0.176 4
0408 pf 06 -0.875 -0.334  0.937 1
0408 pf 07 -0.476 -0.135  0.495 1
0408 pf 08  0.225 -0.615  0.655 3
0408 pf 09 -0.070 -1.298  1.300 2
0408 pf 10  0.175 -0.196  0.263 3
0432 em 00  0.131 -0.575  0.589 3
0432 cf 00  0.789 -1.027  1.295 3
0432 pf 01  0.516 -1.327  1.424 3
0432 pf 02 -0.554 -0.385  0.675 1
0432 pf 03  0.244 -0.611  0.658 3
0432 pf 04  1.921 -0.477  1.980 4
0432 pf 05  0.003 -0.162  0.162 3
0432 pf 06 -1.211 -0.518  1.318 1
0432 pf 07 -0.711 -0.022  0.711 1
0432 pf 08  0.225 -0.670  0.707 3
0432 pf 09 -0.239 -1.265  1.288 2
0432 pf 10  0.523  0.275  0.591 5
0456 em 00  0.131 -0.482  0.500 3
0456 cf 00  1.010 -0.868  1.332 4
0456 pf 01  0.604 -1.249  1.388 3
0456 pf 02 -0.515 -0.480  0.704 1
0456 pf 03  0.105 -0.645  0.654 3
0456 pf 04  2.020 -0.342  2.048 4
0456 pf 05 -0.056 -0.248  0.254 2
0456 pf 06 -1.564 -0.378  1.609 1
0456 pf 07 -0.729 -0.002  0.729 1
0456 pf 08  0.227 -0.708  0.743 3
0456 pf 09 -0.049 -0.991  0.992 2
0456 pf 10  0.415  0.751  0.858 6
0480 em 00  0.204 -0.445  0.490 3
0480 cf 00  0.879 -0.978  1.315 3
0480 pf 01  0.589 -1.158  1.299 3
0480 pf 02 -0.142 -0.467  0.489 2
0480 pf 03  0.146 -0.560  0.578 3
0480 pf 04  1.873 -0.068  1.874 4
0480 pf 05 -0.020 -0.479  0.479 2
0480 pf 06 -1.293 -0.146  1.302 1
0480 pf 07 -0.806 -0.110  0.814 1
0480 pf 08  0.248 -0.496  0.554 3
0480 pf 09  0.444 -0.827  0.938 3
0480 pf 10  0.339  0.550  0.646 6
0504 em 00  0.242 -0.415  0.480 3
0504 cf 00  0.682 -1.064  1.264 3
0504 pf 01  0.597 -0.938  1.112 3
0504 pf 02 -0.093 -0.750  0.755 2
0504 pf 03  0.124 -0.516  0.531 3
0504 pf 04  1.730  0.340  1.764 5
0504 pf 05 -0.083 -0.645  0.651 2
0504 pf 06 -0.814 -0.227  0.845 1
0504 pf 07 -0.834 -0.555  1.002 1
0504 pf 08  0.086 -0.227  0.243 3
0504 pf 09  0.738 -0.509  0.897 4
0504 pf 10  0.528  0.680  0.861 6
0528 em 00  0.227 -0.414  0.472 3
0528 cf 00  0.710 -1.201  1.395 3
0528 pf 01  0.691 -0.558  0.889 4
0528 pf 02  0.376 -0.784  0.870 3
0528 pf 03 -0.038 -0.505  0.507 2
0528 pf 04  1.503  0.177  1.513 5
0528 pf 05 -0.215 -0.433  0.484 2
0528 pf 06 -0.849 -0.692  1.095 1
0528 pf 07 -0.805 -0.996  1.280 2
0528 pf 08 -0.020 -0.086  0.088 2
0528 pf 09  0.771 -0.069  0.774 4
0528 pf 10  0.380  0.750  0.841 6
0552 em 00  0.227 -0.407  0.466 3
0552 cf 00  0.646 -1.272  1.427 3
0552 pf 01  0.736 -0.274  0.785 4
0552 pf 02  0.628 -0.547  0.833 4
0552 pf 03  0.005 -0.633  0.633 3
0552 pf 04  1.279 -0.148  1.288 4
0552 pf 05 -0.135 -0.325  0.352 2
0552 pf 06 -0.675 -0.961  1.175 2
0552 pf 07 -0.842 -1.191  1.458 2
0552 pf 08 -0.342  0.086  0.352 8
0552 pf 09  0.914  0.225  0.941 5
0552 pf 10  0.261  0.718  0.764 6
0576 em 00  0.274 -0.456  0.532 3
0576 cf 00  0.585 -1.084  1.231 3
0576 pf 01  0.611 -0.199  0.642 4
0576 pf 02  0.830 -0.269  0.873 4
0576 pf 03  0.342 -0.903  0.966 3
0576 pf 04  1.056 -0.464  1.153 4
0576 pf 05  0.004 -0.146  0.146 3
0576 pf 06 -0.475 -1.341  1.423 2
0576 pf 07 -0.721 -1.343  1.524 2
0576 pf 08 -0.670  0.127  0.682 8
0576 pf 09  1.177  0.202  1.194 5
0576 pf 10  0.247  0.565  0.616 6
0600 em 00  0.374 -0.466  0.598 3
0600 cf 00  0.687 -1.041  1.247 3
0600 pf 01  0.645 -0.280  0.703 4
0600 pf 02  0.646  0.225  0.685 5
0600 pf 03  1.004 -1.090  1.482 3
0600 pf 04  1.042 -0.310  1.088 4
0600 pf 05 -0.006 -0.135  0.135 2
0600 pf 06 -0.172 -1.617  1.626 2
0600 pf 07 -0.607 -1.364  1.493 2
0600 pf 08 -0.743  0.290  0.798 8
0600 pf 09  1.189  0.155  1.200 5
0600 pf 10  0.362  0.209  0.418 5
0624 em 00  0.359 -0.443  0.570 3
0624 cf 00  0.741 -0.963  1.215 3
0624 pf 01  0.503 -0.077  0.509 4
0624 pf 02  0.054  0.333  0.337 6
0624 pf 03  1.253 -0.991  1.598 4
0624 pf 04  1.434  0.017  1.434 5
0624 pf 05  0.146 -0.192  0.241 3
0624 pf 06  0.069 -1.783  1.785 3
0624 pf 07 -0.570 -1.632  1.729 2
0624 pf 08 -1.153  0.456  1.240 8
0624 pf 09  0.965  0.226  0.991 5
0624 pf 10  0.431 -0.102  0.443 4
0648 em 00  0.293 -0.350  0.457 3
0648 cf 00  0.709 -0.789  1.061 3
0648 pf 01  0.349  0.089  0.360 5
0648 pf 02 -0.318  0.586  0.667 7
0648 pf 03  1.264 -0.712  1.451 4
0648 pf 04  1.770  0.194  1.780 5
0648 pf 05 -0.204 -0.440  0.485 2
0648 pf 06  0.379 -1.644  1.687 3
0648 pf 07 -0.332 -1.743  1.774 2
0648 pf 08 -1.392  0.272  1.419 8
0648 pf 09  0.810  0.489  0.946 5
0648 pf 10  0.113  0.011  0.114 5
0672 em 00  0.295 -0.282  0.408 4
0672 cf 00  0.576 -0.716  0.919 3
0672 pf 01  0.330  0.321  0.461 5
0672 pf 02 -0.597  0.631  0.869 7
0672 pf 03  1.281 -0.211  1.298 4
0672 pf 04  1.665  0.315  1.694 5
0672 pf 05 -0.382 -0.266  0.465 1
0672 pf 06  0.746 -1.463  1.642 3
0672 pf 07  0.041 -1.638  1.638 3
0672 pf 08 -1.609  0.078  1.611 8
0672 pf 09  0.788  0.109  0.795 5
0672 pf 10  0.302 -0.121  0.326 4
0696 em 00  0.328 -0.323  0.461 4
0696 cf 00  0.429 -0.811  0.917 3
0696 pf 01  0.521  0.350  0.628 5
0696 pf 02 -0.741  0.292  0.796 8
0696 pf 03  1.311 -0.158  1.320 4
0696 pf 04  1.182  0.356  1.235 5
0696 pf 05 -0.143 -0.242  0.281 2
0696 pf 06  1.054 -1.090  1.516 3
0696 pf 07  0.060 -1.518  1.519 3
0696 pf 08 -1.271 -0.219  1.289 1
0696 pf 09  0.814 -0.155  0.828 4
0696 pf 10  0.276 -0.212  0.348 4
0720 em 00  0.300 -0.270  0.404 4
0720 cf 00  0.297 -1.112  1.151 3
0720 pf 01  0.524  0.233  0.573 5
0720 pf 02 -0.966 -0.215  0.989 1
0720 pf 03  1.156  0.272  1.188 5
0720 pf 04  0.924  0.530  1.065 5
0720 pf 05 -0.053  0.230  0.236 7
0720 pf 06  0.845 -0.715  1.107 4
0720 pf 07  0.203 -1.401  1.415 3
0720 pf 08 -0.915 -0.449  1.019 1
0720 pf 09  0.915 -0.191  0.935 4
0720 pf 10  0.261  0.003  0.261 5
0744 em 00  0.277 -0.308  0.414 3
0744 cf 00  0.339 -1.456  1.495 3
0744 pf 01  0.413 -0.026  0.414 4
0744 pf 02 -1.282 -0.306  1.318 1
0744 pf 03  1.256  0.606  1.394 5
0744 pf 04  0.529  0.529  0.748 6
0744 pf 05  0.132  0.185  0.227 6
0744 pf 06  0.712 -0.594  0.927 4
0744 pf 07  0.441 -1.135  1.218 3
0744 pf 08 -0.797 -0.689  1.053 1
0744 pf 09  1.012 -0.058  1.014 4
0744 pf 10  0.198 -0.315  0.372 3
0768 em 00  0.272 -0.194  0.334 4
0768 cf 00  0.198 -1.725  1.736 3
0768 pf 01  0.535 -0.079  0.540 4
0768 pf 02 -1.317 -0.094  1.320 1
0768 pf 03  1.078  1.131  1.563 6
0768 pf 04  0.196  0.789  0.813 6
0768 pf 05  0.186  0.159  0.245 5
0768 pf 06  0.284 -0.444  0.528 3
0768 pf 07  0.876 -0.791  1.180 4
0768 pf 08 -0.465 -0.707  0.846 2
0768 pf 09  1.027  0.027  1.027 5
0768 pf 10  0.310 -0.303  0.433 4
0792 em 00  0.259 -0.190  0.322 4
0792 cf 00  0.317 -1.702  1.731 3
0792 pf 01  0.728 -0.277  0.779 4
0792 pf 02 -1.169  0.171  1.182 8
0792 pf 03  0.826  1.029  1.320 6
0792 pf 04 -0.377  0.648  0.749 7
0792 pf 05 -0.223 -0.083  0.238 1
0792 pf 06 -0.025 -0.362  0.363 2
0792 pf 07  1.169 -0.416  1.241 4
0792 pf 08  0.021 -0.692  0.693 3
0792 pf 09  1.035 -0.066  1.037 4
0792 pf 10  0.486 -0.265  0.553 4
0816 em 00  0.287 -0.222  0.363 4
0816 cf 00  0.611 -1.510  1.629 3
0816 pf 01  0.837 -0.243  0.872 4
0816 pf 02 -1.059 -0.051  1.060 1
0816 pf 03  0.836  0.926  1.248 6
0816 pf 04 -0.737  0.824  1.105 7
0816 pf 05 -0.583 -0.193  0.614 1
0816 pf 06 -0.326 -0.826  0.888 2
0816 pf 07  1.443 -0.281  1.470 4
0816 pf 08  0.415 -0.789  0.891 3
0816 pf 09  1.067 -0.048  1.068 4
0816 pf 10  0.621 -0.175  0.646 4
0840 em 00  0.329 -0.149  0.361 4
0840 cf 00  1.019 -1.154  1.539 3
0840 pf 01  0.838 -0.054  0.839 4
0840 pf 02 -0.992 -0.029  0.993 1
0840 pf 03  0.716  0.629  0.953 5
0840 pf 04 -0.654  0.764  1.005 7
0840 pf 05 -0.772 -0.219  0.803 1
0840 pf 06 -0.324 -0.974  1.027 2
0840 pf 07  1.631  0.109  1.635 5
0840 pf 08  0.336 -0.453  0.564 3
0840 pf 09  1.167  0.069  1.169 5
0840 pf 10  0.623 -0.235  0.666 4
0864 em 00  0.275 -0.092  0.290 4
0864 cf 00  1.100 -1.047  1.519 4
0864 pf 01  0.955  0.372  1.025 5
0864 pf 02 -1.163 -0.150  1.173 1
0864 pf 03  0.450  0.023  0.451 5
0864 pf 04 -0.547  0.855  1.015 7
0864 pf 05 -0.915 -0.009  0.915 1
0864 pf 06 -0.342 -1.108  1.160 2
0864 pf 07  1.729  0.294  1.754 5
0864 pf 08  0.301 -0.399  0.499 3
0864 pf 09  0.976  0.236  1.004 5
0864 pf 10  0.459  0.017  0.459 5
0888 em 00  0.186 -0.035  0.189 4
0888 cf 00  1.284 -0.976  1.613 4
0888 pf 01  0.882  1.040  1.363 6
0888 pf 02 -1.022 -0.486  1.131 1
0888 pf 03  0.312 -0.153  0.348 4
0888 pf 04 -0.682  0.788  1.042 7
0888 pf 05 -1.182 -0.232  1.204 1
0888 pf 06 -0.154 -1.050  1.061 2
0888 pf 07  1.446  0.500  1.531 5
0888 pf 08  0.005 -0.864  0.864 3
0888 pf 09  0.990  0.826  1.289 5
0888 pf 10  0.157  0.310  0.348 6
0912 em 00  0.092 -0.032  0.097 4
0912 cf 00  1.304 -0.703  1.481 4
0912 pf 01  0.704  0.975  1.203 6
0912 pf 02 -0.696 -0.861  1.107 2
0912 pf 03  0.216 -0.064  0.225 4
0912 pf 04 -0.821  0.605  1.020 8
0912 pf 05 -1.275 -0.031  1.275 1
0912 pf 06 -0.699 -0.957  1.185 2
0912 pf 07  1.100  0.644  1.275 5
0912 pf 08  0.205 -1.006  1.026 3
0912 pf 09  0.723  0.779  1.063 6
0912 pf 10  0.252  0.334  0.418 6
0936 em 00  0.074 -0.121  0.142 3
0936 cf 00  1.251 -0.639  1.405 4
0936 pf 01  0.393  0.870  0.955 6
0936 pf 02 -0.585 -1.302  1.428 2
0936 pf 03  0.491  0.001  0.491 5
0936 pf 04 -0.897  0.339  0.959 8
0936 pf 05 -1.284  0.052  1.285 8
0936 pf 06 -0.663 -0.803  1.042 2
0936 pf 07  1.002  0.596  1.166 5
0936 pf 08  0.784 -1.237  1.464 3
0936 pf 09  0.466  0.764  0.895 6
0936 pf 10 -0.155  0.129  0.201 8
0960 em 00 -0.025 -0.249  0.250 2
0960 cf 00  1.140 -0.372  1.199 4
0960 pf 01 -0.012  0.665  0.665 7
0960 pf 02 -0.677 -1.636  1.771 2
0960 pf 03  0.513  0.206  0.553 5
0960 pf 04 -0.929  0.053  0.931 8
0960 pf 05 -1.289 -0.081  1.291 1
0960 pf 06 -0.466 -0.536  0.710 2
0960 pf 07  0.541  0.581  0.794 6
0960 pf 08  1.193 -1.666  2.049 3
0960 pf 09  0.099  0.282  0.299 6
0960 pf 10 -0.392 -0.103  0.406 1
0984 em 00 -0.092 -0.378  0.389 2
0984 cf 00  1.095 -0.176  1.109 4
0984 pf 01 -0.183  0.376  0.418 7
0984 pf 02 -0.345 -1.417  1.458 2
0984 pf 03  0.465  0.137  0.484 5
0984 pf 04 -0.924 -0.262  0.961 1
0984 pf 05 -1.395 -0.325  1.433 1
0984 pf 06 -0.301 -0.729  0.789 2
0984 pf 07  0.167  0.607  0.629 6
0984 pf 08  1.366 -1.679  2.164 3
0984 pf 09 -0.441  0.060  0.445 8
0984 pf 10 -0.524 -0.603  0.798 2
1008 em 00 -0.129 -0.329  0.354 2
1008 cf 00  0.975 -0.171  0.990 4
1008 pf 01 -0.487  0.540  0.727 7
1008 pf 02  0.052 -1.218  1.219 3
1008 pf 03  0.321  0.056  0.326 5
1008 pf 04 -0.810  0.200  0.834 8
1008 pf 05 -1.060 -0.536  1.187 1
1008 pf 06 -0.281 -1.116  1.151 2
1008 pf 07 -0.219  0.624  0.661 7
1008 pf 08  1.634 -1.190  2.022 4
1008 pf 09 -0.933 -0.237  0.962 1
1008 pf 10 -0.640 -0.450  0.783 1
1032 em 00 -0.070 -0.308  0.315 2
1032 cf 00  0.890 -0.197  0.912 4
1032 pf 01 -0.441  0.675  0.806 7
1032 pf 02  0.219 -1.082  1.104 3
1032 pf 03  0.483 -0.004  0.483 4
1032 pf 04 -0.798  0.151  0.812 8
1032 pf 05 -0.968 -0.586  1.131 1
1032 pf 06 -0.110 -1.247  1.252 2
1032 pf 07 -0.569  0.461  0.732 8
1032 pf 08  2.126 -0.697  2.237 4
1032 pf 09 -1.054 -0.306  1.098 1
1032 pf 10 -0.614 -0.442  0.757 1
1056 em 00 -0.061 -0.254  0.262 2
1056 cf 00  0.552 -0.185  0.582 4
1056 pf 01 -0.167  0.751  0.769 7
1056 pf 02  0.107 -0.906  0.913 3
1056 pf 03  0.888 -0.178  0.906 4
1056 pf 04 -0.630  0.182  0.656 8
1056 pf 05 -0.762 -0.799  1.104 2
1056 pf 06  0.062 -1.321  1.323 3
1056 pf 07 -0.621  0.379  0.727 8
1056 pf 08  2.076 -0.067  2.077 4
1056 pf 09 -1.213 -0.172  1.225 1
1056 pf 10 -1.067 -0.365  1.128 1
1080 em 00 -0.094 -0.225  0.244 2
1080 cf 00  0.211 -0.450  0.497 3
1080 pf 01  0.128  0.720  0.731 6
1080 pf 02 -0.191 -0.679  0.705 2
1080 pf 03  0.818 -0.346  0.888 4
1080 pf 04 -0.056  0.146  0.156 7
1080 pf 05 -0.651 -0.889  1.102 2
1080 pf 06  0.019 -1.341  1.342 3
1080 pf 07 -0.477  0.403  0.625 8
1080 pf 08  1.757  0.323  1.786 5
1080 pf 09 -1.417 -0.248  1.439 1
1080 pf 10 -1.288 -0.021  1.289 1
1104 em 00 -0.162 -0.265  0.311 2
1104 cf 00  0.464 -0.450  0.647 4
1104 pf 01  0.048  0.574  0.576 6
1104 pf 02 -0.560 -0.859  1.026 2
1104 pf 03  0.805 -0.357  0.880 4
1104 pf 04 -0.114 -0.243  0.268 2
1104 pf 05 -0.537 -1.063  1.190 2
1104 pf 06  0.233 -1.141  1.164 3
1104 pf 07 -0.673  0.428  0.797 8
1104 pf 08  1.297  0.609  1.433 5
1104 pf 09 -1.458 -0.293  1.487 1
1104 pf 10 -1.386 -0.052  1.387 1
