ecmf prod rf 2017081000 20200810 11 046
0024 em 00 -0.607 -0.219  0.645 1
0024 cf 00 -0.657 -0.225  0.694 1
0024 pf 01 -0.580 -0.253  0.633 1
0024 pf 02 -0.607 -0.236  0.651 1
0024 pf 03 -0.498 -0.328  0.596 1
0024 pf 04 -0.710 -0.130  0.722 1
0024 pf 05 -0.516 -0.356  0.627 1
0024 pf 06 -0.703 -0.062  0.705 1
0024 pf 07 -0.593 -0.188  0.622 1
0024 pf 08 -0.420 -0.178  0.456 1
0024 pf 09 -0.522 -0.126  0.537 1
0024 pf 10 -0.729 -0.245  0.770 1
0048 em 00 -0.487 -0.374  0.614 1
0048 cf 00 -0.512 -0.419  0.662 1
0048 pf 01 -0.385 -0.418  0.569 2
0048 pf 02 -0.468 -0.269  0.540 1
0048 pf 03 -0.358 -0.493  0.610 2
0048 pf 04 -0.739 -0.321  0.806 1
0048 pf 05 -0.258 -0.533  0.592 2
0048 pf 06 -0.644 -0.298  0.709 1
0048 pf 07 -0.594 -0.412  0.723 1
0048 pf 08 -0.187 -0.194  0.269 2
0048 pf 09 -0.452 -0.197  0.493 1
0048 pf 10 -0.641 -0.440  0.777 1
0072 em 00 -0.208 -0.453  0.499 2
0072 cf 00 -0.248 -0.538  0.593 2
0072 pf 01 -0.311 -0.589  0.666 2
0072 pf 02  0.174 -0.442  0.475 3
0072 pf 03  0.054 -0.442  0.445 3
0072 pf 04 -0.447 -0.311  0.544 1
0072 pf 05  0.041 -0.516  0.517 3
0072 pf 06 -0.498 -0.378  0.625 1
0072 pf 07 -0.477 -0.544  0.723 2
0072 pf 08  0.282 -0.450  0.530 3
0072 pf 09 -0.530 -0.286  0.602 1
0072 pf 10 -0.283 -0.345  0.446 2
0096 em 00  0.024 -0.299  0.300 3
0096 cf 00  0.024 -0.391  0.392 3
0096 pf 01 -0.062 -0.475  0.479 2
0096 pf 02  0.432 -0.370  0.569 4
0096 pf 03  0.242 -0.331  0.410 3
0096 pf 04 -0.361 -0.137  0.386 1
0096 pf 05  0.341 -0.232  0.412 4
0096 pf 06 -0.331 -0.284  0.436 1
0096 pf 07 -0.242 -0.336  0.414 2
0096 pf 08  0.513 -0.317  0.603 4
0096 pf 09 -0.273  0.073  0.283 8
0096 pf 10 -0.035 -0.358  0.359 2
0120 em 00  0.065 -0.000  0.065 4
0120 cf 00  0.115 -0.230  0.257 3
0120 pf 01 -0.049 -0.280  0.284 2
0120 pf 02  0.427 -0.020  0.428 4
0120 pf 03  0.233  0.160  0.283 5
0120 pf 04 -0.279 -0.000  0.279 1
0120 pf 05  0.382  0.169  0.418 5
0120 pf 06 -0.359 -0.093  0.371 1
0120 pf 07 -0.164 -0.139  0.215 1
0120 pf 08  0.726  0.151  0.742 5
0120 pf 09 -0.404  0.475  0.623 7
0120 pf 10  0.040 -0.081  0.090 3
0144 em 00  0.181  0.163  0.243 5
0144 cf 00  0.283 -0.050  0.287 4
0144 pf 01 -0.095 -0.190  0.213 2
0144 pf 02  0.597  0.043  0.598 5
0144 pf 03  0.444  0.476  0.651 6
0144 pf 04  0.020  0.032  0.037 6
0144 pf 05  0.485  0.566  0.745 6
0144 pf 06 -0.364 -0.062  0.369 1
0144 pf 07 -0.271 -0.143  0.306 1
0144 pf 08  0.755  0.321  0.820 5
0144 pf 09 -0.382  0.717  0.812 7
0144 pf 10  0.433  0.161  0.462 5
0168 em 00  0.317  0.182  0.365 5
0168 cf 00  0.366 -0.157  0.399 4
0168 pf 01  0.087 -0.337  0.348 3
0168 pf 02  1.029  0.100  1.034 5
0168 pf 03  0.710  0.577  0.915 5
0168 pf 04  0.310  0.190  0.363 5
0168 pf 05  0.487  0.831  0.963 6
0168 pf 06 -0.325  0.195  0.379 8
0168 pf 07 -0.109 -0.149  0.184 2
0168 pf 08  0.754  0.159  0.771 5
0168 pf 09 -0.515  0.488  0.710 8
0168 pf 10  0.592  0.179  0.618 5
0192 em 00  0.157  0.099  0.186 5
0192 cf 00  0.269 -0.335  0.430 3
0192 pf 01  0.179 -0.548  0.576 3
0192 pf 02  0.786  0.082  0.790 5
0192 pf 03  0.968  0.784  1.246 5
0192 pf 04 -0.075  0.212  0.225 7
0192 pf 05  0.103  0.638  0.646 6
0192 pf 06 -0.710  0.079  0.714 8
0192 pf 07 -0.227 -0.100  0.249 1
0192 pf 08  0.485 -0.264  0.553 4
0192 pf 09 -0.752  0.253  0.794 8
0192 pf 10  0.630  0.377  0.734 5
0216 em 00 -0.034  0.011  0.035 8
0216 cf 00  0.163 -0.365  0.399 3
0216 pf 01 -0.044 -0.624  0.626 2
0216 pf 02  0.542  0.386  0.665 5
0216 pf 03  1.019  0.632  1.199 5
0216 pf 04 -0.378 -0.090  0.388 1
0216 pf 05 -0.433  0.340  0.551 8
0216 pf 06 -0.814 -0.028  0.815 1
0216 pf 07 -0.467 -0.166  0.495 1
0216 pf 08  0.315 -0.539  0.624 3
0216 pf 09 -1.027  0.120  1.034 8
0216 pf 10  0.709  0.528  0.884 5
0240 em 00 -0.024  0.054  0.060 7
0240 cf 00  0.137 -0.155  0.207 3
0240 pf 01  0.199 -0.456  0.497 3
0240 pf 02  0.303  0.578  0.653 6
0240 pf 03  1.094  0.936  1.439 5
0240 pf 04 -0.338 -0.137  0.365 1
0240 pf 05 -0.396  0.269  0.479 8
0240 pf 06 -0.900 -0.194  0.921 1
0240 pf 07 -0.419 -0.215  0.471 1
0240 pf 08  0.261 -0.679  0.727 3
0240 pf 09 -0.982  0.174  0.997 8
0240 pf 10  0.761  0.547  0.938 5
0264 em 00  0.007  0.065  0.065 6
0264 cf 00  0.108 -0.056  0.121 4
0264 pf 01  0.590 -0.316  0.669 4
0264 pf 02  0.138  0.547  0.564 6
0264 pf 03  1.085  1.009  1.482 5
0264 pf 04 -0.521 -0.306  0.604 1
0264 pf 05 -0.374  0.344  0.508 8
0264 pf 06 -0.995 -0.374  1.063 1
0264 pf 07 -0.419  0.083  0.427 8
0264 pf 08  0.352 -0.512  0.622 3
0264 pf 09 -0.804 -0.144  0.816 1
0264 pf 10  0.909  0.513  1.043 5
0288 em 00 -0.029 -0.043  0.052 2
0288 cf 00 -0.079 -0.156  0.175 2
0288 pf 01  0.612 -0.280  0.673 4
0288 pf 02 -0.568  0.444  0.721 8
0288 pf 03  0.931  1.120  1.456 6
0288 pf 04 -0.412 -0.713  0.823 2
0288 pf 05 -0.581  0.193  0.612 8
0288 pf 06 -0.891 -0.469  1.007 1
0288 pf 07 -0.193  0.255  0.320 7
0288 pf 08  0.433 -0.656  0.786 3
0288 pf 09 -0.546 -0.387  0.669 1
0288 pf 10  0.999  0.261  1.033 5
0312 em 00 -0.031 -0.138  0.141 2
0312 cf 00 -0.142 -0.156  0.211 2
0312 pf 01  0.496 -0.546  0.738 3
0312 pf 02 -1.033  0.275  1.069 8
0312 pf 03  0.773  1.178  1.409 6
0312 pf 04 -0.206 -0.898  0.922 2
0312 pf 05 -1.003  0.006  1.003 8
0312 pf 06 -0.632 -0.479  0.793 1
0312 pf 07  0.041  0.199  0.204 6
0312 pf 08  0.328 -0.746  0.815 3
0312 pf 09 -0.173 -0.246  0.300 2
0312 pf 10  1.251  0.011  1.251 5
0336 em 00  0.121 -0.118  0.169 4
0336 cf 00 -0.022 -0.174  0.175 2
0336 pf 01  0.289 -0.375  0.474 3
0336 pf 02 -0.978  0.234  1.005 8
0336 pf 03  0.835  0.854  1.194 6
0336 pf 04  0.195 -0.688  0.715 3
0336 pf 05 -0.853 -0.067  0.856 1
0336 pf 06 -0.505 -0.519  0.724 2
0336 pf 07  0.235  0.080  0.249 5
0336 pf 08  0.304 -0.682  0.747 3
0336 pf 09  0.269  0.183  0.326 5
0336 pf 10  1.571 -0.025  1.571 4
0360 em 00  0.335 -0.096  0.349 4
0360 cf 00 -0.052 -0.216  0.222 2
0360 pf 01  0.135 -0.326  0.353 3
0360 pf 02 -0.668  0.162  0.688 8
0360 pf 03  0.972  0.734  1.218 5
0360 pf 04  0.432 -0.707  0.829 3
0360 pf 05 -0.460 -0.166  0.489 1
0360 pf 06 -0.084 -0.662  0.667 2
0360 pf 07  0.397  0.176  0.434 5
0360 pf 08  0.423 -0.702  0.820 3
0360 pf 09  0.527  0.575  0.780 6
0360 pf 10  2.047  0.196  2.056 5
0384 em 00  0.494  0.001  0.494 5
0384 cf 00 -0.100 -0.329  0.344 2
0384 pf 01  0.082 -0.179  0.197 3
0384 pf 02 -0.735 -0.027  0.736 1
0384 pf 03  1.161  0.808  1.414 5
0384 pf 04  0.663 -0.484  0.820 4
0384 pf 05  0.030 -0.039  0.049 3
0384 pf 06 -0.014 -0.432  0.432 2
0384 pf 07  0.667  0.353  0.755 5
0384 pf 08  0.319 -0.988  1.039 3
0384 pf 09  0.925  0.935  1.315 6
0384 pf 10  2.406  0.509  2.460 5
0408 em 00  0.714  0.156  0.730 5
0408 cf 00  0.034 -0.369  0.371 3
0408 pf 01  0.239 -0.028  0.240 4
0408 pf 02 -0.837  0.011  0.837 8
0408 pf 03  1.212  0.778  1.440 5
0408 pf 04  1.165 -0.265  1.195 4
0408 pf 05  0.266  0.059  0.273 5
0408 pf 06  0.450 -0.118  0.465 4
0408 pf 07  1.114  0.507  1.224 5
0408 pf 08  0.384 -0.722  0.818 3
0408 pf 09  1.109  1.200  1.634 6
0408 pf 10  2.649  0.763  2.757 5
0432 em 00  0.869  0.360  0.941 5
0432 cf 00  0.179 -0.400  0.438 3
0432 pf 01  0.394  0.056  0.398 5
0432 pf 02 -0.623  0.186  0.650 8
0432 pf 03  1.279  0.785  1.500 5
0432 pf 04  1.403 -0.050  1.404 4
0432 pf 05  0.565  0.518  0.767 5
0432 pf 06  0.683 -0.135  0.696 4
0432 pf 07  1.255  0.813  1.495 5
0432 pf 08  0.742 -0.022  0.743 4
0432 pf 09  1.131  0.985  1.500 5
0432 pf 10  2.474  1.330  2.809 5
0456 em 00  0.976  0.580  1.135 5
0456 cf 00  0.178 -0.230  0.291 3
0456 pf 01  0.182  0.288  0.341 6
0456 pf 02 -0.500  0.529  0.728 7
0456 pf 03  1.588  1.091  1.927 5
0456 pf 04  1.717  0.044  1.718 5
0456 pf 05  0.730  0.848  1.119 6
0456 pf 06  0.821 -0.276  0.866 4
0456 pf 07  1.330  0.846  1.577 5
0456 pf 08  1.422  0.500  1.507 5
0456 pf 09  1.080  1.118  1.554 6
0456 pf 10  2.063  1.693  2.669 5
0480 em 00  1.054  0.659  1.243 5
0480 cf 00  0.019 -0.089  0.091 3
0480 pf 01  0.293  0.410  0.504 6
0480 pf 02 -0.428  0.316  0.531 8
0480 pf 03  1.712  1.282  2.139 5
0480 pf 04  1.801  0.346  1.834 5
0480 pf 05  0.995  1.238  1.588 6
0480 pf 06  0.941 -0.327  0.996 4
0480 pf 07  1.131  0.502  1.237 5
0480 pf 08  2.036  0.935  2.240 5
0480 pf 09  1.058  0.963  1.430 5
0480 pf 10  1.868  1.755  2.563 5
0504 em 00  1.010  0.700  1.228 5
0504 cf 00  0.003  0.041  0.042 6
0504 pf 01  0.306  0.591  0.666 6
0504 pf 02 -0.445  0.258  0.514 8
0504 pf 03  1.778  1.235  2.165 5
0504 pf 04  1.786  0.513  1.858 5
0504 pf 05  0.880  1.105  1.412 6
0504 pf 06  0.949  0.049  0.950 5
0504 pf 07  1.026  0.280  1.063 5
0504 pf 08  2.286  1.042  2.512 5
0504 pf 09  0.831  0.754  1.122 5
0504 pf 10  1.516  1.918  2.445 6
0528 em 00  0.835  0.673  1.073 5
0528 cf 00 -0.030 -0.021  0.037 1
0528 pf 01  0.599  0.837  1.029 6
0528 pf 02 -0.649  0.260  0.699 8
0528 pf 03  2.014  1.126  2.308 5
0528 pf 04  1.587  0.564  1.684 5
0528 pf 05  0.564  0.919  1.079 6
0528 pf 06  0.614  0.075  0.618 5
0528 pf 07  0.896 -0.227  0.924 4
0528 pf 08  2.023  1.115  2.310 5
0528 pf 09  0.329  0.726  0.797 6
0528 pf 10  1.055  2.100  2.350 6
0552 em 00  0.727  0.679  0.995 5
0552 cf 00  0.019 -0.134  0.136 3
0552 pf 01  0.700  0.811  1.071 6
0552 pf 02 -1.089  0.276  1.123 8
0552 pf 03  2.383  1.361  2.744 5
0552 pf 04  1.317  0.570  1.435 5
0552 pf 05  0.258  0.707  0.753 6
0552 pf 06  0.450  0.305  0.544 5
0552 pf 07  0.928 -0.255  0.962 4
0552 pf 08  1.715  1.139  2.059 5
0552 pf 09  0.387  0.678  0.781 6
0552 pf 10  0.732  2.082  2.207 6
0576 em 00  0.646  0.699  0.951 6
0576 cf 00  0.090 -0.048  0.102 4
0576 pf 01  0.787  0.720  1.067 5
0576 pf 02 -1.345  0.343  1.388 8
0576 pf 03  2.549  1.612  3.016 5
0576 pf 04  0.966  0.628  1.153 5
0576 pf 05 -0.134  0.325  0.351 7
0576 pf 06  0.290  0.413  0.504 6
0576 pf 07  1.103 -0.055  1.104 4
0576 pf 08  1.571  1.297  2.037 5
0576 pf 09  0.566  0.636  0.851 6
0576 pf 10  0.448  1.868  1.921 6
0600 em 00  0.610  0.666  0.903 6
0600 cf 00  0.035  0.212  0.214 6
0600 pf 01  0.875  0.703  1.122 5
0600 pf 02 -1.727  0.214  1.740 8
0600 pf 03  2.473  1.821  3.072 5
0600 pf 04  1.072  0.735  1.299 5
0600 pf 05 -0.015 -0.199  0.200 2
0600 pf 06 -0.006  0.467  0.467 7
0600 pf 07  1.274  0.145  1.282 5
0600 pf 08  1.478  1.464  2.080 5
0600 pf 09  0.872  0.490  1.000 5
0600 pf 10  0.158  1.328  1.337 6
0624 em 00  0.519  0.595  0.790 6
0624 cf 00  0.108  0.610  0.619 6
0624 pf 01  0.928  0.781  1.213 5
0624 pf 02 -1.752  0.016  1.753 8
0624 pf 03  2.140  1.889  2.854 5
0624 pf 04  0.965  0.788  1.246 5
0624 pf 05  0.240 -0.555  0.604 3
0624 pf 06 -0.419  0.400  0.579 8
0624 pf 07  1.117  0.445  1.203 5
0624 pf 08  0.986  1.321  1.648 6
0624 pf 09  0.944  0.287  0.987 5
0624 pf 10  0.240  0.607  0.653 6
0648 em 00  0.556  0.669  0.870 6
0648 cf 00  0.282  0.808  0.856 6
0648 pf 01  1.140  0.791  1.387 5
0648 pf 02 -1.585  0.124  1.589 8
0648 pf 03  1.530  2.167  2.653 6
0648 pf 04  0.810  0.909  1.218 6
0648 pf 05  0.562 -0.401  0.690 4
0648 pf 06 -0.521  0.620  0.810 7
0648 pf 07  1.266  0.903  1.555 5
0648 pf 08  0.679  1.045  1.246 6
0648 pf 09  1.111  0.110  1.117 5
0648 pf 10  0.623  0.313  0.698 5
0672 em 00  0.589  0.739  0.945 6
0672 cf 00  0.375  1.050  1.115 6
0672 pf 01  1.297  0.810  1.530 5
0672 pf 02 -1.239  0.187  1.253 8
0672 pf 03  1.116  1.982  2.274 6
0672 pf 04  0.553  1.091  1.223 6
0672 pf 05  0.651 -0.005  0.651 4
0672 pf 06 -0.553  0.583  0.803 7
0672 pf 07  1.032  0.995  1.433 5
0672 pf 08  0.815  0.951  1.252 6
0672 pf 09  1.459  0.454  1.528 5
0672 pf 10  0.739  0.028  0.740 5
0696 em 00  0.544  0.765  0.939 6
0696 cf 00  0.229  0.890  0.919 6
0696 pf 01  1.378  0.590  1.499 5
0696 pf 02 -0.959  0.378  1.031 8
0696 pf 03  0.555  1.759  1.845 6
0696 pf 04  0.664  1.257  1.422 6
0696 pf 05  0.840  0.170  0.857 5
0696 pf 06 -0.380  0.552  0.670 7
0696 pf 07  0.394  1.061  1.131 6
0696 pf 08  0.739  0.889  1.156 6
0696 pf 09  1.513  0.896  1.758 5
0696 pf 10  0.760 -0.076  0.764 4
0720 em 00  0.351  0.773  0.849 6
0720 cf 00  0.063  0.644  0.647 6
0720 pf 01  1.390  0.306  1.424 5
0720 pf 02 -1.171  0.291  1.207 8
0720 pf 03  0.078  2.137  2.139 6
0720 pf 04  1.029  1.337  1.687 6
0720 pf 05  0.719  0.308  0.782 5
0720 pf 06 -0.345  0.326  0.475 8
0720 pf 07 -0.443  0.821  0.933 7
0720 pf 08  0.401  0.925  1.009 6
0720 pf 09  1.237  1.203  1.726 5
0720 pf 10  0.646  0.102  0.654 5
0744 em 00  0.214  0.752  0.782 6
0744 cf 00 -0.198  0.336  0.390 7
0744 pf 01  1.245  0.237  1.267 5
0744 pf 02 -1.133 -0.017  1.133 1
0744 pf 03 -0.499  2.281  2.335 7
0744 pf 04  0.930  1.260  1.566 6
0744 pf 05  0.821  0.313  0.878 5
0744 pf 06  0.094  0.032  0.100 5
0744 pf 07 -0.725  0.793  1.074 7
0744 pf 08 -0.201  0.991  1.011 7
0744 pf 09  1.112  1.604  1.951 6
0744 pf 10  0.685  0.336  0.763 5
0768 em 00  0.072  0.765  0.769 6
0768 cf 00 -0.145  0.119  0.188 8
0768 pf 01  1.249  0.342  1.295 5
0768 pf 02 -1.432 -0.227  1.450 1
0768 pf 03 -0.929  2.270  2.452 7
0768 pf 04  0.709  1.098  1.307 6
0768 pf 05  1.095  0.344  1.148 5
0768 pf 06  0.047 -0.002  0.047 4
0768 pf 07 -0.858  0.983  1.305 7
0768 pf 08 -0.402  1.189  1.255 7
0768 pf 09  0.825  1.727  1.914 6
0768 pf 10  0.443  0.459  0.638 6
0792 em 00 -0.007  0.688  0.688 7
0792 cf 00 -0.139 -0.008  0.139 1
0792 pf 01  1.146  0.346  1.197 5
0792 pf 02 -1.708 -0.090  1.710 1
0792 pf 03 -1.128  2.138  2.418 7
0792 pf 04  0.689  0.965  1.186 6
0792 pf 05  1.235  0.254  1.261 5
0792 pf 06  0.272 -0.044  0.276 4
0792 pf 07 -0.862  0.878  1.230 7
0792 pf 08 -0.296  1.061  1.102 7
0792 pf 09  0.395  1.510  1.561 6
0792 pf 10  0.191  0.438  0.478 6
0816 em 00  0.006  0.549  0.549 6
0816 cf 00  0.101 -0.027  0.104 4
0816 pf 01  1.352  0.009  1.352 5
0816 pf 02 -1.711  0.041  1.712 8
0816 pf 03 -1.389  1.899  2.352 7
0816 pf 04  0.652  0.723  0.973 6
0816 pf 05  1.029 -0.186  1.046 4
0816 pf 06  0.667 -0.112  0.677 4
0816 pf 07 -0.801  0.542  0.967 8
0816 pf 08  0.012  0.935  0.935 6
0816 pf 09  0.039  1.452  1.452 6
0816 pf 10  0.050  0.626  0.628 6
0840 em 00 -0.020  0.555  0.556 7
0840 cf 00  0.327 -0.019  0.327 4
0840 pf 01  1.122 -0.106  1.127 4
0840 pf 02 -1.564 -0.020  1.564 1
0840 pf 03 -1.589  1.545  2.216 8
0840 pf 04  0.477  0.947  1.060 6
0840 pf 05  1.081 -0.323  1.128 4
0840 pf 06  0.669  0.208  0.701 5
0840 pf 07 -0.696  0.479  0.845 8
0840 pf 08  0.429  1.238  1.310 6
0840 pf 09 -0.366  1.368  1.416 7
0840 pf 10 -0.137  0.612  0.627 7
0864 em 00 -0.157  0.472  0.497 7
0864 cf 00  0.530 -0.079  0.535 4
0864 pf 01  0.803 -0.089  0.808 4
0864 pf 02 -1.687 -0.045  1.687 1
0864 pf 03 -1.744  1.114  2.069 8
0864 pf 04  0.212  1.081  1.102 6
0864 pf 05  0.832 -0.571  1.009 4
0864 pf 06  0.460  0.442  0.638 5
0864 pf 07 -0.862  0.287  0.908 8
0864 pf 08  0.235  1.318  1.339 6
0864 pf 09 -0.295  1.217  1.252 7
0864 pf 10 -0.175  0.335  0.378 7
0888 em 00 -0.264  0.434  0.508 7
0888 cf 00  0.421 -0.158  0.449 4
0888 pf 01  0.561  0.358  0.665 5
0888 pf 02 -1.436 -0.275  1.462 1
0888 pf 03 -1.835  1.016  2.097 8
0888 pf 04 -0.109  1.162  1.167 7
0888 pf 05  0.851 -0.432  0.955 4
0888 pf 06  0.193  0.420  0.462 6
0888 pf 07 -0.874  0.057  0.876 8
0888 pf 08 -0.101  1.227  1.231 7
0888 pf 09 -0.358  0.961  1.026 7
0888 pf 10 -0.141  0.282  0.315 7
0912 em 00 -0.293  0.376  0.477 7
0912 cf 00  0.419  0.018  0.419 5
0912 pf 01  0.466  0.514  0.694 6
0912 pf 02 -1.086 -0.320  1.132 1
0912 pf 03 -1.753  0.924  1.981 8
0912 pf 04 -0.668  0.995  1.198 7
0912 pf 05  0.927 -0.453  1.032 4
0912 pf 06  0.332  0.632  0.714 6
0912 pf 07 -0.732 -0.119  0.741 1
0912 pf 08 -0.689  0.866  1.106 7
0912 pf 09 -0.293  0.721  0.778 7
0912 pf 10 -0.062  0.241  0.249 7
0936 em 00 -0.370  0.318  0.488 8
0936 cf 00  0.398 -0.041  0.400 4
0936 pf 01  0.262  0.326  0.418 6
0936 pf 02 -0.933 -0.177  0.949 1
0936 pf 03 -1.195  0.776  1.425 8
0936 pf 04 -1.279  0.941  1.588 8
0936 pf 05  0.893 -0.256  0.929 4
0936 pf 06  0.096  0.653  0.660 6
0936 pf 07 -0.644 -0.176  0.668 1
0936 pf 08 -1.106  0.550  1.235 8
0936 pf 09 -0.297  0.396  0.495 7
0936 pf 10 -0.165  0.396  0.429 7
0960 em 00 -0.427  0.287  0.515 8
0960 cf 00  0.288 -0.227  0.366 4
0960 pf 01  0.089  0.481  0.490 6
0960 pf 02 -0.920 -0.125  0.928 1
0960 pf 03 -1.111  0.470  1.207 8
0960 pf 04 -1.598  0.632  1.719 8
0960 pf 05  0.797  0.078  0.801 5
0960 pf 06  0.043  0.773  0.774 6
0960 pf 07 -0.431 -0.235  0.491 1
0960 pf 08 -1.294  0.716  1.479 8
0960 pf 09 -0.093  0.065  0.114 8
0960 pf 10 -0.326  0.433  0.542 7
0984 em 00 -0.428  0.208  0.476 8
0984 cf 00 -0.116 -0.283  0.306 2
0984 pf 01 -0.123  0.502  0.517 7
0984 pf 02 -0.726 -0.180  0.748 1
0984 pf 03 -1.136  0.442  1.219 8
0984 pf 04 -1.807  0.556  1.891 8
0984 pf 05  0.973  0.276  1.011 5
0984 pf 06  0.028  0.960  0.960 6
0984 pf 07 -0.066 -0.543  0.547 2
0984 pf 08 -1.568  0.340  1.604 8
0984 pf 09  0.239  0.004  0.239 5
0984 pf 10 -0.285  0.134  0.315 8
1008 em 00 -0.399  0.143  0.424 8
1008 cf 00 -0.354 -0.413  0.544 2
1008 pf 01 -0.291  0.843  0.892 7
1008 pf 02 -0.735 -0.316  0.800 1
1008 pf 03 -1.038  0.292  1.078 8
1008 pf 04 -1.711  0.344  1.745 8
1008 pf 05  1.391  0.484  1.472 5
1008 pf 06  0.096  0.930  0.935 6
1008 pf 07  0.252 -0.721  0.764 3
1008 pf 08 -2.084  0.125  2.088 8
1008 pf 09  0.365  0.156  0.397 5
1008 pf 10 -0.147 -0.194  0.244 2
1032 em 00 -0.340  0.113  0.358 8
1032 cf 00 -0.386 -0.505  0.636 2
1032 pf 01 -0.464  0.869  0.985 7
1032 pf 02 -0.768 -0.350  0.844 1
1032 pf 03 -0.924 -0.004  0.924 1
1032 pf 04 -1.560  0.107  1.564 8
1032 pf 05  1.438  0.788  1.640 5
1032 pf 06  0.067  0.805  0.807 6
1032 pf 07  0.588 -0.499  0.771 4
1032 pf 08 -1.935 -0.008  1.935 1
1032 pf 09  0.383  0.228  0.446 5
1032 pf 10 -0.072 -0.188  0.201 2
1056 em 00 -0.302  0.084  0.313 8
1056 cf 00 -0.106 -0.413  0.427 2
1056 pf 01 -0.826  0.864  1.195 7
1056 pf 02 -0.750 -0.473  0.886 1
1056 pf 03 -0.686 -0.227  0.723 1
1056 pf 04 -1.427 -0.429  1.490 1
1056 pf 05  1.261  0.913  1.557 5
1056 pf 06 -0.228  0.760  0.793 7
1056 pf 07  0.631 -0.357  0.725 4
1056 pf 08 -1.751 -0.013  1.751 1
1056 pf 09  0.425  0.404  0.586 5
1056 pf 10  0.219 -0.090  0.237 4
1080 em 00 -0.262  0.047  0.266 8
1080 cf 00  0.411 -0.201  0.458 4
1080 pf 01 -1.209  0.676  1.385 8
1080 pf 02 -0.486 -0.770  0.911 2
1080 pf 03 -0.570 -0.378  0.684 1
1080 pf 04 -1.599 -0.682  1.738 1
1080 pf 05  1.057  1.186  1.589 6
1080 pf 06 -0.316  0.595  0.673 7
1080 pf 07  0.632  0.222  0.670 5
1080 pf 08 -1.527 -0.255  1.548 1
1080 pf 09  0.429  0.434  0.610 6
1080 pf 10  0.357 -0.283  0.456 4
1104 em 00 -0.192 -0.064  0.202 1
1104 cf 00  0.718 -0.071  0.721 4
1104 pf 01 -1.169  0.354  1.221 8
1104 pf 02 -0.302 -0.793  0.848 2
1104 pf 03 -0.475 -0.684  0.833 2
1104 pf 04 -1.376 -0.717  1.552 1
1104 pf 05  1.066  1.306  1.686 6
1104 pf 06 -0.336  0.300  0.451 8
1104 pf 07  0.378  0.336  0.506 5
1104 pf 08 -1.444 -0.648  1.583 1
1104 pf 09  0.659  0.452  0.799 5
1104 pf 10  0.216 -0.539  0.581 3
