ecmf prod rf 2009010600 20220106 11 046
0024 em 00 -0.385  0.561  0.680 7
0024 cf 00 -0.428  0.601  0.738 7
0024 pf 01 -0.340  0.641  0.725 7
0024 pf 02 -0.372  0.664  0.761 7
0024 pf 03 -0.401  0.492  0.634 7
0024 pf 04 -0.524  0.516  0.736 8
0024 pf 05 -0.476  0.659  0.813 7
0024 pf 06 -0.240  0.387  0.455 7
0024 pf 07 -0.325  0.427  0.537 7
0024 pf 08 -0.352  0.513  0.622 7
0024 pf 09 -0.381  0.567  0.683 7
0024 pf 10 -0.367  0.584  0.690 7
0048 em 00 -0.486  0.762  0.903 7
0048 cf 00 -0.514  0.735  0.897 7
0048 pf 01 -0.442  0.810  0.922 7
0048 pf 02 -0.620  0.943  1.128 7
0048 pf 03 -0.395  0.777  0.872 7
0048 pf 04 -0.675  0.599  0.902 8
0048 pf 05 -0.613  0.882  1.073 7
0048 pf 06 -0.353  0.735  0.815 7
0048 pf 07 -0.326  0.551  0.640 7
0048 pf 08 -0.218  0.662  0.697 7
0048 pf 09 -0.656  0.746  0.993 7
0048 pf 10 -0.512  0.814  0.961 7
0072 em 00 -0.272  0.848  0.891 7
0072 cf 00 -0.282  0.767  0.817 7
0072 pf 01 -0.502  0.939  1.065 7
0072 pf 02 -0.568  0.918  1.079 7
0072 pf 03 -0.360  0.929  0.996 7
0072 pf 04 -0.547  0.525  0.759 8
0072 pf 05 -0.400  0.865  0.953 7
0072 pf 06 -0.039  0.838  0.839 7
0072 pf 07 -0.160  0.711  0.729 7
0072 pf 08  0.310  1.077  1.120 6
0072 pf 09 -0.304  0.876  0.927 7
0072 pf 10 -0.127  0.757  0.768 7
0096 em 00  0.068  0.980  0.982 6
0096 cf 00  0.092  0.813  0.818 6
0096 pf 01 -0.118  0.953  0.960 7
0096 pf 02 -0.319  0.920  0.974 7
0096 pf 03 -0.148  1.029  1.040 7
0096 pf 04 -0.318  0.674  0.745 7
0096 pf 05 -0.085  1.044  1.047 7
0096 pf 06  0.357  0.972  1.035 6
0096 pf 07  0.290  1.040  1.080 6
0096 pf 08  0.671  1.491  1.635 6
0096 pf 09 -0.003  0.944  0.944 7
0096 pf 10  0.343  0.780  0.852 6
0120 em 00  0.098  1.130  1.135 6
0120 cf 00  0.173  1.040  1.054 6
0120 pf 01  0.094  1.117  1.120 6
0120 pf 02 -0.370  0.999  1.065 7
0120 pf 03 -0.352  1.097  1.152 7
0120 pf 04 -0.234  1.011  1.038 7
0120 pf 05 -0.115  1.159  1.165 7
0120 pf 06  0.461  0.926  1.034 6
0120 pf 07  0.545  1.106  1.233 6
0120 pf 08  0.399  1.521  1.572 6
0120 pf 09 -0.019  1.180  1.180 7
0120 pf 10  0.521  1.166  1.277 6
0144 em 00 -0.248  1.316  1.339 7
0144 cf 00 -0.150  1.183  1.193 7
0144 pf 01 -0.111  1.151  1.157 7
0144 pf 02 -0.672  1.177  1.356 7
0144 pf 03 -0.743  1.080  1.311 7
0144 pf 04 -0.328  1.240  1.283 7
0144 pf 05 -0.338  1.194  1.241 7
0144 pf 06  0.146  1.236  1.245 6
0144 pf 07  0.381  1.404  1.455 6
0144 pf 08 -0.234  1.721  1.737 7
0144 pf 09 -0.484  1.526  1.601 7
0144 pf 10 -0.118  1.454  1.459 7
0168 em 00 -0.727  1.468  1.638 7
0168 cf 00 -0.600  1.405  1.528 7
0168 pf 01 -0.467  1.371  1.448 7
0168 pf 02 -0.836  1.468  1.689 7
0168 pf 03 -1.078  1.103  1.542 7
0168 pf 04 -0.791  1.086  1.344 7
0168 pf 05 -0.679  1.217  1.394 7
0168 pf 06 -0.471  1.520  1.592 7
0168 pf 07 -0.102  1.620  1.623 7
0168 pf 08 -1.215  1.811  2.181 7
0168 pf 09 -0.931  1.702  1.940 7
0168 pf 10 -0.719  1.739  1.882 7
0192 em 00 -1.184  1.549  1.950 7
0192 cf 00 -1.105  1.426  1.804 7
0192 pf 01 -0.642  1.467  1.601 7
0192 pf 02 -1.309  1.880  2.291 7
0192 pf 03 -1.324  1.295  1.852 8
0192 pf 04 -1.040  0.930  1.395 8
0192 pf 05 -0.971  1.337  1.653 7
0192 pf 06 -0.805  2.009  2.164 7
0192 pf 07 -0.940  1.648  1.897 7
0192 pf 08 -1.764  1.823  2.537 7
0192 pf 09 -1.388  1.451  2.007 7
0192 pf 10 -1.572  1.665  2.290 7
0216 em 00 -1.534  1.380  2.064 8
0216 cf 00 -1.449  1.194  1.878 8
0216 pf 01 -1.053  1.222  1.613 7
0216 pf 02 -1.802  1.965  2.666 7
0216 pf 03 -1.535  1.289  2.005 8
0216 pf 04 -1.246  0.593  1.380 8
0216 pf 05 -1.231  1.204  1.722 8
0216 pf 06 -0.890  2.282  2.449 7
0216 pf 07 -1.493  1.330  2.000 8
0216 pf 08 -2.088  1.710  2.699 8
0216 pf 09 -1.853  1.101  2.155 8
0216 pf 10 -2.043  1.198  2.369 8
0240 em 00 -1.780  1.158  2.123 8
0240 cf 00 -1.803  0.863  1.999 8
0240 pf 01 -1.419  1.317  1.936 8
0240 pf 02 -2.051  1.699  2.663 8
0240 pf 03 -1.804  1.460  2.321 8
0240 pf 04 -1.262  0.185  1.276 8
0240 pf 05 -1.446  0.758  1.632 8
0240 pf 06 -0.927  2.533  2.698 7
0240 pf 07 -1.910  1.381  2.357 8
0240 pf 08 -2.021  1.075  2.289 8
0240 pf 09 -2.216  0.741  2.337 8
0240 pf 10 -2.515  0.636  2.595 8
0264 em 00 -1.880  0.785  2.037 8
0264 cf 00 -1.772  0.519  1.846 8
0264 pf 01 -2.023  1.359  2.438 8
0264 pf 02 -1.981  1.199  2.315 8
0264 pf 03 -2.028  0.830  2.191 8
0264 pf 04 -1.340 -0.373  1.391 1
0264 pf 05 -1.648  0.721  1.799 8
0264 pf 06 -1.185  2.448  2.720 7
0264 pf 07 -1.804  1.179  2.155 8
0264 pf 08 -2.004  0.352  2.035 8
0264 pf 09 -2.342  0.188  2.349 8
0264 pf 10 -2.366  0.161  2.372 8
0288 em 00 -1.707  0.405  1.755 8
0288 cf 00 -1.637  0.035  1.638 8
0288 pf 01 -2.019  1.577  2.562 8
0288 pf 02 -1.934  0.513  2.001 8
0288 pf 03 -1.927  0.455  1.980 8
0288 pf 04 -1.194 -0.770  1.421 1
0288 pf 05 -1.577  0.496  1.653 8
0288 pf 06 -1.212  2.365  2.658 7
0288 pf 07 -1.518  1.094  1.871 8
0288 pf 08 -1.889 -0.257  1.907 1
0288 pf 09 -1.908 -0.589  1.997 1
0288 pf 10 -1.800 -0.496  1.867 1
0312 em 00 -1.565  0.125  1.570 8
0312 cf 00 -1.538 -0.508  1.620 1
0312 pf 01 -1.796  1.226  2.175 8
0312 pf 02 -1.758  0.292  1.782 8
0312 pf 03 -2.414 -0.016  2.414 1
0312 pf 04 -1.317 -1.004  1.656 1
0312 pf 05 -1.514  0.178  1.525 8
0312 pf 06 -0.917  2.150  2.337 7
0312 pf 07 -1.255  0.982  1.594 8
0312 pf 08 -1.760 -0.326  1.790 1
0312 pf 09 -1.467 -0.869  1.705 1
0312 pf 10 -1.340 -0.721  1.522 1
0336 em 00 -1.356 -0.185  1.369 1
0336 cf 00 -1.024 -0.926  1.380 1
0336 pf 01 -1.018  0.832  1.315 8
0336 pf 02 -1.629  0.131  1.634 8
0336 pf 03 -2.585 -0.554  2.644 1
0336 pf 04 -0.692 -0.820  1.073 2
0336 pf 05 -1.407 -0.329  1.445 1
0336 pf 06 -0.971  2.002  2.225 7
0336 pf 07 -1.231  0.460  1.315 8
0336 pf 08 -1.977 -0.819  2.140 1
0336 pf 09 -1.156 -1.120  1.610 1
0336 pf 10 -1.107 -0.863  1.404 1
0360 em 00 -1.044 -0.380  1.111 1
0360 cf 00 -0.640 -1.061  1.239 2
0360 pf 01 -0.623  0.547  0.829 8
0360 pf 02 -1.296 -0.256  1.321 1
0360 pf 03 -2.465 -0.776  2.584 1
0360 pf 04 -0.066 -0.610  0.614 2
0360 pf 05 -0.815 -0.677  1.059 1
0360 pf 06 -1.013  1.766  2.035 7
0360 pf 07 -1.239  0.065  1.240 8
0360 pf 08 -1.581 -0.939  1.839 1
0360 pf 09 -0.794 -1.258  1.488 2
0360 pf 10 -0.857 -0.931  1.265 2
0384 em 00 -0.865 -0.614  1.061 1
0384 cf 00 -0.529 -0.960  1.096 2
0384 pf 01 -0.333  0.426  0.540 7
0384 pf 02 -1.136 -0.784  1.380 1
0384 pf 03 -2.193 -0.970  2.398 1
0384 pf 04  0.199 -0.505  0.543 3
0384 pf 05 -0.421 -0.985  1.071 2
0384 pf 06 -1.052  1.477  1.814 7
0384 pf 07 -1.179 -0.034  1.179 1
0384 pf 08 -1.709 -1.647  2.374 1
0384 pf 09 -0.242 -1.498  1.517 2
0384 pf 10 -0.835 -1.188  1.452 2
0408 em 00 -0.715 -0.773  1.053 2
0408 cf 00 -0.419 -0.740  0.850 2
0408 pf 01 -0.409  0.430  0.593 7
0408 pf 02 -1.171 -1.331  1.773 2
0408 pf 03 -1.734 -1.459  2.266 1
0408 pf 04  0.551 -0.280  0.618 4
0408 pf 05 -0.569 -1.131  1.267 2
0408 pf 06 -1.259  1.340  1.839 7
0408 pf 07 -0.723  0.077  0.727 8
0408 pf 08 -1.271 -2.138  2.488 2
0408 pf 09  0.056 -1.668  1.669 3
0408 pf 10 -0.840 -1.486  1.707 2
0432 em 00 -0.578 -0.913  1.080 2
0432 cf 00 -0.373 -0.512  0.633 2
0432 pf 01 -0.339  0.495  0.600 7
0432 pf 02 -0.871 -1.476  1.713 2
0432 pf 03 -1.469 -1.897  2.399 2
0432 pf 04  0.554 -0.361  0.661 4
0432 pf 05 -0.729 -1.363  1.546 2
0432 pf 06 -1.209  1.276  1.758 7
0432 pf 07 -0.588  0.214  0.625 8
0432 pf 08 -0.775 -2.531  2.646 2
0432 pf 09  0.334 -1.947  1.975 3
0432 pf 10 -0.826 -1.825  2.003 2
0456 em 00 -0.479 -1.054  1.157 2
0456 cf 00 -0.545 -0.632  0.834 2
0456 pf 01 -0.439  0.600  0.744 7
0456 pf 02 -0.685 -1.558  1.702 2
0456 pf 03 -1.178 -2.166  2.466 2
0456 pf 04  0.344 -0.645  0.731 3
0456 pf 05 -0.869 -1.197  1.479 2
0456 pf 06 -1.246  0.965  1.576 8
0456 pf 07 -0.369 -0.050  0.373 1
0456 pf 08 -0.364 -2.570  2.596 2
0456 pf 09  0.745 -2.194  2.317 3
0456 pf 10 -0.615 -2.005  2.098 2
0480 em 00 -0.470 -1.091  1.188 2
0480 cf 00 -0.707 -0.805  1.072 2
0480 pf 01 -0.755  0.274  0.804 8
0480 pf 02 -0.811 -1.522  1.725 2
0480 pf 03 -0.968 -2.001  2.223 2
0480 pf 04  0.071 -0.461  0.467 3
0480 pf 05 -0.620 -1.320  1.458 2
0480 pf 06 -1.351  0.717  1.529 8
0480 pf 07 -0.387 -0.190  0.431 1
0480 pf 08 -0.124 -2.562  2.565 2
0480 pf 09  0.625 -2.082  2.174 3
0480 pf 10 -0.115 -1.900  1.903 2
0504 em 00 -0.373 -1.100  1.162 2
0504 cf 00 -0.590 -1.224  1.359 2
0504 pf 01 -0.788 -0.236  0.822 1
0504 pf 02 -1.328 -1.523  2.021 2
0504 pf 03 -0.638 -1.706  1.821 2
0504 pf 04  0.023 -0.536  0.537 3
0504 pf 05 -0.579 -1.467  1.577 2
0504 pf 06 -0.728  0.454  0.858 8
0504 pf 07 -0.160 -0.007  0.160 1
0504 pf 08 -0.028 -2.462  2.462 2
0504 pf 09  0.774 -1.685  1.854 3
0504 pf 10 -0.080 -1.564  1.566 2
0528 em 00 -0.179 -1.118  1.132 2
0528 cf 00 -0.538 -1.719  1.801 2
0528 pf 01 -0.706 -0.724  1.011 2
0528 pf 02 -1.345 -1.299  1.870 1
0528 pf 03 -0.331 -1.492  1.528 2
0528 pf 04  0.344 -0.388  0.518 3
0528 pf 05 -0.352 -1.655  1.692 2
0528 pf 06 -0.291  0.023  0.292 8
0528 pf 07 -0.200 -0.085  0.218 1
0528 pf 08  0.214 -2.158  2.169 3
0528 pf 09  1.195 -1.367  1.815 3
0528 pf 10 -0.034 -1.281  1.282 2
0552 em 00 -0.031 -1.121  1.121 2
0552 cf 00 -0.504 -1.995  2.058 2
0552 pf 01 -0.562 -1.290  1.407 2
0552 pf 02 -1.154 -1.483  1.879 2
0552 pf 03 -0.104 -1.381  1.384 2
0552 pf 04  0.558 -0.399  0.686 4
0552 pf 05 -0.077 -1.826  1.828 2
0552 pf 06 -0.034  0.041  0.053 7
0552 pf 07 -0.290  0.173  0.338 8
0552 pf 08  0.358 -1.884  1.917 3
0552 pf 09  1.394 -1.170  1.820 4
0552 pf 10 -0.054 -0.973  0.974 2
0576 em 00  0.078 -0.990  0.993 3
0576 cf 00 -0.459 -2.052  2.102 2
0576 pf 01 -0.189 -1.402  1.414 2
0576 pf 02 -0.986 -1.596  1.876 2
0576 pf 03  0.016 -1.134  1.134 3
0576 pf 04  0.366 -0.498  0.618 3
0576 pf 05  0.174 -1.698  1.707 3
0576 pf 06 -0.074  0.431  0.437 7
0576 pf 07 -0.091  0.249  0.265 7
0576 pf 08  0.357 -1.829  1.863 3
0576 pf 09  1.508 -0.508  1.591 4
0576 pf 10  0.085 -0.735  0.740 3
0600 em 00  0.237 -0.901  0.932 3
0600 cf 00 -0.187 -2.164  2.172 2
0600 pf 01  0.092 -1.357  1.360 3
0600 pf 02 -0.348 -1.560  1.599 2
0600 pf 03  0.159 -0.905  0.919 3
0600 pf 04  0.201 -0.200  0.284 4
0600 pf 05  0.387 -1.531  1.579 3
0600 pf 06  0.007  0.467  0.467 6
0600 pf 07  0.295  0.201  0.357 5
0600 pf 08  0.399 -1.992  2.032 3
0600 pf 09  1.624  0.058  1.625 5
0600 pf 10 -0.194 -0.862  0.883 2
0624 em 00  0.320 -0.865  0.923 3
0624 cf 00  0.116 -1.930  1.933 3
0624 pf 01  0.203 -1.164  1.182 3
0624 pf 02 -0.191 -1.595  1.606 2
0624 pf 03  0.107 -0.797  0.804 3
0624 pf 04  0.106 -0.058  0.121 4
0624 pf 05  0.822 -1.648  1.841 3
0624 pf 06 -0.130  0.371  0.393 7
0624 pf 07  0.487 -0.020  0.487 4
0624 pf 08  0.557 -1.689  1.779 3
0624 pf 09  1.517  0.089  1.520 5
0624 pf 10 -0.281 -1.036  1.073 2
0648 em 00  0.407 -0.881  0.971 3
0648 cf 00  0.772 -1.557  1.738 3
0648 pf 01  0.241 -1.311  1.333 3
0648 pf 02  0.091 -1.511  1.513 3
0648 pf 03 -0.058 -0.836  0.838 2
0648 pf 04  0.460 -0.221  0.510 4
0648 pf 05  1.144 -1.504  1.890 3
0648 pf 06 -0.550  0.274  0.615 8
0648 pf 07  0.281 -0.092  0.296 4
0648 pf 08  0.679 -1.860  1.980 3
0648 pf 09  1.157 -0.010  1.157 4
0648 pf 10  0.035 -1.023  1.023 3
0672 em 00  0.535 -0.861  1.013 3
0672 cf 00  1.231 -1.294  1.786 3
0672 pf 01  0.191 -1.149  1.164 3
0672 pf 02  0.369 -1.685  1.725 3
0672 pf 03  0.158 -0.690  0.708 3
0672 pf 04  0.532 -0.420  0.678 4
0672 pf 05  1.291 -1.686  2.123 3
0672 pf 06 -0.439  0.284  0.523 8
0672 pf 07  0.113  0.007  0.113 5
0672 pf 08  0.881 -2.103  2.280 3
0672 pf 09  0.892  0.151  0.905 5
0672 pf 10  0.425 -0.836  0.938 3
0696 em 00  0.665 -0.739  0.994 3
0696 cf 00  1.257 -1.169  1.717 4
0696 pf 01  0.491 -0.903  1.028 3
0696 pf 02  0.906 -1.504  1.756 3
0696 pf 03 -0.084 -0.457  0.464 2
0696 pf 04  0.352 -0.634  0.725 3
0696 pf 05  1.616 -1.638  2.301 3
0696 pf 06 -0.028  0.338  0.340 7
0696 pf 07 -0.088  0.271  0.285 7
0696 pf 08  1.242 -2.309  2.622 3
0696 pf 09  0.683  0.518  0.857 5
0696 pf 10  0.721 -0.621  0.952 4
0720 em 00  0.741 -0.632  0.974 4
0720 cf 00  1.405 -0.982  1.714 4
0720 pf 01  0.639 -0.709  0.954 3
0720 pf 02  1.488 -1.539  2.140 3
0720 pf 03 -0.142 -0.070  0.158 1
0720 pf 04  0.289 -0.760  0.813 3
0720 pf 05  1.687 -1.513  2.267 4
0720 pf 06  0.265  0.388  0.470 6
0720 pf 07 -0.400  0.558  0.687 7
0720 pf 08  1.358 -2.018  2.432 3
0720 pf 09  0.368  0.440  0.574 6
0720 pf 10  0.960 -0.747  1.216 4
0744 em 00  0.771 -0.449  0.892 4
0744 cf 00  1.652 -0.856  1.861 4
0744 pf 01  0.633 -0.271  0.689 4
0744 pf 02  1.815 -1.296  2.231 4
0744 pf 03 -0.576  0.002  0.576 8
0744 pf 04  0.237 -0.694  0.734 3
0744 pf 05  1.973 -1.305  2.366 4
0744 pf 06  0.360  0.612  0.710 6
0744 pf 07 -0.768  0.853  1.148 7
0744 pf 08  1.492 -1.762  2.308 3
0744 pf 09  0.144  0.312  0.344 6
0744 pf 10  1.304 -0.566  1.421 4
0768 em 00  0.636 -0.295  0.701 4
0768 cf 00  1.421 -0.830  1.646 4
0768 pf 01  0.411  0.047  0.413 5
0768 pf 02  1.800 -1.096  2.107 4
0768 pf 03 -0.818 -0.045  0.819 1
0768 pf 04  0.420 -0.545  0.688 3
0768 pf 05  1.997 -1.197  2.329 4
0768 pf 06  0.309  0.597  0.672 6
0768 pf 07 -1.102  0.835  1.383 8
0768 pf 08  1.359 -1.131  1.768 4
0768 pf 09 -0.163  0.422  0.452 7
0768 pf 10  1.175 -0.359  1.229 4
0792 em 00  0.538 -0.217  0.580 4
0792 cf 00  1.132 -0.482  1.231 4
0792 pf 01  0.142 -0.100  0.174 4
0792 pf 02  1.703 -0.837  1.897 4
0792 pf 03 -0.801 -0.487  0.937 1
0792 pf 04  0.484 -0.470  0.674 4
0792 pf 05  1.619 -1.076  1.944 4
0792 pf 06  0.550  0.546  0.775 5
0792 pf 07 -1.013  0.723  1.244 8
0792 pf 08  1.312 -0.723  1.498 4
0792 pf 09 -0.480  0.408  0.630 8
0792 pf 10  1.059  0.024  1.059 5
0816 em 00  0.405 -0.177  0.442 4
0816 cf 00  0.823 -0.138  0.834 4
0816 pf 01  0.240 -0.025  0.241 4
0816 pf 02  1.683 -0.388  1.727 4
0816 pf 03 -1.028 -1.125  1.524 2
0816 pf 04  0.323 -0.445  0.550 3
0816 pf 05  1.294 -0.683  1.463 4
0816 pf 06  0.515  0.502  0.719 5
0816 pf 07 -0.987  0.282  1.027 8
0816 pf 08  1.119 -0.233  1.143 4
0816 pf 09 -0.675 -0.140  0.690 1
0816 pf 10  0.940  0.339  0.999 5
0840 em 00  0.276 -0.079  0.287 4
0840 cf 00  0.576  0.191  0.607 5
0840 pf 01  0.431 -0.048  0.433 4
0840 pf 02  1.304 -0.144  1.312 4
0840 pf 03 -1.095 -1.118  1.564 2
0840 pf 04  0.090 -0.304  0.318 3
0840 pf 05  0.994 -0.548  1.135 4
0840 pf 06  0.344  0.679  0.761 6
0840 pf 07 -0.992 -0.207  1.013 1
0840 pf 08  1.008  0.060  1.010 5
0840 pf 09 -0.573 -0.250  0.625 1
0840 pf 10  0.775  0.702  1.045 5
0864 em 00  0.180  0.003  0.180 5
0864 cf 00  0.696  0.158  0.714 5
0864 pf 01  0.235 -0.238  0.334 3
0864 pf 02  0.973  0.357  1.037 5
0864 pf 03 -0.869 -1.213  1.492 2
0864 pf 04 -0.344 -0.390  0.520 2
0864 pf 05  0.746 -0.544  0.923 4
0864 pf 06  0.190  0.909  0.929 6
0864 pf 07 -0.893 -0.481  1.014 1
0864 pf 08  0.962  0.675  1.176 5
0864 pf 09 -0.410 -0.407  0.578 1
0864 pf 10  0.556  1.084  1.218 6
0888 em 00  0.185  0.027  0.187 5
0888 cf 00  0.732 -0.037  0.733 4
0888 pf 01  0.010 -0.278  0.278 3
0888 pf 02  0.506  0.731  0.889 6
0888 pf 03 -0.185 -1.578  1.589 2
0888 pf 04 -0.631 -0.844  1.054 2
0888 pf 05  0.627 -0.474  0.786 4
0888 pf 06  0.222  1.285  1.304 6
0888 pf 07 -0.656 -0.743  0.991 2
0888 pf 08  1.125  0.988  1.498 5
0888 pf 09 -0.026 -0.333  0.334 2
0888 pf 10  0.193  1.458  1.471 6
0912 em 00  0.148  0.009  0.148 5
0912 cf 00  0.493 -0.043  0.495 4
0912 pf 01 -0.121 -0.543  0.557 2
0912 pf 02  0.281  0.905  0.947 6
0912 pf 03  0.204 -1.681  1.693 3
0912 pf 04 -0.655 -0.903  1.115 2
0912 pf 05  0.483 -0.443  0.655 4
0912 pf 06  0.053  1.450  1.451 6
0912 pf 07 -0.346 -1.010  1.067 2
0912 pf 08  1.133  1.192  1.645 6
0912 pf 09  0.157 -0.084  0.178 4
0912 pf 10 -0.142  1.129  1.138 7
0936 em 00  0.041  0.019  0.045 5
0936 cf 00  0.283  0.053  0.288 5
0936 pf 01 -0.355 -0.675  0.763 2
0936 pf 02  0.208  0.700  0.731 6
0936 pf 03  0.570 -1.541  1.643 3
0936 pf 04 -0.600 -0.855  1.044 2
0936 pf 05  0.520 -0.678  0.854 3
0936 pf 06 -0.230  1.476  1.494 7
0936 pf 07 -0.163 -1.273  1.284 2
0936 pf 08  0.780  1.848  2.006 6
0936 pf 09 -0.142  0.104  0.175 8
0936 pf 10 -0.493  0.895  1.022 7
0960 em 00 -0.010 -0.058  0.059 2
0960 cf 00  0.026  0.131  0.134 6
0960 pf 01 -0.516 -0.687  0.859 2
0960 pf 02  0.302  0.762  0.820 6
0960 pf 03  0.679 -1.365  1.524 3
0960 pf 04 -0.443 -1.264  1.339 2
0960 pf 05  0.668 -0.823  1.060 3
0960 pf 06 -0.364  1.435  1.481 7
0960 pf 07  0.416 -1.249  1.316 3
0960 pf 08  0.427  1.926  1.973 6
0960 pf 09 -0.474 -0.080  0.480 1
0960 pf 10 -0.887  0.431  0.986 8
0984 em 00  0.043 -0.140  0.147 3
0984 cf 00 -0.043  0.123  0.131 7
0984 pf 01 -0.284 -0.756  0.808 2
0984 pf 02  0.371  0.989  1.057 6
0984 pf 03  0.872 -1.393  1.643 3
0984 pf 04 -0.312 -1.776  1.803 2
0984 pf 05  0.841 -0.520  0.989 4
0984 pf 06 -0.784  1.093  1.345 7
0984 pf 07  0.810 -1.189  1.439 3
0984 pf 08  0.153  2.099  2.105 6
0984 pf 09 -0.314 -0.349  0.469 2
0984 pf 10 -0.852 -0.012  0.852 1
1008 em 00  0.137 -0.261  0.295 3
1008 cf 00 -0.059 -0.091  0.108 2
1008 pf 01 -0.122 -1.111  1.118 2
1008 pf 02  0.371  1.222  1.277 6
1008 pf 03  1.157 -1.416  1.829 3
1008 pf 04  0.173 -1.782  1.791 3
1008 pf 05  0.966 -0.347  1.027 4
1008 pf 06 -1.154  0.904  1.466 8
1008 pf 07  1.225 -1.201  1.715 4
1008 pf 08 -0.166  1.913  1.920 7
1008 pf 09 -0.108 -0.623  0.632 2
1008 pf 10 -0.775 -0.489  0.916 1
1032 em 00  0.140 -0.374  0.399 3
1032 cf 00  0.010  0.065  0.066 6
1032 pf 01 -0.116 -1.236  1.242 2
1032 pf 02  0.034  1.104  1.104 6
1032 pf 03  1.302 -1.357  1.881 3
1032 pf 04  0.614 -1.768  1.872 3
1032 pf 05  1.230 -0.130  1.237 4
1032 pf 06 -1.054  0.422  1.135 8
1032 pf 07  1.351 -1.107  1.747 4
1032 pf 08 -1.248  1.427  1.896 7
1032 pf 09 -0.056 -0.763  0.765 2
1032 pf 10 -0.498 -0.912  1.039 2
1056 em 00  0.171 -0.358  0.397 3
1056 cf 00  0.184  0.139  0.231 5
1056 pf 01  0.102 -1.024  1.029 3
1056 pf 02 -0.182  1.122  1.137 7
1056 pf 03  1.111 -1.087  1.554 4
1056 pf 04  0.662 -1.719  1.842 3
1056 pf 05  1.311 -0.021  1.311 4
1056 pf 06 -0.563  0.557  0.792 8
1056 pf 07  1.409 -0.856  1.649 4
1056 pf 08 -1.684  0.908  1.914 8
1056 pf 09 -0.194 -1.047  1.065 2
1056 pf 10 -0.227 -1.049  1.074 2
1080 em 00  0.124 -0.337  0.359 3
1080 cf 00  0.317  0.271  0.417 5
1080 pf 01  0.117 -0.712  0.722 3
1080 pf 02 -0.700  0.663  0.964 8
1080 pf 03  0.945 -0.790  1.232 4
1080 pf 04  0.760 -1.780  1.935 3
1080 pf 05  1.002  0.211  1.024 5
1080 pf 06 -0.794  0.478  0.927 8
1080 pf 07  1.111 -0.814  1.377 4
1080 pf 08 -1.361  0.382  1.413 8
1080 pf 09 -0.175 -0.990  1.005 2
1080 pf 10  0.206 -0.786  0.812 3
1104 em 00  0.088 -0.350  0.361 3
1104 cf 00  0.214  0.220  0.306 6
1104 pf 01  0.115 -0.666  0.676 3
1104 pf 02 -1.064  0.254  1.093 8
1104 pf 03  0.821 -0.821  1.161 3
1104 pf 04  0.860 -1.940  2.122 3
1104 pf 05  0.803  0.294  0.855 5
1104 pf 06 -1.338  0.566  1.452 8
1104 pf 07  0.864 -0.476  0.987 4
1104 pf 08 -1.013 -0.029  1.013 1
1104 pf 09  0.012 -1.039  1.039 3
1104 pf 10  0.773 -0.369  0.857 4
