ecmf prod rf 2008012000 20220120 11 046
0024 em 00 -0.485  0.685  0.839 7
0024 cf 00 -0.490  0.677  0.836 7
0024 pf 01 -0.321  0.673  0.746 7
0024 pf 02 -0.506  0.814  0.958 7
0024 pf 03 -0.560  0.688  0.887 7
0024 pf 04 -0.497  0.665  0.830 7
0024 pf 05 -0.504  0.586  0.773 7
0024 pf 06 -0.485  0.600  0.771 7
0024 pf 07 -0.524  0.703  0.877 7
0024 pf 08 -0.463  0.753  0.884 7
0024 pf 09 -0.460  0.610  0.764 7
0024 pf 10 -0.424  0.694  0.813 7
0048 em 00 -0.502 -0.013  0.502 1
0048 cf 00 -0.448 -0.051  0.451 1
0048 pf 01 -0.021 -0.059  0.062 2
0048 pf 02 -0.553  0.203  0.589 8
0048 pf 03 -0.567 -0.030  0.568 1
0048 pf 04 -0.669  0.225  0.706 8
0048 pf 05 -0.450 -0.075  0.456 1
0048 pf 06 -0.638 -0.203  0.669 1
0048 pf 07 -0.591 -0.101  0.599 1
0048 pf 08 -0.368  0.009  0.368 8
0048 pf 09 -0.505 -0.089  0.512 1
0048 pf 10 -0.601  0.010  0.601 8
0072 em 00 -0.799 -0.635  1.021 1
0072 cf 00 -0.681 -0.651  0.941 1
0072 pf 01 -0.109 -0.545  0.555 2
0072 pf 02 -1.006 -0.375  1.074 1
0072 pf 03 -0.880 -0.697  1.123 1
0072 pf 04 -1.095 -0.513  1.209 1
0072 pf 05 -0.632 -0.583  0.859 1
0072 pf 06 -0.809 -0.967  1.261 2
0072 pf 07 -0.990 -0.724  1.226 1
0072 pf 08 -0.600 -0.578  0.833 1
0072 pf 09 -0.944 -0.579  1.108 1
0072 pf 10 -0.893 -0.729  1.153 1
0096 em 00 -1.011 -1.156  1.536 2
0096 cf 00 -0.809 -1.203  1.449 2
0096 pf 01 -0.219 -0.784  0.814 2
0096 pf 02 -1.109 -1.011  1.501 1
0096 pf 03 -1.298 -1.313  1.846 2
0096 pf 04 -1.524 -1.040  1.845 1
0096 pf 05 -0.906 -1.022  1.366 2
0096 pf 06 -0.965 -1.613  1.879 2
0096 pf 07 -1.223 -1.121  1.659 1
0096 pf 08 -0.661 -0.993  1.193 2
0096 pf 09 -1.136 -1.335  1.753 2
0096 pf 10 -1.106 -1.204  1.635 2
0120 em 00 -0.997 -1.285  1.626 2
0120 cf 00 -0.830 -1.253  1.503 2
0120 pf 01 -0.544 -0.766  0.939 2
0120 pf 02 -0.990 -1.007  1.413 2
0120 pf 03 -1.228 -1.609  2.024 2
0120 pf 04 -1.554 -1.392  2.087 1
0120 pf 05 -0.776 -0.967  1.240 2
0120 pf 06 -0.900 -1.809  2.021 2
0120 pf 07 -1.154 -1.371  1.792 2
0120 pf 08 -0.676 -0.823  1.065 2
0120 pf 09 -0.878 -1.588  1.815 2
0120 pf 10 -1.269 -1.460  1.934 2
0144 em 00 -0.876 -1.508  1.744 2
0144 cf 00 -0.725 -1.368  1.548 2
0144 pf 01 -0.680 -0.918  1.142 2
0144 pf 02 -0.635 -1.401  1.538 2
0144 pf 03 -1.274 -1.756  2.170 2
0144 pf 04 -1.387 -1.886  2.341 2
0144 pf 05 -0.777 -1.134  1.375 2
0144 pf 06 -0.860 -1.943  2.125 2
0144 pf 07 -0.960 -1.525  1.802 2
0144 pf 08 -0.485 -0.911  1.032 2
0144 pf 09 -0.731 -1.991  2.121 2
0144 pf 10 -0.995 -1.645  1.922 2
0168 em 00 -0.819 -1.572  1.773 2
0168 cf 00 -0.927 -1.324  1.617 2
0168 pf 01 -0.829 -0.962  1.270 2
0168 pf 02 -0.515 -1.590  1.671 2
0168 pf 03 -1.396 -1.791  2.271 2
0168 pf 04 -1.085 -2.222  2.473 2
0168 pf 05 -0.838 -1.060  1.352 2
0168 pf 06 -0.819 -1.912  2.080 2
0168 pf 07 -0.723 -1.751  1.894 2
0168 pf 08 -0.547 -0.694  0.883 2
0168 pf 09 -0.546 -2.077  2.147 2
0168 pf 10 -0.655 -1.776  1.893 2
0192 em 00 -0.594 -1.692  1.793 2
0192 cf 00 -0.796 -1.541  1.735 2
0192 pf 01 -0.657 -1.273  1.432 2
0192 pf 02 -0.118 -1.333  1.338 2
0192 pf 03 -1.574 -1.803  2.393 2
0192 pf 04 -0.652 -2.508  2.592 2
0192 pf 05 -0.610 -1.428  1.553 2
0192 pf 06 -0.515 -2.164  2.224 2
0192 pf 07 -0.589 -1.756  1.852 2
0192 pf 08 -0.692 -0.868  1.110 2
0192 pf 09  0.068 -2.066  2.067 3
0192 pf 10 -0.281 -1.746  1.768 2
0216 em 00 -0.299 -1.775  1.800 2
0216 cf 00 -0.660 -1.688  1.813 2
0216 pf 01 -0.525 -1.285  1.388 2
0216 pf 02  0.432 -1.262  1.334 3
0216 pf 03 -1.432 -1.915  2.392 2
0216 pf 04  0.099 -2.672  2.674 3
0216 pf 05 -0.487 -1.319  1.406 2
0216 pf 06 -0.373 -2.418  2.446 2
0216 pf 07 -0.469 -2.027  2.080 2
0216 pf 08 -0.871 -0.904  1.255 2
0216 pf 09  0.807 -1.936  2.097 3
0216 pf 10  0.242 -1.973  1.987 3
0240 em 00 -0.061 -1.719  1.720 2
0240 cf 00 -0.650 -1.760  1.877 2
0240 pf 01 -0.592 -1.318  1.445 2
0240 pf 02  0.633 -0.880  1.084 3
0240 pf 03 -1.214 -1.910  2.263 2
0240 pf 04  0.595 -2.650  2.716 3
0240 pf 05 -0.468 -1.216  1.303 2
0240 pf 06 -0.149 -2.592  2.597 2
0240 pf 07 -0.245 -2.185  2.199 2
0240 pf 08 -0.722 -1.028  1.256 2
0240 pf 09  1.431 -1.679  2.206 3
0240 pf 10  0.701 -1.560  1.710 3
0264 em 00  0.026 -1.598  1.599 3
0264 cf 00 -0.520 -1.692  1.770 2
0264 pf 01 -0.759 -1.330  1.531 2
0264 pf 02  0.615 -0.215  0.652 4
0264 pf 03 -0.861 -2.140  2.307 2
0264 pf 04  0.649 -2.529  2.611 3
0264 pf 05 -0.691 -1.052  1.259 2
0264 pf 06  0.086 -2.614  2.615 3
0264 pf 07 -0.134 -2.343  2.347 2
0264 pf 08 -0.735 -0.948  1.200 2
0264 pf 09  1.806 -1.000  2.064 4
0264 pf 10  0.815 -1.588  1.785 3
0288 em 00  0.050 -1.559  1.560 3
0288 cf 00 -0.417 -1.760  1.809 2
0288 pf 01 -0.743 -1.597  1.761 2
0288 pf 02  0.484  0.223  0.533 5
0288 pf 03 -0.683 -2.329  2.427 2
0288 pf 04  0.617 -2.358  2.437 3
0288 pf 05 -0.741 -1.215  1.423 2
0288 pf 06  0.297 -2.567  2.585 3
0288 pf 07 -0.243 -2.401  2.413 2
0288 pf 08 -0.644 -0.871  1.084 2
0288 pf 09  1.711 -0.474  1.775 4
0288 pf 10  0.907 -1.642  1.876 3
0312 em 00  0.183 -1.582  1.593 3
0312 cf 00 -0.095 -1.972  1.974 2
0312 pf 01 -0.278 -1.902  1.922 2
0312 pf 02  0.332  0.380  0.505 6
0312 pf 03 -0.526 -2.541  2.595 2
0312 pf 04  0.818 -2.102  2.256 3
0312 pf 05 -0.493 -1.395  1.479 2
0312 pf 06  0.264 -2.500  2.514 3
0312 pf 07 -0.224 -2.533  2.543 2
0312 pf 08 -0.442 -1.023  1.114 2
0312 pf 09  1.731  0.029  1.732 5
0312 pf 10  0.907 -1.667  1.897 3
0336 em 00  0.285 -1.610  1.635 3
0336 cf 00  0.179 -2.069  2.077 3
0336 pf 01 -0.283 -2.085  2.104 2
0336 pf 02  0.318  0.331  0.459 6
0336 pf 03 -0.482 -2.775  2.816 2
0336 pf 04  1.035 -1.895  2.159 3
0336 pf 05 -0.384 -1.439  1.489 2
0336 pf 06  0.268 -2.357  2.372 3
0336 pf 07  0.037 -2.406  2.407 3
0336 pf 08 -0.192 -1.506  1.518 2
0336 pf 09  1.534  0.114  1.539 5
0336 pf 10  1.061 -1.430  1.780 3
0360 em 00  0.440 -1.606  1.665 3
0360 cf 00  0.354 -2.165  2.194 3
0360 pf 01 -0.381 -2.307  2.339 2
0360 pf 02  0.514  0.027  0.515 5
0360 pf 03 -0.014 -2.981  2.981 2
0360 pf 04  1.297 -1.453  1.947 3
0360 pf 05 -0.201 -1.273  1.289 2
0360 pf 06  0.086 -2.477  2.478 3
0360 pf 07  0.285 -2.185  2.203 3
0360 pf 08  0.158 -1.718  1.726 3
0360 pf 09  1.428  0.344  1.469 5
0360 pf 10  1.267 -1.284  1.804 3
0384 em 00  0.603 -1.600  1.710 3
0384 cf 00  0.292 -2.477  2.495 3
0384 pf 01 -0.154 -2.507  2.512 2
0384 pf 02  0.522  0.028  0.523 5
0384 pf 03  0.770 -2.989  3.086 3
0384 pf 04  1.365 -1.279  1.870 4
0384 pf 05 -0.106 -1.488  1.492 2
0384 pf 06  0.564 -2.669  2.727 3
0384 pf 07  0.622 -2.036  2.129 3
0384 pf 08  0.478 -1.645  1.714 3
0384 pf 09  0.789  0.430  0.899 5
0384 pf 10  1.432 -0.766  1.624 4
0408 em 00  0.685 -1.513  1.660 3
0408 cf 00  0.379 -2.548  2.576 3
0408 pf 01 -0.225 -2.890  2.899 2
0408 pf 02  0.294  0.092  0.308 5
0408 pf 03  1.226 -2.772  3.031 3
0408 pf 04  1.351 -1.169  1.787 4
0408 pf 05  0.523 -1.673  1.753 3
0408 pf 06  0.498 -2.579  2.626 3
0408 pf 07  0.944 -1.960  2.176 3
0408 pf 08  0.962 -1.392  1.692 3
0408 pf 09  0.286  0.862  0.908 6
0408 pf 10  1.210 -0.455  1.293 4
0432 em 00  0.735 -1.414  1.594 3
0432 cf 00  0.516 -2.518  2.570 3
0432 pf 01 -0.084 -2.944  2.945 2
0432 pf 02  0.204  0.150  0.253 5
0432 pf 03  1.266 -2.251  2.583 3
0432 pf 04  1.053 -0.741  1.288 4
0432 pf 05  0.848 -1.709  1.908 3
0432 pf 06  0.520 -2.738  2.787 3
0432 pf 07  1.163 -1.939  2.261 3
0432 pf 08  1.388 -1.152  1.803 4
0432 pf 09  0.175  0.848  0.866 6
0432 pf 10  0.895 -0.404  0.982 4
0456 em 00  0.754 -1.351  1.548 3
0456 cf 00  0.435 -2.271  2.312 3
0456 pf 01  0.387 -2.931  2.957 3
0456 pf 02 -0.146  0.115  0.186 8
0456 pf 03  1.104 -2.022  2.304 3
0456 pf 04  0.533 -0.927  1.069 3
0456 pf 05  1.060 -1.685  1.990 3
0456 pf 06  0.830 -2.779  2.900 3
0456 pf 07  1.454 -1.711  2.245 3
0456 pf 08  1.706 -0.528  1.785 4
0456 pf 09  0.155  0.542  0.564 6
0456 pf 10  0.634 -0.517  0.818 4
0480 em 00  0.687 -1.216  1.396 3
0480 cf 00  0.455 -1.974  2.026 3
0480 pf 01  0.358 -2.957  2.979 3
0480 pf 02 -0.472 -0.231  0.525 1
0480 pf 03  0.833 -1.572  1.779 3
0480 pf 04  0.164 -0.730  0.748 3
0480 pf 05  1.531 -1.425  2.091 4
0480 pf 06  0.972 -2.848  3.009 3
0480 pf 07  1.379 -1.449  2.000 3
0480 pf 08  1.805  0.253  1.822 5
0480 pf 09  0.011  0.318  0.318 6
0480 pf 10  0.348 -0.628  0.718 3
0504 em 00  0.692 -1.193  1.379 3
0504 cf 00  0.441 -2.176  2.220 3
0504 pf 01  0.737 -2.921  3.013 3
0504 pf 02 -0.933 -0.617  1.119 1
0504 pf 03  0.800 -1.199  1.442 3
0504 pf 04 -0.191 -0.486  0.522 2
0504 pf 05  1.911 -1.217  2.265 4
0504 pf 06  1.085 -2.833  3.034 3
0504 pf 07  1.780 -1.626  2.410 4
0504 pf 08  1.280  0.511  1.379 5
0504 pf 09  0.128  0.074  0.148 5
0504 pf 10  0.385 -0.535  0.659 3
0528 em 00  0.685 -1.193  1.376 3
0528 cf 00  0.124 -1.939  1.943 3
0528 pf 01  1.389 -2.616  2.962 3
0528 pf 02 -1.060 -1.083  1.516 2
0528 pf 03  0.608 -1.086  1.245 3
0528 pf 04 -0.503 -0.676  0.843 2
0528 pf 05  1.878 -0.925  2.094 4
0528 pf 06  0.936 -2.830  2.981 3
0528 pf 07  1.972 -1.829  2.689 4
0528 pf 08  1.298  0.625  1.440 5
0528 pf 09  0.064  0.174  0.185 6
0528 pf 10  0.630 -0.830  1.042 3
0552 em 00  0.565 -1.084  1.222 3
0552 cf 00 -0.059 -1.620  1.621 2
0552 pf 01  1.743 -2.165  2.780 3
0552 pf 02 -0.880 -1.104  1.411 2
0552 pf 03  0.437 -1.162  1.242 3
0552 pf 04 -0.913 -0.832  1.235 1
0552 pf 05  1.734 -0.415  1.783 4
0552 pf 06  0.603 -2.772  2.837 3
0552 pf 07  1.974 -1.774  2.654 4
0552 pf 08  1.116  0.765  1.353 5
0552 pf 09 -0.445  0.149  0.469 8
0552 pf 10  0.721 -0.899  1.152 3
0576 em 00  0.422 -0.963  1.051 3
0576 cf 00  0.149 -1.326  1.334 3
0576 pf 01  1.794 -1.629  2.423 4
0576 pf 02 -0.915 -1.109  1.438 2
0576 pf 03  0.312 -0.868  0.923 3
0576 pf 04 -1.504 -0.972  1.791 1
0576 pf 05  1.748  0.018  1.748 5
0576 pf 06  0.560 -2.663  2.722 3
0576 pf 07  1.816 -1.641  2.448 4
0576 pf 08  0.596  1.018  1.180 6
0576 pf 09 -0.593 -0.096  0.601 1
0576 pf 10  0.513 -1.238  1.340 3
0600 em 00  0.525 -0.849  0.999 3
0600 cf 00  0.225 -0.952  0.979 3
0600 pf 01  1.944 -1.284  2.330 4
0600 pf 02 -0.642 -1.180  1.343 2
0600 pf 03  0.385 -0.668  0.771 3
0600 pf 04 -1.518 -1.330  2.018 1
0600 pf 05  1.615  0.546  1.705 5
0600 pf 06  0.538 -2.367  2.428 3
0600 pf 07  2.202 -1.295  2.555 4
0600 pf 08  0.537  0.988  1.124 6
0600 pf 09 -0.046 -0.266  0.270 2
0600 pf 10  0.365 -1.475  1.519 3
0624 em 00  0.502 -0.850  0.987 3
0624 cf 00  0.002 -0.798  0.798 3
0624 pf 01  1.757 -1.059  2.052 4
0624 pf 02 -0.713 -1.530  1.688 2
0624 pf 03  0.247 -0.682  0.725 3
0624 pf 04 -1.266 -1.926  2.305 2
0624 pf 05  1.652  0.831  1.850 5
0624 pf 06  0.422 -2.303  2.342 3
0624 pf 07  2.198 -0.963  2.399 4
0624 pf 08  0.592  1.119  1.266 6
0624 pf 09  0.271 -0.308  0.410 3
0624 pf 10  0.182 -1.679  1.689 3
0648 em 00  0.441 -0.896  0.999 3
0648 cf 00 -0.171 -0.810  0.828 2
0648 pf 01  1.822 -0.865  2.017 4
0648 pf 02 -0.765 -1.836  1.988 2
0648 pf 03  0.220 -0.947  0.972 3
0648 pf 04 -1.035 -2.460  2.669 2
0648 pf 05  1.403  1.071  1.765 5
0648 pf 06  0.383 -2.063  2.098 3
0648 pf 07  1.984 -0.609  2.076 4
0648 pf 08  0.171  0.979  0.994 6
0648 pf 09  0.494 -0.408  0.641 4
0648 pf 10  0.168 -1.846  1.854 3
0672 em 00  0.411 -0.893  0.983 3
0672 cf 00 -0.165 -0.811  0.828 2
0672 pf 01  1.734 -0.814  1.915 4
0672 pf 02 -0.626 -2.183  2.271 2
0672 pf 03  0.310 -1.026  1.072 3
0672 pf 04 -0.945 -2.651  2.814 2
0672 pf 05  1.032  1.047  1.470 6
0672 pf 06  0.483 -1.963  2.021 3
0672 pf 07  1.618 -0.365  1.659 4
0672 pf 08 -0.080  1.356  1.358 7
0672 pf 09  0.531 -0.520  0.743 4
0672 pf 10  0.439 -1.839  1.891 3
0696 em 00  0.452 -0.852  0.965 3
0696 cf 00  0.091 -0.808  0.813 3
0696 pf 01  2.041 -0.689  2.154 4
0696 pf 02 -0.325 -2.450  2.471 2
0696 pf 03  0.336 -1.236  1.281 3
0696 pf 04 -0.612 -2.695  2.764 2
0696 pf 05  0.745  1.059  1.295 6
0696 pf 06  0.557 -1.926  2.005 3
0696 pf 07  1.159  0.119  1.165 5
0696 pf 08 -0.497  1.491  1.571 7
0696 pf 09  0.692 -0.277  0.745 4
0696 pf 10  0.603 -1.929  2.021 3
0720 em 00  0.399 -0.831  0.922 3
0720 cf 00  0.025 -0.794  0.794 3
0720 pf 01  2.050 -0.430  2.094 4
0720 pf 02 -0.183 -2.661  2.667 2
0720 pf 03  0.485 -1.517  1.593 3
0720 pf 04 -0.372 -2.650  2.676 2
0720 pf 05  0.200  1.205  1.222 6
0720 pf 06  0.692 -1.595  1.739 3
0720 pf 07  0.669  0.206  0.700 5
0720 pf 08 -0.854  1.557  1.776 7
0720 pf 09  0.440 -0.422  0.610 4
0720 pf 10  1.068 -2.025  2.289 3
0744 em 00  0.338 -0.755  0.827 3
0744 cf 00 -0.005 -0.784  0.784 2
0744 pf 01  1.623 -0.222  1.639 4
0744 pf 02 -0.125 -2.650  2.653 2
0744 pf 03  0.956 -1.654  1.910 3
0744 pf 04 -0.108 -2.748  2.750 2
0744 pf 05 -0.337  1.354  1.395 7
0744 pf 06  0.653 -1.307  1.461 3
0744 pf 07  0.412  0.450  0.610 6
0744 pf 08 -1.078  1.594  1.924 7
0744 pf 09  0.257 -0.433  0.504 3
0744 pf 10  1.343 -1.897  2.324 3
0768 em 00  0.299 -0.762  0.819 3
0768 cf 00 -0.081 -0.828  0.832 2
0768 pf 01  1.149  0.075  1.151 5
0768 pf 02  0.019 -2.386  2.386 3
0768 pf 03  1.177 -1.712  2.078 3
0768 pf 04  0.545 -2.930  2.980 3
0768 pf 05 -0.703  0.968  1.197 7
0768 pf 06  0.577 -1.274  1.398 3
0768 pf 07 -0.072  0.502  0.507 7
0768 pf 08 -1.150  1.432  1.836 7
0768 pf 09  0.258 -0.335  0.423 3
0768 pf 10  1.483 -1.882  2.396 3
0792 em 00  0.245 -0.704  0.745 3
0792 cf 00 -0.133 -0.714  0.726 2
0792 pf 01  0.865 -0.104  0.871 4
0792 pf 02  0.220 -2.119  2.130 3
0792 pf 03  1.616 -1.508  2.210 4
0792 pf 04  0.922 -2.761  2.911 3
0792 pf 05 -1.225  0.620  1.373 8
0792 pf 06  0.168 -1.124  1.136 3
0792 pf 07 -0.272  0.250  0.370 8
0792 pf 08 -1.556  1.176  1.951 8
0792 pf 09  0.393 -0.062  0.398 4
0792 pf 10  1.640 -1.391  2.150 4
0816 em 00  0.326 -0.593  0.677 3
0816 cf 00 -0.345 -0.525  0.628 2
0816 pf 01  1.206 -0.096  1.209 4
0816 pf 02  0.386 -2.165  2.199 3
0816 pf 03  1.842 -0.475  1.903 4
0816 pf 04  0.985 -2.591  2.772 3
0816 pf 05 -1.412  0.246  1.433 8
0816 pf 06  0.662 -0.681  0.950 3
0816 pf 07 -0.375  0.043  0.377 8
0816 pf 08 -1.699  0.842  1.896 8
0816 pf 09  0.509 -0.333  0.609 4
0816 pf 10  1.824 -0.768  1.979 4
0840 em 00  0.353 -0.512  0.622 3
0840 cf 00 -0.280 -0.483  0.558 2
0840 pf 01  1.168  0.148  1.177 5
0840 pf 02  0.712 -2.282  2.391 3
0840 pf 03  1.751  0.099  1.753 5
0840 pf 04  1.096 -2.313  2.560 3
0840 pf 05 -1.313 -0.033  1.313 1
0840 pf 06  1.246 -0.238  1.269 4
0840 pf 07 -0.591  0.071  0.595 8
0840 pf 08 -1.865  0.663  1.979 8
0840 pf 09  0.167 -0.791  0.808 3
0840 pf 10  1.812 -0.436  1.864 4
0864 em 00  0.459 -0.478  0.663 3
0864 cf 00  0.112 -0.716  0.725 3
0864 pf 01  1.091  0.330  1.140 5
0864 pf 02  0.679 -2.282  2.380 3
0864 pf 03  1.958  0.516  2.025 5
0864 pf 04  1.629 -2.116  2.670 3
0864 pf 05 -0.920 -0.419  1.011 1
0864 pf 06  1.638 -0.140  1.644 4
0864 pf 07 -0.722  0.014  0.722 8
0864 pf 08 -1.907  0.641  2.011 8
0864 pf 09 -0.002 -0.626  0.626 2
0864 pf 10  1.513 -0.426  1.571 4
0888 em 00  0.476 -0.314  0.570 4
0888 cf 00  0.047 -1.076  1.077 3
0888 pf 01  0.934  0.830  1.250 5
0888 pf 02  0.725 -1.955  2.085 3
0888 pf 03  1.765  0.942  2.000 5
0888 pf 04  1.883 -1.898  2.674 3
0888 pf 05 -0.464 -0.524  0.700 2
0888 pf 06  1.560 -0.133  1.565 4
0888 pf 07 -0.766  0.263  0.810 8
0888 pf 08 -1.788  0.474  1.850 8
0888 pf 09  0.006 -0.327  0.327 3
0888 pf 10  1.373 -0.004  1.373 4
0912 em 00  0.453 -0.172  0.485 4
0912 cf 00  0.158 -1.242  1.252 3
0912 pf 01  0.802  0.830  1.154 6
0912 pf 02  0.616 -1.757  1.862 3
0912 pf 03  1.587  1.338  2.075 5
0912 pf 04  1.875 -1.650  2.498 4
0912 pf 05 -0.284 -0.609  0.672 2
0912 pf 06  1.625  0.411  1.676 5
0912 pf 07 -0.768  0.347  0.843 8
0912 pf 08 -1.738  0.476  1.802 8
0912 pf 09 -0.088 -0.523  0.530 2
0912 pf 10  1.297  0.522  1.398 5
0936 em 00  0.489 -0.083  0.496 4
0936 cf 00  0.315 -1.310  1.347 3
0936 pf 01  0.857  0.691  1.101 5
0936 pf 02  0.569 -1.671  1.765 3
0936 pf 03  1.386  1.955  2.396 6
0936 pf 04  2.024 -1.586  2.572 4
0936 pf 05 -0.310 -0.661  0.730 2
0936 pf 06  1.766  0.839  1.955 5
0936 pf 07 -0.559  0.440  0.711 8
0936 pf 08 -1.777  0.187  1.787 8
0936 pf 09  0.057 -0.548  0.551 3
0936 pf 10  1.136  0.766  1.371 5
0960 em 00  0.377  0.032  0.378 5
0960 cf 00  0.500 -1.072  1.183 3
0960 pf 01  0.878  0.609  1.068 5
0960 pf 02  0.537 -1.367  1.469 3
0960 pf 03  1.200  2.404  2.687 6
0960 pf 04  1.779 -1.613  2.401 4
0960 pf 05 -0.546 -0.822  0.987 2
0960 pf 06  1.620  1.438  2.166 5
0960 pf 07 -0.331  0.459  0.566 7
0960 pf 08 -2.056 -0.351  2.086 1
0960 pf 09 -0.139 -0.194  0.239 2
0960 pf 10  0.762  0.855  1.146 6
0984 em 00  0.280  0.184  0.335 5
0984 cf 00  0.502 -0.977  1.099 3
0984 pf 01  0.945  0.688  1.169 5
0984 pf 02  0.687 -0.747  1.015 3
0984 pf 03  0.471  2.740  2.780 6
0984 pf 04  1.614 -1.267  2.052 4
0984 pf 05 -0.718 -1.157  1.362 2
0984 pf 06  1.497  2.006  2.503 6
0984 pf 07  0.018  0.496  0.496 6
0984 pf 08 -2.191 -0.365  2.221 1
0984 pf 09  0.270 -0.080  0.282 4
0984 pf 10  0.060  0.665  0.667 6
1008 em 00  0.269  0.201  0.336 5
1008 cf 00  0.389 -0.843  0.929 3
1008 pf 01  0.838  0.897  1.227 6
1008 pf 02  0.974 -0.669  1.182 4
1008 pf 03 -0.070  2.808  2.809 7
1008 pf 04  1.759 -1.125  2.088 4
1008 pf 05 -0.577 -1.307  1.429 2
1008 pf 06  1.383  2.375  2.748 6
1008 pf 07  0.073  0.257  0.267 6
1008 pf 08 -2.233 -0.643  2.323 1
1008 pf 09  0.632 -0.229  0.672 4
1008 pf 10 -0.155  0.672  0.690 7
1032 em 00  0.194  0.213  0.288 6
1032 cf 00  0.054 -0.653  0.656 3
1032 pf 01  0.587  0.827  1.014 6
1032 pf 02  1.116 -0.323  1.162 4
1032 pf 03 -0.143  2.737  2.741 7
1032 pf 04  1.653 -1.134  2.005 4
1032 pf 05 -0.388 -1.414  1.466 2
1032 pf 06  1.333  2.620  2.939 6
1032 pf 07  0.193  0.320  0.373 6
1032 pf 08 -2.450 -0.761  2.565 1
1032 pf 09  0.519 -0.270  0.585 4
1032 pf 10 -0.275  0.374  0.464 7
1056 em 00  0.280  0.216  0.353 5
1056 cf 00  0.164 -0.547  0.571 3
1056 pf 01  0.521  0.791  0.947 6
1056 pf 02  1.215  0.101  1.220 5
1056 pf 03 -0.001  2.609  2.609 6
1056 pf 04  1.489 -1.239  1.937 4
1056 pf 05 -0.222 -1.540  1.555 2
1056 pf 06  1.044  2.719  2.913 6
1056 pf 07  0.310  0.291  0.425 5
1056 pf 08 -2.082 -1.220  2.413 1
1056 pf 09  0.685 -0.229  0.722 4
1056 pf 10  0.001  0.603  0.603 6
1080 em 00  0.363  0.176  0.404 5
1080 cf 00  0.276 -0.677  0.731 3
1080 pf 01  0.376  0.645  0.747 6
1080 pf 02  1.333  0.211  1.350 5
1080 pf 03  0.044  2.476  2.477 6
1080 pf 04  1.409 -1.228  1.869 4
1080 pf 05  0.011 -1.482  1.482 3
1080 pf 06  0.300  2.634  2.651 6
1080 pf 07  0.397  0.182  0.437 5
1080 pf 08 -1.534 -1.594  2.212 2
1080 pf 09  1.019 -0.139  1.029 4
1080 pf 10  0.388  0.879  0.961 6
1104 em 00  0.377  0.168  0.413 5
1104 cf 00  0.192 -0.836  0.857 3
1104 pf 01  0.250  0.634  0.682 6
1104 pf 02  1.067 -0.138  1.075 4
1104 pf 03 -0.205  2.390  2.399 7
1104 pf 04  1.482 -0.941  1.756 4
1104 pf 05 -0.025 -1.394  1.395 2
1104 pf 06  0.162  2.518  2.523 6
1104 pf 07  0.422  0.129  0.441 5
1104 pf 08 -1.043 -1.727  2.017 2
1104 pf 09  1.153 -0.139  1.161 4
1104 pf 10  0.717  1.323  1.504 6
