ecmf prod rf 2016091000 20180910 11 046
0024 em 00 -0.093 -0.132  0.161 2
0024 cf 00 -0.179 -0.174  0.250 1
0024 pf 01 -0.103 -0.238  0.260 2
0024 pf 02 -0.210 -0.203  0.292 1
0024 pf 03 -0.031 -0.293  0.295 2
0024 pf 04 -0.053 -0.210  0.216 2
0024 pf 05 -0.097 -0.127  0.160 2
0024 pf 06 -0.064 -0.075  0.099 2
0024 pf 07 -0.200 -0.168  0.261 1
0024 pf 08 -0.062 -0.016  0.064 1
0024 pf 09 -0.103 -0.046  0.113 1
0024 pf 10  0.010 -0.024  0.026 3
0048 em 00  0.334 -0.253  0.419 4
0048 cf 00  0.236 -0.362  0.432 3
0048 pf 01  0.416 -0.254  0.488 4
0048 pf 02  0.129 -0.357  0.380 3
0048 pf 03  0.437 -0.556  0.707 3
0048 pf 04  0.402 -0.409  0.573 3
0048 pf 05  0.138 -0.406  0.429 3
0048 pf 06  0.400 -0.163  0.432 4
0048 pf 07  0.419 -0.111  0.433 4
0048 pf 08  0.279 -0.118  0.303 4
0048 pf 09  0.296 -0.162  0.337 4
0048 pf 10  0.415 -0.016  0.415 4
0072 em 00  0.460 -0.297  0.547 4
0072 cf 00  0.408 -0.389  0.564 4
0072 pf 01  0.576 -0.253  0.629 4
0072 pf 02  0.342 -0.341  0.483 4
0072 pf 03  0.543 -0.636  0.836 3
0072 pf 04  0.537 -0.595  0.801 3
0072 pf 05  0.528 -0.468  0.706 4
0072 pf 06  0.503 -0.189  0.537 4
0072 pf 07  0.359  0.020  0.360 5
0072 pf 08  0.227 -0.280  0.361 3
0072 pf 09  0.534 -0.303  0.614 4
0072 pf 10  0.382  0.035  0.384 5
0096 em 00  0.676 -0.060  0.678 4
0096 cf 00  0.625 -0.162  0.646 4
0096 pf 01  0.768 -0.009  0.769 4
0096 pf 02  0.474 -0.169  0.503 4
0096 pf 03  0.717 -0.498  0.873 4
0096 pf 04  0.930 -0.313  0.982 4
0096 pf 05  0.982 -0.059  0.983 4
0096 pf 06  0.630  0.028  0.631 5
0096 pf 07  0.414  0.141  0.437 5
0096 pf 08  0.334 -0.100  0.349 4
0096 pf 09  0.935 -0.035  0.936 4
0096 pf 10  0.515  0.357  0.626 5
0120 em 00  0.685  0.152  0.702 5
0120 cf 00  0.683  0.128  0.695 5
0120 pf 01  0.690  0.353  0.775 5
0120 pf 02  0.676 -0.036  0.677 4
0120 pf 03  0.887 -0.079  0.891 4
0120 pf 04  1.085 -0.266  1.117 4
0120 pf 05  0.916  0.041  0.917 5
0120 pf 06  0.599  0.176  0.624 5
0120 pf 07  0.260  0.227  0.345 5
0120 pf 08  0.310  0.088  0.323 5
0120 pf 09  1.022  0.437  1.112 5
0120 pf 10  0.335  0.427  0.543 6
0144 em 00  0.550  0.149  0.570 5
0144 cf 00  0.510  0.125  0.526 5
0144 pf 01  0.429  0.317  0.533 5
0144 pf 02  0.570 -0.042  0.571 4
0144 pf 03  0.713 -0.095  0.719 4
0144 pf 04  1.077 -0.443  1.164 4
0144 pf 05  0.983 -0.001  0.983 4
0144 pf 06  0.513  0.273  0.581 5
0144 pf 07  0.229  0.390  0.452 6
0144 pf 08 -0.064  0.324  0.331 7
0144 pf 09  0.972  0.492  1.090 5
0144 pf 10  0.101  0.125  0.161 6
0168 em 00  0.472  0.179  0.505 5
0168 cf 00  0.406  0.083  0.414 5
0168 pf 01  0.339  0.169  0.379 5
0168 pf 02  0.572 -0.204  0.607 4
0168 pf 03  0.655 -0.001  0.655 4
0168 pf 04  1.048 -0.227  1.072 4
0168 pf 05  0.853  0.142  0.864 5
0168 pf 06  0.374  0.326  0.496 5
0168 pf 07  0.214  0.275  0.348 6
0168 pf 08 -0.328  0.302  0.446 8
0168 pf 09  0.813  0.771  1.120 5
0168 pf 10  0.265  0.174  0.318 5
0192 em 00  0.457  0.216  0.506 5
0192 cf 00  0.412  0.031  0.413 5
0192 pf 01  0.601  0.255  0.653 5
0192 pf 02  0.247 -0.051  0.253 4
0192 pf 03  0.659  0.106  0.667 5
0192 pf 04  1.073 -0.087  1.076 4
0192 pf 05  0.738  0.317  0.803 5
0192 pf 06  0.393  0.305  0.498 5
0192 pf 07  0.398  0.356  0.534 5
0192 pf 08 -0.413  0.222  0.469 8
0192 pf 09  0.684  0.928  1.153 6
0192 pf 10  0.324 -0.145  0.355 4
0216 em 00  0.481  0.187  0.516 5
0216 cf 00  0.397 -0.054  0.401 4
0216 pf 01  0.798  0.379  0.883 5
0216 pf 02  0.251 -0.316  0.403 3
0216 pf 03  0.811  0.016  0.811 5
0216 pf 04  1.163 -0.056  1.164 4
0216 pf 05  0.704  0.415  0.817 5
0216 pf 06  0.610  0.265  0.665 5
0216 pf 07  0.383  0.492  0.624 6
0216 pf 08 -0.780  0.096  0.786 8
0216 pf 09  0.324  0.814  0.876 6
0216 pf 10  0.734 -0.088  0.740 4
0240 em 00  0.417  0.195  0.460 5
0240 cf 00  0.307 -0.170  0.351 4
0240 pf 01  0.925  0.425  1.018 5
0240 pf 02  0.514 -0.314  0.602 4
0240 pf 03  0.682  0.070  0.685 5
0240 pf 04  1.113  0.094  1.117 5
0240 pf 05  0.285  0.294  0.410 6
0240 pf 06  0.391  0.513  0.645 6
0240 pf 07  0.149  0.283  0.320 6
0240 pf 08 -0.684 -0.067  0.687 1
0240 pf 09  0.083  0.901  0.905 6
0240 pf 10  0.954  0.022  0.954 5
0264 em 00  0.329  0.115  0.348 5
0264 cf 00  0.325 -0.164  0.364 4
0264 pf 01  0.775  0.439  0.891 5
0264 pf 02  0.753 -0.333  0.823 4
0264 pf 03  0.429  0.138  0.451 5
0264 pf 04  1.000  0.055  1.002 5
0264 pf 05  0.142  0.206  0.250 6
0264 pf 06  0.311  0.255  0.402 5
0264 pf 07 -0.016  0.052  0.054 7
0264 pf 08 -0.782 -0.217  0.811 1
0264 pf 09 -0.100  0.542  0.551 7
0264 pf 10  0.905  0.230  0.934 5
0288 em 00  0.334  0.083  0.344 5
0288 cf 00  0.274 -0.084  0.287 4
0288 pf 01  0.961  0.473  1.071 5
0288 pf 02  0.769 -0.059  0.771 4
0288 pf 03  0.193  0.353  0.402 6
0288 pf 04  1.026 -0.044  1.027 4
0288 pf 05  0.195 -0.007  0.195 4
0288 pf 06  0.177 -0.060  0.187 4
0288 pf 07  0.025 -0.142  0.144 3
0288 pf 08 -0.706 -0.209  0.736 1
0288 pf 09 -0.147  0.360  0.389 7
0288 pf 10  1.025  0.314  1.072 5
0312 em 00  0.386  0.071  0.392 5
0312 cf 00  0.341  0.030  0.342 5
0312 pf 01  1.097  0.481  1.198 5
0312 pf 02  0.729 -0.119  0.738 4
0312 pf 03  0.219  0.514  0.559 6
0312 pf 04  0.974  0.066  0.977 5
0312 pf 05  0.196 -0.213  0.289 3
0312 pf 06  0.006 -0.082  0.082 3
0312 pf 07  0.296 -0.329  0.442 3
0312 pf 08 -0.520 -0.283  0.592 1
0312 pf 09 -0.304  0.343  0.458 7
0312 pf 10  1.273  0.367  1.325 5
0336 em 00  0.297 -0.017  0.297 4
0336 cf 00  0.335  0.061  0.340 5
0336 pf 01  1.088  0.231  1.112 5
0336 pf 02  0.618  0.023  0.619 5
0336 pf 03  0.169  0.500  0.528 6
0336 pf 04  0.741 -0.064  0.743 4
0336 pf 05  0.085 -0.485  0.492 3
0336 pf 06 -0.324  0.037  0.326 8
0336 pf 07  0.367 -0.644  0.741 3
0336 pf 08 -0.712 -0.321  0.781 1
0336 pf 09 -0.425  0.134  0.446 8
0336 pf 10  1.371  0.355  1.417 5
0360 em 00  0.238 -0.006  0.238 4
0360 cf 00  0.240 -0.009  0.241 4
0360 pf 01  1.086  0.376  1.149 5
0360 pf 02  0.647  0.180  0.671 5
0360 pf 03  0.175  0.470  0.502 6
0360 pf 04  0.284 -0.283  0.400 4
0360 pf 05  0.399 -0.200  0.446 4
0360 pf 06 -0.178  0.231  0.291 7
0360 pf 07  0.418 -0.761  0.869 3
0360 pf 08 -0.733 -0.260  0.778 1
0360 pf 09 -0.832 -0.226  0.862 1
0360 pf 10  1.146  0.421  1.221 5
0384 em 00  0.196 -0.000  0.196 4
0384 cf 00 -0.049  0.135  0.143 7
0384 pf 01  1.087  0.847  1.378 5
0384 pf 02  0.695 -0.135  0.708 4
0384 pf 03  0.110  0.270  0.291 6
0384 pf 04  0.010 -0.242  0.242 3
0384 pf 05  0.897 -0.103  0.903 4
0384 pf 06 -0.330  0.325  0.463 8
0384 pf 07  0.357 -0.825  0.899 3
0384 pf 08 -0.897 -0.457  1.006 1
0384 pf 09 -0.910 -0.255  0.945 1
0384 pf 10  1.193  0.446  1.274 5
0408 em 00  0.195 -0.022  0.197 4
0408 cf 00 -0.265  0.129  0.295 8
0408 pf 01  0.638  0.976  1.166 6
0408 pf 02  0.830 -0.271  0.873 4
0408 pf 03  0.079  0.268  0.280 6
0408 pf 04 -0.005 -0.184  0.184 2
0408 pf 05  1.378 -0.195  1.392 4
0408 pf 06 -0.328  0.533  0.626 7
0408 pf 07  0.291 -0.765  0.819 3
0408 pf 08 -0.886 -0.676  1.114 1
0408 pf 09 -0.821 -0.494  0.959 1
0408 pf 10  1.207  0.457  1.291 5
0432 em 00  0.254  0.025  0.255 5
0432 cf 00 -0.207  0.143  0.252 8
0432 pf 01  0.487  0.911  1.033 6
0432 pf 02  1.089 -0.200  1.107 4
0432 pf 03  0.003  0.178  0.178 6
0432 pf 04 -0.240 -0.270  0.361 2
0432 pf 05  1.502 -0.157  1.510 4
0432 pf 06 -0.435  0.708  0.831 7
0432 pf 07  0.547 -0.658  0.856 3
0432 pf 08 -0.912 -0.832  1.234 1
0432 pf 09 -0.545 -0.426  0.692 1
0432 pf 10  1.460  0.889  1.709 5
0456 em 00  0.256  0.002  0.256 5
0456 cf 00 -0.218  0.169  0.276 8
0456 pf 01  0.212  0.873  0.899 6
0456 pf 02  1.147 -0.366  1.204 4
0456 pf 03  0.205  0.360  0.414 6
0456 pf 04 -0.371 -0.580  0.688 2
0456 pf 05  1.232 -0.252  1.257 4
0456 pf 06 -0.512  0.718  0.882 7
0456 pf 07  0.702 -0.463  0.841 4
0456 pf 08 -0.443 -1.180  1.261 2
0456 pf 09 -0.772 -0.608  0.983 1
0456 pf 10  1.596  1.362  2.098 5
0480 em 00  0.275 -0.042  0.278 4
0480 cf 00 -0.440  0.018  0.440 8
0480 pf 01 -0.107  0.852  0.859 7
0480 pf 02  1.206 -0.271  1.236 4
0480 pf 03  0.364  0.224  0.428 5
0480 pf 04 -0.461 -0.629  0.780 2
0480 pf 05  1.010 -0.330  1.063 4
0480 pf 06 -0.471  0.636  0.792 7
0480 pf 07  1.150 -0.254  1.178 4
0480 pf 08 -0.469 -1.476  1.549 2
0480 pf 09 -0.585 -0.651  0.876 2
0480 pf 10  1.776  1.447  2.291 5
0504 em 00  0.317 -0.038  0.319 4
0504 cf 00 -0.501  0.082  0.508 8
0504 pf 01 -0.358  0.768  0.847 7
0504 pf 02  1.247 -0.392  1.307 4
0504 pf 03  0.554  0.373  0.668 5
0504 pf 04 -0.336 -0.575  0.667 2
0504 pf 05  1.049 -0.158  1.061 4
0504 pf 06 -0.453  0.345  0.569 8
0504 pf 07  1.307 -0.355  1.354 4
0504 pf 08 -0.340 -1.348  1.390 2
0504 pf 09 -0.511 -0.707  0.872 2
0504 pf 10  1.780  1.602  2.395 5
0528 em 00  0.376  0.044  0.378 5
0528 cf 00 -0.398  0.078  0.406 8
0528 pf 01 -0.460  0.722  0.856 7
0528 pf 02  1.180 -0.177  1.193 4
0528 pf 03  0.685  0.400  0.793 5
0528 pf 04  0.028 -0.705  0.705 3
0528 pf 05  1.095  0.322  1.141 5
0528 pf 06 -0.373  0.307  0.483 8
0528 pf 07  1.460 -0.521  1.551 4
0528 pf 08 -0.139 -0.782  0.794 2
0528 pf 09 -0.503 -0.684  0.849 2
0528 pf 10  1.504  1.591  2.190 6
0552 em 00  0.392  0.130  0.413 5
0552 cf 00 -0.262  0.042  0.265 8
0552 pf 01 -0.471  0.545  0.720 7
0552 pf 02  0.854 -0.074  0.857 4
0552 pf 03  0.745  0.513  0.905 5
0552 pf 04  0.135 -0.823  0.834 3
0552 pf 05  1.089  0.964  1.454 5
0552 pf 06 -0.628  0.327  0.709 8
0552 pf 07  1.820 -0.390  1.862 4
0552 pf 08  0.027 -0.715  0.715 3
0552 pf 09 -0.262 -0.286  0.388 2
0552 pf 10  1.218  1.423  1.873 6
0576 em 00  0.371  0.182  0.413 5
0576 cf 00 -0.013  0.072  0.073 7
0576 pf 01 -0.465  0.380  0.600 8
0576 pf 02  1.091  0.171  1.104 5
0576 pf 03  0.526  0.533  0.748 6
0576 pf 04 -0.233 -0.700  0.738 2
0576 pf 05  0.944  1.012  1.384 6
0576 pf 06 -0.628  0.099  0.636 8
0576 pf 07  2.141  0.003  2.141 5
0576 pf 08 -0.094 -0.383  0.394 2
0576 pf 09 -0.097 -0.191  0.215 2
0576 pf 10  0.846  1.127  1.409 6
0600 em 00  0.217  0.320  0.387 6
0600 cf 00  0.138  0.181  0.227 6
0600 pf 01 -0.712  0.091  0.718 8
0600 pf 02  1.080  0.679  1.276 5
0600 pf 03  0.101  0.706  0.713 6
0600 pf 04 -0.287 -0.449  0.533 2
0600 pf 05  0.517  1.006  1.131 6
0600 pf 06 -0.636  0.124  0.648 8
0600 pf 07  2.091  0.499  2.150 5
0600 pf 08 -0.394  0.028  0.395 8
0600 pf 09 -0.216 -0.367  0.425 2
0600 pf 10  0.620  1.145  1.303 6
0624 em 00  0.075  0.417  0.424 6
0624 cf 00  0.184  0.418  0.456 6
0624 pf 01 -0.852 -0.144  0.864 1
0624 pf 02  0.787  0.677  1.038 5
0624 pf 03 -0.237  0.681  0.721 7
0624 pf 04 -0.236 -0.086  0.251 1
0624 pf 05  0.190  1.370  1.383 6
0624 pf 06 -0.754  0.023  0.754 8
0624 pf 07  1.925  0.806  2.087 5
0624 pf 08 -0.257  0.244  0.355 8
0624 pf 09 -0.439 -0.464  0.639 2
0624 pf 10  0.418  1.191  1.262 6
0648 em 00  0.035  0.450  0.451 6
0648 cf 00  0.378  0.683  0.781 6
0648 pf 01 -0.674 -0.264  0.724 1
0648 pf 02  0.849  0.621  1.052 5
0648 pf 03 -0.735  0.441  0.857 8
0648 pf 04 -0.326 -0.033  0.327 1
0648 pf 05  0.249  1.717  1.735 6
0648 pf 06 -0.658 -0.078  0.662 1
0648 pf 07  1.918  1.264  2.297 5
0648 pf 08 -0.367 -0.171  0.405 1
0648 pf 09 -0.431 -0.414  0.598 1
0648 pf 10  0.080  1.270  1.273 6
0672 em 00 -0.047  0.471  0.473 7
0672 cf 00  0.410  0.656  0.773 6
0672 pf 01 -0.685 -0.085  0.690 1
0672 pf 02  0.897  0.452  1.004 5
0672 pf 03 -1.332  0.140  1.339 8
0672 pf 04 -0.347 -0.417  0.542 2
0672 pf 05  0.278  1.687  1.710 6
0672 pf 06 -0.530  0.170  0.557 8
0672 pf 07  1.630  1.899  2.503 6
0672 pf 08 -0.447  0.013  0.447 8
0672 pf 09 -0.320 -0.645  0.720 2
0672 pf 10 -0.157  1.351  1.361 7
0696 em 00 -0.191  0.546  0.578 7
0696 cf 00  0.371  0.600  0.705 6
0696 pf 01 -0.565  0.363  0.672 8
0696 pf 02  0.876  0.383  0.956 5
0696 pf 03 -2.012  0.077  2.014 8
0696 pf 04 -0.189 -0.456  0.494 2
0696 pf 05 -0.089  1.514  1.516 7
0696 pf 06 -0.643  0.377  0.745 8
0696 pf 07  1.211  2.178  2.492 6
0696 pf 08 -0.449  0.324  0.554 8
0696 pf 09 -0.191 -0.556  0.588 2
0696 pf 10 -0.507  1.192  1.295 7
0720 em 00 -0.243  0.613  0.659 7
0720 cf 00  0.456  0.661  0.803 6
0720 pf 01 -0.525  0.355  0.633 8
0720 pf 02  0.693  0.443  0.823 5
0720 pf 03 -2.201  0.126  2.204 8
0720 pf 04 -0.068 -0.543  0.548 2
0720 pf 05 -0.139  1.409  1.416 7
0720 pf 06 -0.429  0.610  0.745 7
0720 pf 07  0.709  2.283  2.391 6
0720 pf 08 -0.323  0.870  0.928 7
0720 pf 09 -0.225 -0.507  0.555 2
0720 pf 10 -0.709  0.980  1.209 7
0744 em 00 -0.351  0.652  0.741 7
0744 cf 00  0.336  0.778  0.848 6
0744 pf 01 -0.613  0.394  0.729 8
0744 pf 02  0.493  0.690  0.848 6
0744 pf 03 -2.058  0.154  2.064 8
0744 pf 04 -0.197 -0.411  0.456 2
0744 pf 05 -0.226  1.414  1.432 7
0744 pf 06 -0.282  0.500  0.574 7
0744 pf 07  0.301  2.020  2.043 6
0744 pf 08 -0.415  1.219  1.288 7
0744 pf 09 -0.528 -0.536  0.752 2
0744 pf 10 -0.746  0.861  1.139 7
0768 em 00 -0.476  0.582  0.752 7
0768 cf 00  0.206  0.797  0.823 6
0768 pf 01 -0.708  0.233  0.745 8
0768 pf 02  0.016  0.819  0.819 6
0768 pf 03 -1.932 -0.006  1.932 1
0768 pf 04 -0.458 -0.509  0.684 2
0768 pf 05 -0.525  1.493  1.583 7
0768 pf 06 -0.090  0.228  0.245 7
0768 pf 07  0.108  1.878  1.881 6
0768 pf 08 -0.454  1.155  1.241 7
0768 pf 09 -0.700 -0.489  0.854 1
0768 pf 10 -0.749  0.689  1.017 8
0792 em 00 -0.541  0.493  0.732 8
0792 cf 00 -0.054  0.723  0.726 7
0792 pf 01 -0.857 -0.103  0.864 1
0792 pf 02 -0.146  0.739  0.753 7
0792 pf 03 -1.728 -0.086  1.730 1
0792 pf 04 -0.608 -0.235  0.652 1
0792 pf 05 -0.925  1.622  1.867 7
0792 pf 06 -0.135 -0.003  0.135 1
0792 pf 07  0.148  1.569  1.576 6
0792 pf 08 -0.594  1.049  1.206 7
0792 pf 09 -0.595 -0.215  0.632 1
0792 pf 10 -0.485  0.217  0.531 8
0816 em 00 -0.526  0.415  0.670 8
0816 cf 00 -0.285  0.578  0.644 7
0816 pf 01 -0.964 -0.439  1.059 1
0816 pf 02 -0.201  0.925  0.947 7
0816 pf 03 -1.289 -0.239  1.311 1
0816 pf 04 -0.846 -0.268  0.887 1
0816 pf 05 -1.039  1.708  1.999 7
0816 pf 06 -0.119 -0.117  0.167 1
0816 pf 07  0.467  1.341  1.420 6
0816 pf 08 -0.764  1.051  1.300 7
0816 pf 09 -0.381  0.105  0.395 8
0816 pf 10 -0.398 -0.234  0.462 1
0840 em 00 -0.494  0.350  0.605 8
0840 cf 00 -0.324  0.551  0.639 7
0840 pf 01 -0.808 -0.635  1.028 1
0840 pf 02 -0.472  0.862  0.983 7
0840 pf 03 -0.829 -0.451  0.944 1
0840 pf 04 -0.949 -0.220  0.974 1
0840 pf 05 -1.405  1.737  2.234 7
0840 pf 06 -0.254 -0.380  0.457 2
0840 pf 07  1.072  1.342  1.718 6
0840 pf 08 -0.689  1.172  1.360 7
0840 pf 09 -0.448 -0.050  0.451 1
0840 pf 10 -0.335 -0.231  0.407 1
0864 em 00 -0.368  0.319  0.487 8
0864 cf 00 -0.270  0.583  0.642 7
0864 pf 01 -0.819 -0.961  1.263 2
0864 pf 02 -0.619  0.885  1.080 7
0864 pf 03 -0.579 -0.656  0.875 2
0864 pf 04 -0.837 -0.273  0.881 1
0864 pf 05 -1.642  1.489  2.216 8
0864 pf 06 -0.201 -0.590  0.624 2
0864 pf 07  1.406  1.580  2.115 6
0864 pf 08 -0.407  1.104  1.177 7
0864 pf 09 -0.278  0.142  0.313 8
0864 pf 10  0.181  0.042  0.186 5
0888 em 00 -0.232  0.195  0.303 8
0888 cf 00 -0.049  0.376  0.379 7
0888 pf 01 -0.819 -1.321  1.554 2
0888 pf 02 -0.599  0.958  1.130 7
0888 pf 03 -0.250 -0.890  0.924 2
0888 pf 04 -0.892 -0.303  0.942 1
0888 pf 05 -1.499  1.174  1.904 8
0888 pf 06  0.127 -0.589  0.602 3
0888 pf 07  1.518  1.543  2.165 6
0888 pf 08 -0.188  0.915  0.934 7
0888 pf 09 -0.155  0.201  0.254 7
0888 pf 10  0.219 -0.096  0.239 4
0912 em 00 -0.317  0.008  0.317 8
0912 cf 00 -0.098  0.123  0.158 7
0912 pf 01 -0.954 -1.404  1.697 2
0912 pf 02 -0.710  0.806  1.073 7
0912 pf 03 -0.321 -0.937  0.991 2
0912 pf 04 -0.880 -0.331  0.940 1
0912 pf 05 -1.593  0.841  1.801 8
0912 pf 06  0.048 -0.821  0.822 3
0912 pf 07  1.372  1.346  1.922 5
0912 pf 08 -0.714  0.611  0.939 8
0912 pf 09  0.118 -0.035  0.123 4
0912 pf 10  0.253 -0.255  0.359 3
0936 em 00 -0.405 -0.092  0.416 1
0936 cf 00 -0.217  0.039  0.221 8
0936 pf 01 -0.816 -1.299  1.534 2
0936 pf 02 -0.867  0.661  1.090 8
0936 pf 03 -0.325 -0.563  0.650 2
0936 pf 04 -0.892 -0.657  1.108 1
0936 pf 05 -1.857  0.522  1.929 8
0936 pf 06  0.327 -0.760  0.828 3
0936 pf 07  1.050  1.476  1.811 6
0936 pf 08 -0.988  0.158  1.001 8
0936 pf 09  0.259 -0.486  0.551 3
0936 pf 10 -0.089 -0.203  0.221 2
0960 em 00 -0.307 -0.118  0.329 1
0960 cf 00 -0.140  0.133  0.193 8
0960 pf 01 -0.776 -0.924  1.206 2
0960 pf 02 -0.843  0.790  1.155 8
0960 pf 03  0.169 -0.491  0.519 3
0960 pf 04 -0.833 -0.793  1.150 1
0960 pf 05 -1.748  0.498  1.818 8
0960 pf 06  0.708 -0.943  1.179 3
0960 pf 07  1.058  1.657  1.966 6
0960 pf 08 -1.090 -0.259  1.120 1
0960 pf 09  0.369 -0.661  0.757 3
0960 pf 10 -0.176 -0.339  0.382 2
0984 em 00 -0.251 -0.038  0.254 1
0984 cf 00  0.005  0.201  0.201 6
0984 pf 01 -0.818 -0.708  1.082 1
0984 pf 02 -0.882  0.970  1.311 7
0984 pf 03  0.452 -0.661  0.801 3
0984 pf 04 -0.549 -0.701  0.890 2
0984 pf 05 -1.375  0.353  1.419 8
0984 pf 06  1.155 -0.750  1.377 4
0984 pf 07  0.694  2.094  2.206 6
0984 pf 08 -1.409 -0.471  1.485 1
0984 pf 09  0.235 -0.367  0.436 3
0984 pf 10 -0.186 -0.400  0.441 2
1008 em 00 -0.171 -0.036  0.175 1
1008 cf 00  0.268  0.078  0.279 5
1008 pf 01 -0.867 -0.684  1.104 1
1008 pf 02 -0.845  0.941  1.265 7
1008 pf 03  0.615 -0.938  1.121 3
1008 pf 04 -0.292 -0.476  0.558 2
1008 pf 05 -1.048  0.159  1.060 8
1008 pf 06  1.152 -0.893  1.458 4
1008 pf 07  0.360  2.506  2.532 6
1008 pf 08 -1.339 -0.632  1.481 1
1008 pf 09  0.342 -0.167  0.380 4
1008 pf 10 -0.160 -0.302  0.342 2
1032 em 00 -0.222 -0.108  0.247 1
1032 cf 00  0.454 -0.003  0.454 4
1032 pf 01 -1.124 -0.835  1.400 1
1032 pf 02 -0.933  0.611  1.115 8
1032 pf 03  0.687 -1.073  1.274 3
1032 pf 04 -0.110 -0.475  0.487 2
1032 pf 05 -1.025 -0.135  1.034 1
1032 pf 06  1.147 -0.732  1.361 4
1032 pf 07 -0.356  2.708  2.731 7
1032 pf 08 -1.284 -0.856  1.543 1
1032 pf 09  0.362 -0.177  0.403 4
1032 pf 10 -0.167 -0.237  0.290 2
1056 em 00 -0.240 -0.103  0.261 1
1056 cf 00  0.614 -0.041  0.616 4
1056 pf 01 -0.998 -0.737  1.241 1
1056 pf 02 -1.038  0.418  1.119 8
1056 pf 03  1.091 -0.908  1.420 4
1056 pf 04 -0.019 -0.534  0.534 2
1056 pf 05 -0.972  0.005  0.972 8
1056 pf 06  1.182 -0.493  1.280 4
1056 pf 07 -1.180  2.486  2.751 7
1056 pf 08 -1.351 -1.361  1.917 2
1056 pf 09  0.511  0.057  0.514 5
1056 pf 10 -0.365 -0.065  0.370 1
1080 em 00 -0.219 -0.094  0.238 1
1080 cf 00  0.612  0.045  0.613 5
1080 pf 01 -0.821 -0.761  1.119 1
1080 pf 02 -1.187  0.296  1.223 8
1080 pf 03  1.800 -0.454  1.856 4
1080 pf 04 -0.138 -0.646  0.661 2
1080 pf 05 -0.915 -0.111  0.921 1
1080 pf 06  1.154 -0.117  1.160 4
1080 pf 07 -1.623  2.332  2.841 7
1080 pf 08 -1.328 -1.584  2.067 2
1080 pf 09  0.547  0.082  0.553 5
1080 pf 10 -0.403 -0.156  0.432 1
1104 em 00 -0.106 -0.011  0.107 1
1104 cf 00  0.689  0.370  0.782 5
1104 pf 01 -0.513 -0.570  0.767 2
1104 pf 02 -0.988  0.378  1.058 8
1104 pf 03  2.428 -0.062  2.429 4
1104 pf 04 -0.384 -0.802  0.889 2
1104 pf 05 -0.749 -0.139  0.762 1
1104 pf 06  1.247  0.313  1.285 5
1104 pf 07 -2.094  2.102  2.967 7
1104 pf 08 -1.065 -1.775  2.070 2
1104 pf 09  0.765  0.148  0.779 5
1104 pf 10 -0.401 -0.108  0.415 1
