ecmf prod rf 2008090300 20180903 11 046
0024 em 00  0.115 -0.667  0.677 3
0024 cf 00  0.065 -0.675  0.678 3
0024 pf 01  0.168 -0.673  0.693 3
0024 pf 02  0.136 -0.636  0.650 3
0024 pf 03  0.000 -0.726  0.726 2
0024 pf 04  0.107 -0.778  0.786 3
0024 pf 05  0.159 -0.593  0.614 3
0024 pf 06  0.261 -0.535  0.596 3
0024 pf 07  0.262 -0.554  0.613 3
0024 pf 08  0.074 -0.712  0.716 3
0024 pf 09  0.206 -0.614  0.648 3
0024 pf 10 -0.048 -0.640  0.642 2
0048 em 00  0.237 -0.613  0.658 3
0048 cf 00  0.260 -0.729  0.774 3
0048 pf 01  0.175 -0.681  0.703 3
0048 pf 02  0.249 -0.704  0.747 3
0048 pf 03  0.221 -0.776  0.807 3
0048 pf 04  0.236 -0.689  0.728 3
0048 pf 05  0.468 -0.431  0.636 4
0048 pf 06  0.163 -0.279  0.323 3
0048 pf 07  0.441 -0.518  0.680 3
0048 pf 08  0.214 -0.620  0.656 3
0048 pf 09  0.470 -0.387  0.609 4
0048 pf 10 -0.175 -0.739  0.760 2
0072 em 00  0.446 -0.629  0.771 3
0072 cf 00  0.516 -0.739  0.901 3
0072 pf 01  0.329 -0.936  0.992 3
0072 pf 02  0.566 -0.675  0.881 3
0072 pf 03  0.440 -0.744  0.864 3
0072 pf 04  0.728 -0.633  0.964 4
0072 pf 05  0.603 -0.612  0.859 3
0072 pf 06  0.160 -0.231  0.281 3
0072 pf 07  0.559 -0.441  0.712 4
0072 pf 08  0.646 -0.590  0.875 4
0072 pf 09  0.617 -0.324  0.697 4
0072 pf 10 -0.188 -0.799  0.821 2
0096 em 00  0.620 -0.324  0.699 4
0096 cf 00  0.740 -0.485  0.885 4
0096 pf 01  0.527 -0.600  0.799 3
0096 pf 02  0.778 -0.557  0.957 4
0096 pf 03  0.710 -0.490  0.863 4
0096 pf 04  0.821 -0.256  0.860 4
0096 pf 05  0.820 -0.471  0.945 4
0096 pf 06  0.341  0.234  0.414 5
0096 pf 07  0.748  0.111  0.757 5
0096 pf 08  0.806 -0.193  0.829 4
0096 pf 09  0.679  0.046  0.680 5
0096 pf 10 -0.138 -0.733  0.746 2
0120 em 00  0.644 -0.055  0.647 4
0120 cf 00  0.799 -0.261  0.841 4
0120 pf 01  0.496 -0.440  0.663 4
0120 pf 02  0.776 -0.399  0.873 4
0120 pf 03  0.766 -0.181  0.787 4
0120 pf 04  0.692 -0.188  0.717 4
0120 pf 05  0.759 -0.292  0.813 4
0120 pf 06  0.197  0.508  0.545 6
0120 pf 07  0.869  0.544  1.025 5
0120 pf 08  0.953  0.175  0.969 5
0120 pf 09  0.724  0.547  0.907 5
0120 pf 10  0.057 -0.486  0.489 3
0144 em 00  0.491  0.037  0.493 5
0144 cf 00  0.741 -0.118  0.750 4
0144 pf 01  0.400 -0.350  0.532 4
0144 pf 02  0.605 -0.278  0.665 4
0144 pf 03  0.527 -0.058  0.531 4
0144 pf 04  0.609 -0.286  0.673 4
0144 pf 05  0.775 -0.179  0.796 4
0144 pf 06 -0.065  0.473  0.477 7
0144 pf 07  0.298  0.736  0.794 6
0144 pf 08  0.955  0.425  1.045 5
0144 pf 09  0.582  0.711  0.918 6
0144 pf 10 -0.024 -0.530  0.530 2
0168 em 00  0.329  0.138  0.357 5
0168 cf 00  0.483 -0.009  0.483 4
0168 pf 01  0.597 -0.267  0.654 4
0168 pf 02  0.423 -0.206  0.470 4
0168 pf 03  0.668  0.202  0.697 5
0168 pf 04  0.473 -0.195  0.512 4
0168 pf 05  0.605  0.009  0.605 5
0168 pf 06 -0.234  0.438  0.496 7
0168 pf 07 -0.334  0.762  0.832 7
0168 pf 08  0.676  0.814  1.058 6
0168 pf 09  0.592  0.733  0.942 6
0168 pf 10 -0.321 -0.651  0.725 2
0192 em 00  0.251  0.200  0.321 5
0192 cf 00  0.198 -0.019  0.199 4
0192 pf 01  0.660 -0.220  0.696 4
0192 pf 02  0.119 -0.098  0.154 4
0192 pf 03  0.680  0.449  0.815 5
0192 pf 04  0.401 -0.287  0.493 4
0192 pf 05  0.694 -0.106  0.702 4
0192 pf 06 -0.308  0.610  0.683 7
0192 pf 07 -0.539  0.651  0.845 7
0192 pf 08  0.547  0.897  1.051 6
0192 pf 09  0.692  0.938  1.165 6
0192 pf 10 -0.383 -0.518  0.644 2
0216 em 00  0.275  0.253  0.374 5
0216 cf 00  0.056 -0.030  0.064 4
0216 pf 01  0.658 -0.140  0.673 4
0216 pf 02  0.147  0.098  0.176 5
0216 pf 03  0.589  0.392  0.708 5
0216 pf 04  0.649 -0.183  0.675 4
0216 pf 05  0.877 -0.090  0.882 4
0216 pf 06 -0.324  0.597  0.679 7
0216 pf 07 -0.668  0.682  0.955 7
0216 pf 08  0.418  1.026  1.108 6
0216 pf 09  0.792  0.967  1.250 6
0216 pf 10 -0.176 -0.459  0.491 2
0240 em 00  0.339  0.192  0.390 5
0240 cf 00  0.198 -0.171  0.262 4
0240 pf 01  0.366 -0.149  0.395 4
0240 pf 02  0.143  0.152  0.209 6
0240 pf 03  0.699  0.326  0.771 5
0240 pf 04  1.041 -0.243  1.069 4
0240 pf 05  0.983 -0.431  1.074 4
0240 pf 06 -0.385  0.796  0.884 7
0240 pf 07 -0.686  0.633  0.933 8
0240 pf 08  0.255  0.836  0.874 6
0240 pf 09  1.097  0.916  1.429 5
0240 pf 10 -0.033 -0.466  0.467 2
0264 em 00  0.553  0.151  0.573 5
0264 cf 00  0.453 -0.336  0.564 4
0264 pf 01  0.399 -0.061  0.404 4
0264 pf 02  0.421  0.261  0.495 5
0264 pf 03  0.677  0.169  0.698 5
0264 pf 04  1.433 -0.320  1.469 4
0264 pf 05  1.188 -0.327  1.232 4
0264 pf 06 -0.329  0.718  0.790 7
0264 pf 07 -0.612  0.600  0.857 8
0264 pf 08  0.386  0.716  0.814 6
0264 pf 09  1.616  0.748  1.781 5
0264 pf 10  0.364 -0.412  0.549 3
0288 em 00  0.834  0.239  0.867 5
0288 cf 00  0.926 -0.336  0.985 4
0288 pf 01  0.840  0.076  0.843 5
0288 pf 02  0.568  0.225  0.610 5
0288 pf 03  0.877  0.330  0.937 5
0288 pf 04  1.697 -0.265  1.718 4
0288 pf 05  1.515 -0.153  1.523 4
0288 pf 06 -0.395  1.021  1.095 7
0288 pf 07 -0.449  0.715  0.844 7
0288 pf 08  0.765  0.893  1.175 6
0288 pf 09  1.719  0.587  1.817 5
0288 pf 10  1.002 -0.357  1.064 4
0312 em 00  0.987  0.350  1.047 5
0312 cf 00  1.404 -0.264  1.429 4
0312 pf 01  1.312 -0.019  1.312 4
0312 pf 02  0.385  0.009  0.386 5
0312 pf 03  0.900  0.459  1.010 5
0312 pf 04  1.944  0.126  1.948 5
0312 pf 05  1.639  0.028  1.639 5
0312 pf 06 -0.451  1.101  1.190 7
0312 pf 07 -0.304  0.993  1.038 7
0312 pf 08  0.947  1.102  1.453 6
0312 pf 09  1.731  0.653  1.850 5
0312 pf 10  1.217 -0.217  1.236 4
0336 em 00  1.052  0.396  1.124 5
0336 cf 00  1.711 -0.199  1.723 4
0336 pf 01  1.657 -0.085  1.659 4
0336 pf 02  0.302  0.032  0.303 5
0336 pf 03  0.660  0.579  0.878 5
0336 pf 04  2.115  0.383  2.149 5
0336 pf 05  1.775  0.324  1.804 5
0336 pf 06 -0.237  0.843  0.875 7
0336 pf 07 -0.352  1.064  1.121 7
0336 pf 08  0.875  0.916  1.267 6
0336 pf 09  1.666  0.652  1.789 5
0336 pf 10  1.268 -0.058  1.269 4
0360 em 00  1.118  0.478  1.215 5
0360 cf 00  1.873 -0.030  1.873 4
0360 pf 01  1.778  0.112  1.782 5
0360 pf 02  0.403 -0.046  0.405 4
0360 pf 03  0.669  0.495  0.832 5
0360 pf 04  2.169  0.609  2.253 5
0360 pf 05  1.821  0.739  1.965 5
0360 pf 06 -0.317  0.520  0.609 7
0360 pf 07 -0.232  1.130  1.154 7
0360 pf 08  0.775  1.040  1.297 6
0360 pf 09  1.841  0.602  1.937 5
0360 pf 10  1.335  0.158  1.344 5
0384 em 00  1.074  0.489  1.180 5
0384 cf 00  1.973  0.407  2.015 5
0384 pf 01  1.690  0.263  1.710 5
0384 pf 02  0.143 -0.389  0.414 3
0384 pf 03  0.800  0.459  0.923 5
0384 pf 04  2.277  0.667  2.372 5
0384 pf 05  1.610  0.835  1.814 5
0384 pf 06 -0.452  0.401  0.604 8
0384 pf 07 -0.345  0.976  1.035 7
0384 pf 08  0.756  1.135  1.364 6
0384 pf 09  1.805  0.656  1.921 5
0384 pf 10  1.358  0.051  1.359 5
0408 em 00  1.016  0.463  1.117 5
0408 cf 00  2.110  0.546  2.179 5
0408 pf 01  1.818  0.366  1.854 5
0408 pf 02  0.167 -0.698  0.718 3
0408 pf 03  0.894  0.100  0.899 5
0408 pf 04  2.240  0.844  2.394 5
0408 pf 05  1.559  0.896  1.798 5
0408 pf 06 -0.690  0.279  0.744 8
0408 pf 07 -0.581  0.674  0.890 7
0408 pf 08  0.552  1.207  1.327 6
0408 pf 09  1.737  1.006  2.008 5
0408 pf 10  1.156 -0.059  1.157 4
0432 em 00  0.835  0.430  0.939 5
0432 cf 00  2.036  0.335  2.064 5
0432 pf 01  1.245  0.159  1.255 5
0432 pf 02  0.207 -0.776  0.803 3
0432 pf 03  0.867 -0.166  0.882 4
0432 pf 04  2.348  1.038  2.567 5
0432 pf 05  1.062  1.103  1.531 6
0432 pf 06 -0.889  0.157  0.903 8
0432 pf 07 -0.592  0.511  0.782 8
0432 pf 08  0.313  1.106  1.149 6
0432 pf 09  1.462  1.387  2.015 5
0432 pf 10  0.919 -0.091  0.923 4
0456 em 00  0.746  0.341  0.820 5
0456 cf 00  1.698  0.217  1.712 5
0456 pf 01  0.806 -0.028  0.807 4
0456 pf 02  0.254 -0.671  0.718 3
0456 pf 03  1.187 -0.149  1.196 4
0456 pf 04  2.098  1.150  2.393 5
0456 pf 05  0.939  1.032  1.395 6
0456 pf 06 -0.641 -0.026  0.642 1
0456 pf 07 -0.315  0.438  0.539 7
0456 pf 08 -0.147  0.678  0.694 7
0456 pf 09  1.235  1.349  1.829 6
0456 pf 10  0.890 -0.236  0.920 4
0480 em 00  0.678  0.257  0.725 5
0480 cf 00  1.330  0.087  1.332 5
0480 pf 01  0.576  0.043  0.578 5
0480 pf 02  0.521 -0.593  0.789 3
0480 pf 03  1.406 -0.252  1.428 4
0480 pf 04  1.517  1.207  1.939 5
0480 pf 05  0.724  0.761  1.050 6
0480 pf 06 -0.331 -0.290  0.440 1
0480 pf 07  0.143  0.471  0.492 6
0480 pf 08 -0.135  0.538  0.555 7
0480 pf 09  0.643  1.146  1.314 6
0480 pf 10  0.878 -0.307  0.930 4
0504 em 00  0.684  0.197  0.712 5
0504 cf 00  1.070 -0.007  1.070 4
0504 pf 01  0.644  0.144  0.660 5
0504 pf 02  0.956 -0.672  1.169 4
0504 pf 03  1.669 -0.308  1.697 4
0504 pf 04  1.106  1.148  1.594 6
0504 pf 05  0.774  0.465  0.903 5
0504 pf 06 -0.277 -0.376  0.467 2
0504 pf 07  0.461  0.566  0.730 6
0504 pf 08 -0.277  0.325  0.427 7
0504 pf 09  0.284  1.079  1.116 6
0504 pf 10  0.948 -0.216  0.972 4
0528 em 00  0.667  0.219  0.702 5
0528 cf 00  1.036 -0.042  1.037 4
0528 pf 01  0.775  0.165  0.792 5
0528 pf 02  1.047 -0.668  1.241 4
0528 pf 03  1.824  0.047  1.825 5
0528 pf 04  0.926  1.253  1.558 6
0528 pf 05  0.394  0.264  0.475 5
0528 pf 06 -0.193 -0.281  0.341 2
0528 pf 07  0.554  0.532  0.768 5
0528 pf 08 -0.383  0.194  0.429 8
0528 pf 09  0.152  1.100  1.111 6
0528 pf 10  1.084 -0.168  1.097 4
0552 em 00  0.740  0.281  0.792 5
0552 cf 00  1.031 -0.086  1.034 4
0552 pf 01  0.877  0.141  0.888 5
0552 pf 02  1.056 -0.538  1.185 4
0552 pf 03  1.886  0.014  1.886 5
0552 pf 04  1.057  1.409  1.762 6
0552 pf 05  0.014  0.474  0.474 6
0552 pf 06  0.289 -0.041  0.291 4
0552 pf 07  0.732  0.626  0.963 5
0552 pf 08 -0.601 -0.256  0.654 1
0552 pf 09  0.434  1.269  1.341 6
0552 pf 10  1.263  0.067  1.265 5
0576 em 00  0.828  0.321  0.888 5
0576 cf 00  0.979 -0.074  0.982 4
0576 pf 01  0.900  0.308  0.951 5
0576 pf 02  1.354 -0.701  1.524 4
0576 pf 03  2.176  0.054  2.177 5
0576 pf 04  1.043  1.273  1.645 6
0576 pf 05  0.198  0.637  0.667 6
0576 pf 06  0.727  0.030  0.728 5
0576 pf 07  0.770  0.803  1.113 6
0576 pf 08 -0.536 -0.592  0.798 2
0576 pf 09  0.178  1.485  1.496 6
0576 pf 10  1.226  0.300  1.262 5
0600 em 00  0.860  0.275  0.903 5
0600 cf 00  1.006 -0.106  1.012 4
0600 pf 01  0.560  0.221  0.602 5
0600 pf 02  1.820 -0.658  1.935 4
0600 pf 03  1.841  0.060  1.842 5
0600 pf 04  0.923  1.147  1.473 6
0600 pf 05  0.252  0.577  0.630 6
0600 pf 06  1.425  0.129  1.431 5
0600 pf 07  1.012  0.575  1.164 5
0600 pf 08 -0.422 -0.921  1.014 2
0600 pf 09 -0.358  1.440  1.483 7
0600 pf 10  1.293  0.563  1.411 5
0624 em 00  0.737  0.255  0.780 5
0624 cf 00  0.997 -0.123  1.005 4
0624 pf 01  0.483  0.205  0.525 5
0624 pf 02  1.758 -0.724  1.901 4
0624 pf 03  1.323  0.370  1.374 5
0624 pf 04  0.779  1.210  1.440 6
0624 pf 05  0.116  0.475  0.489 6
0624 pf 06  1.616  0.242  1.634 5
0624 pf 07  1.158  0.445  1.241 5
0624 pf 08 -0.503 -1.345  1.436 2
0624 pf 09 -0.917  1.364  1.643 7
0624 pf 10  1.189  0.686  1.373 5
0648 em 00  0.595  0.247  0.644 5
0648 cf 00  0.839 -0.096  0.844 4
0648 pf 01  0.082  0.001  0.082 5
0648 pf 02  1.517 -0.779  1.705 4
0648 pf 03  1.325  0.596  1.453 5
0648 pf 04  0.624  1.285  1.428 6
0648 pf 05  0.007  0.571  0.571 6
0648 pf 06  1.722  0.587  1.820 5
0648 pf 07  0.936  0.221  0.962 5
0648 pf 08 -0.590 -1.804  1.898 2
0648 pf 09 -1.245  1.179  1.715 8
0648 pf 10  1.227  0.939  1.545 5
0672 em 00  0.533  0.278  0.602 5
0672 cf 00  0.540  0.068  0.544 5
0672 pf 01 -0.050 -0.214  0.220 2
0672 pf 02  1.259 -0.692  1.437 4
0672 pf 03  1.387  0.828  1.616 5
0672 pf 04  0.208  1.389  1.404 6
0672 pf 05  0.168  0.497  0.525 6
0672 pf 06  1.654  0.600  1.759 5
0672 pf 07  1.072  0.304  1.115 5
0672 pf 08 -0.743 -1.706  1.861 2
0672 pf 09 -1.123  0.776  1.366 8
0672 pf 10  1.419  1.156  1.830 5
0696 em 00  0.432  0.268  0.508 5
0696 cf 00  0.339  0.176  0.382 5
0696 pf 01 -0.197 -0.295  0.354 2
0696 pf 02  1.304 -0.678  1.470 4
0696 pf 03  1.108  0.687  1.304 5
0696 pf 04 -0.430  1.202  1.277 7
0696 pf 05  0.271  0.478  0.549 6
0696 pf 06  1.756  0.920  1.982 5
0696 pf 07  1.496  0.496  1.576 5
0696 pf 08 -0.837 -1.927  2.101 2
0696 pf 09 -1.432  0.311  1.466 8
0696 pf 10  1.301  1.507  1.991 6
0720 em 00  0.253  0.291  0.386 6
0720 cf 00 -0.036  0.361  0.363 7
0720 pf 01 -0.374 -0.264  0.458 1
0720 pf 02  1.121 -0.902  1.439 4
0720 pf 03  0.720  0.465  0.857 5
0720 pf 04 -1.026  0.980  1.419 8
0720 pf 05  0.069  0.382  0.388 6
0720 pf 06  1.995  1.257  2.358 5
0720 pf 07  1.561  0.659  1.694 5
0720 pf 08 -0.611 -1.965  2.058 2
0720 pf 09 -1.624  0.282  1.648 8
0720 pf 10  0.951  1.861  2.090 6
0744 em 00  0.139  0.222  0.262 6
0744 cf 00 -0.412  0.433  0.598 7
0744 pf 01 -0.267 -0.299  0.401 2
0744 pf 02  1.131 -0.856  1.418 4
0744 pf 03  0.260  0.019  0.261 5
0744 pf 04 -1.292  0.789  1.514 8
0744 pf 05  0.046  0.376  0.379 6
0744 pf 06  2.246  1.431  2.663 5
0744 pf 07  1.495  0.608  1.614 5
0744 pf 08 -0.524 -2.066  2.132 2
0744 pf 09 -1.755  0.272  1.776 8
0744 pf 10  0.609  1.659  1.767 6
0768 em 00  0.025  0.188  0.190 6
0768 cf 00 -0.869  0.479  0.992 8
0768 pf 01 -0.400  0.085  0.409 8
0768 pf 02  0.603 -0.694  0.919 3
0768 pf 03  0.253 -0.383  0.459 3
0768 pf 04 -1.194  0.847  1.464 8
0768 pf 05 -0.087  0.417  0.426 7
0768 pf 06  2.061  1.511  2.556 5
0768 pf 07  1.502  0.724  1.667 5
0768 pf 08 -0.233 -2.216  2.228 2
0768 pf 09 -1.586  0.056  1.587 8
0768 pf 10  0.274  1.166  1.198 6
0792 em 00 -0.007  0.144  0.144 7
0792 cf 00 -1.066  0.515  1.184 8
0792 pf 01 -0.354  0.269  0.444 8
0792 pf 02  0.343 -0.572  0.667 3
0792 pf 03  0.226 -0.514  0.562 3
0792 pf 04 -1.230  0.622  1.379 8
0792 pf 05  0.027  0.344  0.346 6
0792 pf 06  1.808  1.773  2.532 5
0792 pf 07  1.274  0.636  1.424 5
0792 pf 08  0.306 -2.115  2.137 3
0792 pf 09 -1.357 -0.317  1.394 1
0792 pf 10  0.004  0.874  0.874 6
0816 em 00 -0.040  0.084  0.093 7
0816 cf 00 -1.180  0.437  1.258 8
0816 pf 01 -0.503  0.186  0.536 8
0816 pf 02  0.163 -0.690  0.709 3
0816 pf 03  0.284 -0.416  0.504 3
0816 pf 04 -1.161  0.455  1.247 8
0816 pf 05  0.269  0.452  0.526 6
0816 pf 06  1.463  1.900  2.398 6
0816 pf 07  1.131  0.380  1.193 5
0816 pf 08  0.738 -1.871  2.011 3
0816 pf 09 -1.108 -0.680  1.300 1
0816 pf 10 -0.447  0.725  0.851 7
0840 em 00 -0.022  0.110  0.112 7
0840 cf 00 -1.225  0.278  1.256 8
0840 pf 01 -0.603  0.059  0.606 8
0840 pf 02 -0.221 -0.981  1.006 2
0840 pf 03  0.478 -0.229  0.530 4
0840 pf 04 -0.974  0.266  1.010 8
0840 pf 05  0.407  0.563  0.695 6
0840 pf 06  1.426  2.046  2.493 6
0840 pf 07  0.809  0.440  0.922 5
0840 pf 08  0.845 -1.418  1.651 3
0840 pf 09 -0.664 -0.599  0.894 1
0840 pf 10 -0.456  0.735  0.865 7
0864 em 00  0.054  0.089  0.104 6
0864 cf 00 -1.032  0.191  1.050 8
0864 pf 01 -0.995 -0.226  1.020 1
0864 pf 02 -0.413 -1.471  1.528 2
0864 pf 03  0.876  0.021  0.877 5
0864 pf 04 -0.746  0.287  0.799 8
0864 pf 05  0.490  0.540  0.729 6
0864 pf 06  1.112  2.047  2.329 6
0864 pf 07  0.475  0.246  0.535 5
0864 pf 08  1.171 -1.059  1.579 4
0864 pf 09 -0.179 -0.402  0.440 2
0864 pf 10 -0.099  0.774  0.781 7
0888 em 00  0.121 -0.007  0.121 4
0888 cf 00 -0.773 -0.011  0.773 1
0888 pf 01 -1.187 -0.491  1.284 1
0888 pf 02  0.028 -1.766  1.766 3
0888 pf 03  1.047  0.254  1.077 5
0888 pf 04 -0.795  0.226  0.827 8
0888 pf 05  0.631  0.381  0.737 5
0888 pf 06  0.779  2.117  2.256 6
0888 pf 07  0.344  0.043  0.346 5
0888 pf 08  1.434 -1.066  1.787 4
0888 pf 09  0.036 -0.387  0.389 3
0888 pf 10 -0.128  0.622  0.635 7
0912 em 00  0.184 -0.058  0.193 4
0912 cf 00 -0.638 -0.251  0.685 1
0912 pf 01 -0.863 -0.573  1.036 1
0912 pf 02  0.524 -1.507  1.595 3
0912 pf 03  0.940  0.235  0.969 5
0912 pf 04 -0.754  0.142  0.767 8
0912 pf 05  0.739  0.305  0.799 5
0912 pf 06  0.594  2.046  2.131 6
0912 pf 07  0.374 -0.326  0.497 4
0912 pf 08  1.507 -0.941  1.776 4
0912 pf 09  0.067 -0.349  0.355 3
0912 pf 10 -0.373  0.602  0.708 7
0936 em 00  0.166 -0.068  0.179 4
0936 cf 00 -0.574 -0.284  0.640 1
0936 pf 01 -0.683 -0.493  0.842 1
0936 pf 02  0.901 -1.322  1.600 3
0936 pf 03  0.867  0.477  0.989 5
0936 pf 04 -0.699 -0.087  0.704 1
0936 pf 05  0.727  0.152  0.742 5
0936 pf 06  0.144  1.873  1.878 6
0936 pf 07  0.464 -0.326  0.567 4
0936 pf 08  1.417 -0.791  1.623 4
0936 pf 09 -0.093 -0.555  0.563 2
0936 pf 10 -0.551  0.637  0.843 7
0960 em 00  0.254 -0.011  0.254 4
0960 cf 00 -0.455 -0.180  0.489 1
0960 pf 01 -0.141 -0.502  0.522 2
0960 pf 02  1.272 -0.955  1.591 4
0960 pf 03  0.596  0.734  0.946 6
0960 pf 04 -0.644 -0.494  0.812 1
0960 pf 05  0.977  0.241  1.006 5
0960 pf 06 -0.245  1.796  1.812 7
0960 pf 07  0.669 -0.101  0.676 4
0960 pf 08  1.373 -0.497  1.460 4
0960 pf 09  0.059 -0.772  0.774 3
0960 pf 10 -0.581  0.652  0.873 7
0984 em 00  0.311  0.030  0.313 5
0984 cf 00 -0.363 -0.149  0.393 1
0984 pf 01  0.203 -0.563  0.599 3
0984 pf 02  1.486 -0.642  1.618 4
0984 pf 03  0.286  0.705  0.761 6
0984 pf 04 -0.405 -0.600  0.724 2
0984 pf 05  1.179  0.662  1.352 5
0984 pf 06 -0.606  1.449  1.571 7
0984 pf 07  0.788 -0.065  0.790 4
0984 pf 08  1.233 -0.025  1.233 4
0984 pf 09  0.297 -0.947  0.992 3
0984 pf 10 -0.600  0.553  0.816 8
1008 em 00  0.303  0.029  0.304 5
1008 cf 00 -0.320 -0.194  0.374 1
1008 pf 01  0.560 -0.533  0.773 4
1008 pf 02  1.852 -0.359  1.887 4
1008 pf 03  0.121  0.516  0.530 6
1008 pf 04 -0.251 -0.512  0.571 2
1008 pf 05  0.931  0.751  1.196 5
1008 pf 06 -0.968  1.112  1.475 7
1008 pf 07  0.845  0.113  0.852 5
1008 pf 08  1.040  0.176  1.055 5
1008 pf 09  0.324 -1.013  1.064 3
1008 pf 10 -0.745  0.353  0.825 8
1032 em 00  0.308  0.109  0.327 5
1032 cf 00 -0.316 -0.152  0.351 1
1032 pf 01  0.964 -0.483  1.078 4
1032 pf 02  1.838  0.139  1.843 5
1032 pf 03  0.161  0.421  0.451 6
1032 pf 04 -0.305 -0.483  0.571 2
1032 pf 05  0.635  0.944  1.138 6
1032 pf 06 -1.241  1.008  1.599 8
1032 pf 07  0.781  0.248  0.820 5
1032 pf 08  0.803  0.124  0.812 5
1032 pf 09  0.624 -0.785  1.003 3
1032 pf 10 -0.525  0.331  0.621 8
1056 em 00  0.246  0.163  0.295 5
1056 cf 00 -0.342 -0.075  0.350 1
1056 pf 01  0.977 -0.575  1.134 4
1056 pf 02  1.679  0.559  1.770 5
1056 pf 03  0.273  0.223  0.353 5
1056 pf 04 -0.457 -0.564  0.726 2
1056 pf 05  0.339  1.261  1.306 6
1056 pf 06 -1.533  0.909  1.782 8
1056 pf 07  0.859  0.271  0.901 5
1056 pf 08  0.541  0.013  0.541 5
1056 pf 09  0.965 -0.692  1.187 4
1056 pf 10 -0.576  0.565  0.807 8
1080 em 00  0.191  0.178  0.261 5
1080 cf 00 -0.284 -0.094  0.299 1
1080 pf 01  1.357 -0.491  1.443 4
1080 pf 02  1.786  0.568  1.874 5
1080 pf 03  0.307  0.276  0.413 5
1080 pf 04 -0.767 -0.855  1.149 2
1080 pf 05 -0.346  1.311  1.356 7
1080 pf 06 -1.377  0.982  1.691 8
1080 pf 07  0.842  0.424  0.943 5
1080 pf 08  0.402 -0.128  0.422 4
1080 pf 09  1.006 -0.627  1.185 4
1080 pf 10 -0.786  0.681  1.040 8
1104 em 00  0.232  0.191  0.301 5
1104 cf 00 -0.015  0.021  0.026 7
1104 pf 01  1.642 -0.221  1.656 4
1104 pf 02  1.626  0.738  1.786 5
1104 pf 03  0.562  0.258  0.618 5
1104 pf 04 -0.441 -1.194  1.273 2
1104 pf 05 -0.575  1.140  1.277 7
1104 pf 06 -1.467  0.969  1.758 8
1104 pf 07  0.540  0.286  0.611 5
1104 pf 08  0.745 -0.315  0.809 4
1104 pf 09  1.118 -0.214  1.139 4
1104 pf 10 -1.171  0.720  1.375 8
