ecmf prod rf 2021020100 20240201 11 046
0024 em 00  0.089  1.410  1.413 6
0024 cf 00  0.028  1.390  1.391 6
0024 pf 01  0.190  1.387  1.400 6
0024 pf 02  0.129  1.488  1.494 6
0024 pf 03  0.060  1.408  1.409 6
0024 pf 04  0.101  1.388  1.392 6
0024 pf 05  0.071  1.378  1.380 6
0024 pf 06  0.232  1.267  1.288 6
0024 pf 07  0.138  1.430  1.436 6
0024 pf 08 -0.031  1.390  1.390 7
0024 pf 09  0.004  1.314  1.314 6
0024 pf 10  0.017  1.509  1.509 6
0048 em 00  0.013  1.133  1.133 6
0048 cf 00 -0.041  1.084  1.085 7
0048 pf 01 -0.084  1.118  1.121 7
0048 pf 02  0.067  1.299  1.301 6
0048 pf 03 -0.083  1.108  1.111 7
0048 pf 04  0.080  1.138  1.141 6
0048 pf 05  0.111  1.243  1.248 6
0048 pf 06  0.322  0.903  0.959 6
0048 pf 07 -0.021  1.216  1.216 7
0048 pf 08  0.001  1.024  1.024 6
0048 pf 09 -0.073  0.987  0.990 7
0048 pf 10 -0.163  1.192  1.203 7
0072 em 00 -0.127  0.779  0.790 7
0072 cf 00 -0.165  0.680  0.699 7
0072 pf 01 -0.164  0.814  0.830 7
0072 pf 02 -0.284  0.899  0.942 7
0072 pf 03 -0.211  0.703  0.734 7
0072 pf 04  0.117  0.918  0.926 6
0072 pf 05 -0.240  0.932  0.963 7
0072 pf 06  0.340  0.744  0.818 6
0072 pf 07 -0.309  0.644  0.715 7
0072 pf 08 -0.080  0.763  0.767 7
0072 pf 09 -0.211  0.612  0.648 7
0072 pf 10 -0.206  0.742  0.770 7
0096 em 00 -0.296  0.790  0.844 7
0096 cf 00 -0.314  0.687  0.756 7
0096 pf 01 -0.248  0.717  0.759 7
0096 pf 02 -0.593  1.042  1.199 7
0096 pf 03 -0.350  0.655  0.742 7
0096 pf 04  0.247  1.008  1.038 6
0096 pf 05 -0.288  1.064  1.103 7
0096 pf 06 -0.122  0.763  0.773 7
0096 pf 07 -0.434  0.327  0.543 8
0096 pf 08 -0.311  0.979  1.028 7
0096 pf 09 -0.621  0.765  0.985 7
0096 pf 10 -0.211  0.595  0.631 7
0120 em 00 -0.347  0.978  1.038 7
0120 cf 00 -0.351  0.854  0.923 7
0120 pf 01 -0.074  0.794  0.797 7
0120 pf 02 -0.942  1.148  1.485 7
0120 pf 03 -0.304  0.912  0.962 7
0120 pf 04  0.247  1.495  1.516 6
0120 pf 05 -0.409  0.937  1.022 7
0120 pf 06 -0.241  1.057  1.084 7
0120 pf 07 -0.528  0.301  0.608 8
0120 pf 08 -0.391  1.205  1.267 7
0120 pf 09 -0.661  1.074  1.261 7
0120 pf 10 -0.118  0.841  0.849 7
0144 em 00 -0.345  0.985  1.043 7
0144 cf 00 -0.374  0.825  0.906 7
0144 pf 01 -0.030  0.982  0.982 7
0144 pf 02 -1.131  0.838  1.408 8
0144 pf 03 -0.363  1.019  1.082 7
0144 pf 04  0.250  1.486  1.506 6
0144 pf 05 -0.396  0.842  0.930 7
0144 pf 06 -0.275  1.109  1.143 7
0144 pf 07 -0.384  0.510  0.638 7
0144 pf 08 -0.518  1.200  1.308 7
0144 pf 09 -0.472  0.903  1.019 7
0144 pf 10 -0.031  0.976  0.976 7
0168 em 00 -0.401  1.059  1.132 7
0168 cf 00 -0.441  0.873  0.978 7
0168 pf 01 -0.134  1.195  1.202 7
0168 pf 02 -1.193  0.717  1.391 8
0168 pf 03 -0.332  0.878  0.939 7
0168 pf 04  0.147  1.946  1.952 6
0168 pf 05 -0.318  0.811  0.872 7
0168 pf 06 -0.561  1.278  1.395 7
0168 pf 07 -0.242  0.484  0.542 7
0168 pf 08 -0.814  1.172  1.427 7
0168 pf 09 -0.418  0.863  0.959 7
0168 pf 10 -0.016  1.266  1.266 7
0192 em 00 -0.271  1.092  1.125 7
0192 cf 00 -0.281  1.012  1.050 7
0192 pf 01 -0.076  1.411  1.413 7
0192 pf 02 -0.964  0.678  1.179 8
0192 pf 03 -0.387  0.695  0.795 7
0192 pf 04  0.113  2.196  2.199 6
0192 pf 05  0.136  1.005  1.014 6
0192 pf 06 -0.608  1.372  1.501 7
0192 pf 07 -0.137  0.613  0.628 7
0192 pf 08 -0.762  1.048  1.295 7
0192 pf 09 -0.286  0.681  0.739 7
0192 pf 10  0.378  1.133  1.194 6
0216 em 00 -0.062  1.074  1.075 7
0216 cf 00  0.005  0.961  0.961 6
0216 pf 01  0.141  1.592  1.598 6
0216 pf 02 -0.789  0.634  1.012 8
0216 pf 03 -0.201  0.641  0.672 7
0216 pf 04  0.172  2.291  2.297 6
0216 pf 05  0.081  0.976  0.979 6
0216 pf 06 -0.484  1.212  1.305 7
0216 pf 07  0.123  0.708  0.719 6
0216 pf 08 -0.341  0.879  0.943 7
0216 pf 09 -0.160  0.618  0.638 7
0216 pf 10  0.861  1.119  1.411 6
0240 em 00  0.158  1.012  1.025 6
0240 cf 00  0.339  0.906  0.967 6
0240 pf 01  0.054  1.455  1.456 6
0240 pf 02 -0.674  0.545  0.867 8
0240 pf 03  0.205  0.639  0.671 6
0240 pf 04  0.423  2.552  2.586 6
0240 pf 05 -0.005  1.096  1.096 7
0240 pf 06 -0.251  0.997  1.028 7
0240 pf 07  0.529  0.554  0.766 6
0240 pf 08 -0.080  0.788  0.792 7
0240 pf 09  0.286  0.535  0.606 6
0240 pf 10  0.982  0.886  1.322 5
0264 em 00  0.275  1.056  1.092 6
0264 cf 00  0.393  0.747  0.844 6
0264 pf 01 -0.018  1.827  1.827 7
0264 pf 02 -0.432  0.648  0.778 7
0264 pf 03  0.461  0.653  0.800 6
0264 pf 04  0.408  2.563  2.595 6
0264 pf 05  0.059  1.027  1.029 6
0264 pf 06  0.087  0.829  0.834 6
0264 pf 07  0.367  0.254  0.447 5
0264 pf 08  0.587  1.068  1.218 6
0264 pf 09  0.517  0.708  0.876 6
0264 pf 10  0.687  1.116  1.310 6
0288 em 00  0.163  0.973  0.987 6
0288 cf 00  0.360  0.705  0.791 6
0288 pf 01 -0.286  1.672  1.696 7
0288 pf 02 -0.567  0.376  0.681 8
0288 pf 03  0.658  0.610  0.898 5
0288 pf 04 -0.282  2.372  2.389 7
0288 pf 05  0.279  0.807  0.854 6
0288 pf 06  0.249  1.205  1.230 6
0288 pf 07  0.336  0.048  0.339 5
0288 pf 08  0.529  0.900  1.044 6
0288 pf 09  0.491  0.540  0.730 6
0288 pf 10  0.175  1.329  1.340 6
0312 em 00  0.069  0.851  0.854 6
0312 cf 00  0.673  0.695  0.968 6
0312 pf 01 -0.610  1.183  1.331 7
0312 pf 02 -0.657  0.118  0.667 8
0312 pf 03  0.479  0.723  0.867 6
0312 pf 04 -0.616  1.940  2.036 7
0312 pf 05  0.203  0.608  0.641 6
0312 pf 06  0.211  1.466  1.481 6
0312 pf 07  0.544 -0.079  0.550 4
0312 pf 08  0.455  0.754  0.881 6
0312 pf 09  0.339  0.522  0.623 6
0312 pf 10 -0.086  1.348  1.351 7
0336 em 00  0.068  0.798  0.800 6
0336 cf 00  0.929  0.717  1.173 5
0336 pf 01 -0.481  0.903  1.023 7
0336 pf 02 -1.009  0.063  1.011 8
0336 pf 03  0.331  0.747  0.817 6
0336 pf 04 -0.737  1.708  1.860 7
0336 pf 05  0.000  0.671  0.671 7
0336 pf 06  0.148  1.331  1.339 6
0336 pf 07  0.997 -0.137  1.007 4
0336 pf 08  0.398  0.606  0.725 6
0336 pf 09  0.485  0.534  0.721 6
0336 pf 10 -0.152  1.577  1.584 7
0360 em 00  0.061  0.695  0.698 6
0360 cf 00  1.041  0.643  1.224 5
0360 pf 01 -0.347  0.981  1.041 7
0360 pf 02 -1.018 -0.126  1.026 1
0360 pf 03 -0.057  0.734  0.736 7
0360 pf 04 -0.840  1.180  1.448 7
0360 pf 05  0.043  0.808  0.809 6
0360 pf 06  0.323  1.199  1.241 6
0360 pf 07  1.086 -0.113  1.092 4
0360 pf 08  0.138  0.435  0.456 6
0360 pf 09  0.583  0.263  0.639 5
0360 pf 10 -0.128  1.621  1.626 7
0384 em 00  0.075  0.641  0.645 6
0384 cf 00  1.052  0.775  1.307 5
0384 pf 01 -0.547  0.879  1.035 7
0384 pf 02 -0.747 -0.262  0.791 1
0384 pf 03 -0.368  0.721  0.810 7
0384 pf 04 -0.710  0.790  1.062 7
0384 pf 05  0.242  0.557  0.608 6
0384 pf 06  0.254  1.119  1.148 6
0384 pf 07  1.220  0.351  1.269 5
0384 pf 08 -0.231  0.248  0.339 7
0384 pf 09  0.487  0.228  0.537 5
0384 pf 10  0.329  1.635  1.668 6
0408 em 00  0.106  0.657  0.665 6
0408 cf 00  0.981  0.946  1.363 5
0408 pf 01 -0.720  0.784  1.064 7
0408 pf 02 -0.256 -0.286  0.384 2
0408 pf 03 -0.295  0.720  0.778 7
0408 pf 04 -0.624  0.377  0.729 8
0408 pf 05  0.328  0.385  0.506 6
0408 pf 06  0.127  1.158  1.165 6
0408 pf 07  1.319  0.670  1.479 5
0408 pf 08 -0.349  0.555  0.655 7
0408 pf 09  0.268  0.224  0.350 5
0408 pf 10  0.524  1.685  1.765 6
0432 em 00  0.104  0.832  0.839 6
0432 cf 00  0.687  1.079  1.279 6
0432 pf 01 -0.922  0.953  1.326 7
0432 pf 02 -0.177 -0.384  0.423 2
0432 pf 03 -0.524  1.148  1.262 7
0432 pf 04 -0.200  0.174  0.265 8
0432 pf 05  0.478  0.514  0.702 6
0432 pf 06  0.177  1.377  1.389 6
0432 pf 07  1.572  1.278  2.026 5
0432 pf 08 -0.617  0.731  0.956 7
0432 pf 09  0.344  0.224  0.410 5
0432 pf 10  0.461  2.077  2.128 6
0456 em 00  0.120  0.978  0.986 6
0456 cf 00  0.760  1.083  1.323 6
0456 pf 01 -0.952  0.967  1.357 7
0456 pf 02  0.023 -0.233  0.234 3
0456 pf 03 -1.035  1.259  1.630 7
0456 pf 04  0.349  0.150  0.380 5
0456 pf 05  0.488  0.615  0.785 6
0456 pf 06 -0.075  1.602  1.603 7
0456 pf 07  1.403  1.594  2.124 6
0456 pf 08 -0.620  1.252  1.397 7
0456 pf 09  0.694  0.188  0.719 5
0456 pf 10  0.450  2.312  2.355 6
0480 em 00  0.061  1.141  1.142 6
0480 cf 00  0.737  1.234  1.437 6
0480 pf 01 -1.126  0.801  1.382 8
0480 pf 02  0.330 -0.300  0.446 4
0480 pf 03 -1.329  1.298  1.858 8
0480 pf 04  0.526  0.340  0.626 5
0480 pf 05  0.573  0.994  1.147 6
0480 pf 06 -0.448  1.785  1.840 7
0480 pf 07  1.163  2.006  2.319 6
0480 pf 08 -0.589  1.497  1.609 7
0480 pf 09  0.873  0.475  0.994 5
0480 pf 10  0.102  2.420  2.422 6
0504 em 00 -0.109  1.195  1.200 7
0504 cf 00  0.792  1.288  1.512 6
0504 pf 01 -0.996  1.027  1.431 7
0504 pf 02  0.564 -0.233  0.610 4
0504 pf 03 -1.317  1.236  1.806 8
0504 pf 04  0.482  0.680  0.833 6
0504 pf 05  0.388  1.295  1.351 6
0504 pf 06 -1.119  1.694  2.030 7
0504 pf 07  0.618  1.988  2.081 6
0504 pf 08 -0.660  1.404  1.552 7
0504 pf 09  0.638  0.595  0.872 5
0504 pf 10 -0.457  2.162  2.210 7
0528 em 00 -0.262  1.113  1.143 7
0528 cf 00  0.602  1.104  1.257 6
0528 pf 01 -0.848  1.094  1.384 7
0528 pf 02  0.468 -0.172  0.499 4
0528 pf 03 -1.312  0.966  1.630 8
0528 pf 04  0.544  0.719  0.901 6
0528 pf 05  0.215  1.293  1.311 6
0528 pf 06 -1.258  1.441  1.913 7
0528 pf 07  0.265  1.869  1.888 6
0528 pf 08 -1.003  1.435  1.751 7
0528 pf 09  0.454  0.519  0.690 6
0528 pf 10 -0.870  1.950  2.135 7
0552 em 00 -0.314  1.049  1.095 7
0552 cf 00  0.188  0.839  0.860 6
0552 pf 01 -0.554  0.767  0.946 7
0552 pf 02  0.121  0.083  0.146 5
0552 pf 03 -1.724  0.834  1.915 8
0552 pf 04  0.476  0.712  0.856 6
0552 pf 05  0.256  1.440  1.463 6
0552 pf 06 -1.013  0.933  1.377 8
0552 pf 07  0.107  1.875  1.878 6
0552 pf 08 -0.967  1.678  1.937 7
0552 pf 09  0.699  0.485  0.851 5
0552 pf 10 -0.913  1.876  2.086 7
0576 em 00 -0.420  1.089  1.167 7
0576 cf 00 -0.442  0.538  0.696 7
0576 pf 01 -0.530  0.530  0.750 7
0576 pf 02 -0.118  0.323  0.344 7
0576 pf 03 -1.960  0.636  2.061 8
0576 pf 04  0.443  0.865  0.972 6
0576 pf 05  0.060  1.450  1.451 6
0576 pf 06 -0.999  0.801  1.281 8
0576 pf 07 -0.101  1.863  1.866 7
0576 pf 08 -0.913  1.956  2.158 7
0576 pf 09  0.905  0.761  1.183 5
0576 pf 10 -0.874  2.231  2.396 7
0600 em 00 -0.578  1.139  1.278 7
0600 cf 00 -0.621  0.307  0.693 8
0600 pf 01 -0.856  0.318  0.913 8
0600 pf 02 -0.433  0.378  0.575 8
0600 pf 03 -2.035  0.393  2.072 8
0600 pf 04  0.166  1.305  1.316 6
0600 pf 05 -0.572  1.661  1.756 7
0600 pf 06 -1.055  0.791  1.319 8
0600 pf 07 -0.172  2.105  2.112 7
0600 pf 08 -0.586  1.849  1.939 7
0600 pf 09  0.897  1.250  1.539 6
0600 pf 10 -1.026  2.149  2.382 7
0624 em 00 -0.730  0.988  1.229 7
0624 cf 00 -0.452  0.093  0.461 8
0624 pf 01 -1.282 -0.433  1.353 1
0624 pf 02 -0.786  0.461  0.911 8
0624 pf 03 -2.076  0.270  2.093 8
0624 pf 04 -0.151  1.287  1.295 7
0624 pf 05 -0.500  1.592  1.668 7
0624 pf 06 -1.383  0.584  1.501 8
0624 pf 07 -0.296  1.955  1.977 7
0624 pf 08 -0.341  1.965  1.994 7
0624 pf 09  0.719  1.160  1.365 6
0624 pf 10 -1.418  1.922  2.388 7
0648 em 00 -0.799  0.869  1.181 7
0648 cf 00 -0.099  0.001  0.099 8
0648 pf 01 -1.440 -0.903  1.699 1
0648 pf 02 -0.923  0.416  1.012 8
0648 pf 03 -1.892  0.010  1.892 8
0648 pf 04 -0.469  1.157  1.249 7
0648 pf 05 -0.223  1.431  1.448 7
0648 pf 06 -1.468  0.401  1.521 8
0648 pf 07 -0.514  1.989  2.054 7
0648 pf 08 -0.293  2.325  2.343 7
0648 pf 09  0.441  1.091  1.177 6
0648 pf 10 -1.868  1.650  2.492 8
0672 em 00 -0.872  0.674  1.102 8
0672 cf 00 -0.050  0.001  0.050 8
0672 pf 01 -1.229 -1.265  1.764 2
0672 pf 02 -1.010  0.175  1.025 8
0672 pf 03 -1.515 -0.116  1.520 1
0672 pf 04 -0.564  1.343  1.457 7
0672 pf 05 -0.443  1.124  1.208 7
0672 pf 06 -1.546  0.063  1.547 8
0672 pf 07 -0.684  1.856  1.978 7
0672 pf 08 -0.551  2.072  2.144 7
0672 pf 09  0.003  0.937  0.937 6
0672 pf 10 -1.964  1.246  2.326 8
0696 em 00 -0.791  0.438  0.905 8
0696 cf 00  0.086 -0.169  0.189 3
0696 pf 01 -1.017 -1.388  1.721 2
0696 pf 02 -1.289 -0.074  1.291 1
0696 pf 03 -0.847 -0.196  0.870 1
0696 pf 04 -0.517  0.971  1.100 7
0696 pf 05 -0.458  1.033  1.130 7
0696 pf 06 -1.281 -0.227  1.301 1
0696 pf 07 -0.623  1.385  1.518 7
0696 pf 08 -0.549  1.715  1.801 7
0696 pf 09 -0.178  0.833  0.852 7
0696 pf 10 -1.990  0.984  2.220 8
0720 em 00 -0.628  0.310  0.700 8
0720 cf 00  0.330 -0.148  0.362 4
0720 pf 01 -0.756 -1.322  1.523 2
0720 pf 02 -1.444 -0.307  1.476 1
0720 pf 03 -0.214 -0.056  0.221 1
0720 pf 04 -0.420  0.809  0.911 7
0720 pf 05 -0.528  1.076  1.198 7
0720 pf 06 -0.931 -0.314  0.983 1
0720 pf 07 -0.335  1.054  1.106 7
0720 pf 08 -0.778  1.221  1.448 7
0720 pf 09  0.099  0.729  0.736 6
0720 pf 10 -1.898  0.726  2.033 8
0744 em 00 -0.563  0.180  0.591 8
0744 cf 00  0.505 -0.156  0.529 4
0744 pf 01 -0.673 -1.235  1.406 2
0744 pf 02 -1.545 -0.659  1.680 1
0744 pf 03  0.168 -0.327  0.368 3
0744 pf 04 -0.849  0.439  0.956 8
0744 pf 05 -0.453  0.945  1.048 7
0744 pf 06 -0.626 -0.239  0.670 1
0744 pf 07  0.207  0.874  0.898 6
0744 pf 08 -1.187  1.336  1.788 7
0744 pf 09 -0.002  0.411  0.411 7
0744 pf 10 -1.732  0.640  1.846 8
0768 em 00 -0.454  0.118  0.469 8
0768 cf 00  0.553 -0.147  0.573 4
0768 pf 01 -0.501 -1.302  1.395 2
0768 pf 02 -1.162 -0.778  1.398 1
0768 pf 03  0.206 -0.112  0.235 4
0768 pf 04 -0.859  0.055  0.861 8
0768 pf 05 -0.600  0.756  0.965 7
0768 pf 06 -0.428 -0.147  0.452 1
0768 pf 07  0.816  1.037  1.319 6
0768 pf 08 -1.650  1.317  2.111 8
0768 pf 09  0.001  0.379  0.379 6
0768 pf 10 -1.360  0.297  1.392 8
0792 em 00 -0.489  0.037  0.490 8
0792 cf 00  0.521  0.090  0.529 5
0792 pf 01 -0.216 -1.395  1.411 2
0792 pf 02 -1.386 -0.958  1.684 1
0792 pf 03  0.042 -0.150  0.155 3
0792 pf 04 -1.058 -0.259  1.089 1
0792 pf 05 -0.384  0.763  0.855 7
0792 pf 06 -0.398 -0.087  0.407 1
0792 pf 07  0.692  1.112  1.310 6
0792 pf 08 -1.781  1.083  2.085 8
0792 pf 09 -0.111  0.239  0.264 7
0792 pf 10 -1.311  0.014  1.311 8
0816 em 00 -0.409  0.025  0.410 8
0816 cf 00  0.297  0.334  0.447 6
0816 pf 01  0.057 -1.353  1.354 3
0816 pf 02 -1.364 -1.135  1.775 1
0816 pf 03 -0.123  0.266  0.293 7
0816 pf 04 -0.704 -0.571  0.906 1
0816 pf 05  0.211  0.831  0.858 6
0816 pf 06 -0.645 -0.184  0.671 1
0816 pf 07  0.860  1.179  1.459 6
0816 pf 08 -1.786  0.822  1.966 8
0816 pf 09 -0.136 -0.121  0.182 1
0816 pf 10 -1.225  0.265  1.253 8
0840 em 00 -0.465 -0.021  0.465 1
0840 cf 00  0.249  0.528  0.584 6
0840 pf 01  0.040 -1.256  1.256 3
0840 pf 02 -1.359 -1.346  1.913 1
0840 pf 03 -0.235  0.463  0.519 7
0840 pf 04 -0.645 -0.730  0.974 2
0840 pf 05  0.307  0.778  0.836 6
0840 pf 06 -1.237 -0.134  1.244 1
0840 pf 07  1.099  1.395  1.776 6
0840 pf 08 -1.640  0.561  1.733 8
0840 pf 09 -0.248 -0.597  0.647 2
0840 pf 10 -1.527  0.177  1.537 8
0864 em 00 -0.420 -0.010  0.420 1
0864 cf 00  0.051  0.241  0.246 6
0864 pf 01  0.471 -1.134  1.228 3
0864 pf 02 -1.217 -1.454  1.896 2
0864 pf 03 -0.156  0.719  0.735 7
0864 pf 04 -0.607 -0.546  0.817 1
0864 pf 05  0.032  0.676  0.677 6
0864 pf 06 -1.634 -0.453  1.696 1
0864 pf 07  1.177  1.832  2.177 6
0864 pf 08 -1.411  0.467  1.486 8
0864 pf 09  0.202 -0.734  0.762 3
0864 pf 10 -1.600  0.332  1.634 8
0888 em 00 -0.421 -0.030  0.422 1
0888 cf 00 -0.373  0.073  0.380 8
0888 pf 01  0.740 -1.247  1.450 3
0888 pf 02 -1.231 -1.442  1.896 2
0888 pf 03 -0.131  0.974  0.983 7
0888 pf 04 -0.600 -0.114  0.611 1
0888 pf 05 -0.223  0.524  0.569 7
0888 pf 06 -1.465 -0.856  1.697 1
0888 pf 07  0.830  2.197  2.348 6
0888 pf 08 -1.189  0.240  1.213 8
0888 pf 09  0.637 -0.745  0.980 3
0888 pf 10 -1.701  0.117  1.705 8
0912 em 00 -0.447 -0.080  0.454 1
0912 cf 00 -0.744  0.058  0.746 8
0912 pf 01  0.908 -0.982  1.337 3
0912 pf 02 -1.012 -1.667  1.950 2
0912 pf 03 -0.428  0.634  0.765 7
0912 pf 04 -0.616 -0.007  0.616 1
0912 pf 05 -0.435  0.356  0.562 8
0912 pf 06 -1.252 -1.281  1.791 2
0912 pf 07  0.339  2.313  2.338 6
0912 pf 08 -0.950 -0.002  0.950 1
0912 pf 09  0.689 -0.300  0.751 4
0912 pf 10 -1.503  0.027  1.503 8
0936 em 00 -0.445 -0.159  0.472 1
0936 cf 00 -0.674  0.329  0.750 8
0936 pf 01  0.698 -1.085  1.291 3
0936 pf 02 -0.795 -2.109  2.254 2
0936 pf 03 -0.536  0.364  0.648 8
0936 pf 04 -0.550 -0.308  0.630 1
0936 pf 05 -0.335  0.125  0.357 8
0936 pf 06 -1.109 -1.281  1.695 2
0936 pf 07 -0.099  2.650  2.652 7
0936 pf 08 -0.914 -0.365  0.984 1
0936 pf 09  0.427  0.109  0.441 5
0936 pf 10 -1.104 -0.152  1.114 1
0960 em 00 -0.484 -0.115  0.498 1
0960 cf 00 -0.757  0.228  0.791 8
0960 pf 01  0.256 -1.017  1.049 3
0960 pf 02 -0.342 -1.973  2.002 2
0960 pf 03 -0.224 -0.142  0.265 1
0960 pf 04 -0.455 -0.382  0.594 1
0960 pf 05 -0.272  0.031  0.273 8
0960 pf 06 -0.978 -1.099  1.471 2
0960 pf 07 -0.897  3.169  3.293 7
0960 pf 08 -1.199 -0.315  1.240 1
0960 pf 09  0.217  0.451  0.501 6
0960 pf 10 -0.767 -0.217  0.797 1
0984 em 00 -0.473 -0.172  0.503 1
0984 cf 00 -0.963  0.064  0.965 8
0984 pf 01  0.112 -0.982  0.988 3
0984 pf 02  0.145 -1.734  1.740 3
0984 pf 03  0.113 -0.627  0.638 3
0984 pf 04 -0.535 -0.533  0.755 1
0984 pf 05 -0.340 -0.193  0.391 1
0984 pf 06 -0.685 -1.176  1.361 2
0984 pf 07 -1.545  2.994  3.369 7
0984 pf 08 -1.380 -0.372  1.430 1
0984 pf 09  0.218  0.673  0.707 6
0984 pf 10 -0.413 -0.004  0.413 1
1008 em 00 -0.366 -0.213  0.424 1
1008 cf 00 -0.853 -0.064  0.855 1
1008 pf 01  0.147 -1.030  1.040 3
1008 pf 02  0.785 -1.656  1.832 3
1008 pf 03  0.082 -0.989  0.993 3
1008 pf 04 -0.252 -0.379  0.455 2
1008 pf 05 -0.221 -0.181  0.286 1
1008 pf 06 -0.539 -1.131  1.253 2
1008 pf 07 -1.812  2.687  3.241 7
1008 pf 08 -1.307 -0.392  1.365 1
1008 pf 09  0.001  0.663  0.663 6
1008 pf 10 -0.134  0.089  0.161 8
1032 em 00 -0.333 -0.264  0.424 1
1032 cf 00 -0.817 -0.159  0.832 1
1032 pf 01 -0.190 -1.368  1.381 2
1032 pf 02  0.740 -1.562  1.728 3
1032 pf 03  0.377 -0.700  0.795 3
1032 pf 04 -0.297 -0.503  0.584 2
1032 pf 05 -0.041 -0.638  0.639 2
1032 pf 06 -0.473 -0.999  1.105 2
1032 pf 07 -1.965  2.235  2.976 7
1032 pf 08 -0.844 -0.358  0.917 1
1032 pf 09 -0.171  1.038  1.052 7
1032 pf 10 -0.053  0.054  0.076 7
1056 em 00 -0.309 -0.309  0.437 2
1056 cf 00 -0.818 -0.299  0.871 1
1056 pf 01 -0.242 -1.368  1.390 2
1056 pf 02  0.589 -1.268  1.398 3
1056 pf 03  0.792 -0.333  0.860 4
1056 pf 04 -0.532 -0.511  0.738 1
1056 pf 05 -0.037 -0.951  0.952 2
1056 pf 06 -0.448 -0.924  1.027 2
1056 pf 07 -2.045  1.746  2.689 8
1056 pf 08 -0.504 -0.273  0.573 1
1056 pf 09 -0.491  0.886  1.013 7
1056 pf 10  0.272 -0.190  0.332 4
1080 em 00 -0.239 -0.295  0.380 2
1080 cf 00 -0.651 -0.455  0.795 1
1080 pf 01  0.106 -1.483  1.486 3
1080 pf 02  0.520 -1.032  1.156 3
1080 pf 03  1.219 -0.173  1.231 4
1080 pf 04 -0.574 -0.466  0.739 1
1080 pf 05  0.168 -0.849  0.865 3
1080 pf 06 -0.360 -0.951  1.017 2
1080 pf 07 -2.024  1.678  2.629 8
1080 pf 08 -0.511 -0.366  0.628 1
1080 pf 09 -0.963  0.810  1.258 8
1080 pf 10  0.388 -0.055  0.392 4
1104 em 00 -0.203 -0.358  0.412 2
1104 cf 00 -0.335 -0.767  0.837 2
1104 pf 01  0.324 -1.531  1.565 3
1104 pf 02  0.509 -0.782  0.933 3
1104 pf 03  1.169  0.018  1.169 5
1104 pf 04 -0.264 -0.781  0.825 2
1104 pf 05  0.217 -0.658  0.693 3
1104 pf 06 -0.496 -0.846  0.980 2
1104 pf 07 -1.864  1.343  2.297 8
1104 pf 08 -0.614 -0.675  0.912 2
1104 pf 09 -1.273  0.774  1.489 8
1104 pf 10  0.346 -0.145  0.375 4
