ecmf prod rf 2000121800 20171218 11 046
0024 em 00 -0.505 -0.231  0.555 1
0024 cf 00 -0.606 -0.243  0.653 1
0024 pf 01 -0.514 -0.302  0.596 1
0024 pf 02 -0.495 -0.168  0.523 1
0024 pf 03 -0.582 -0.186  0.611 1
0024 pf 04 -0.512 -0.251  0.571 1
0024 pf 05 -0.434 -0.146  0.458 1
0024 pf 06 -0.545 -0.211  0.584 1
0024 pf 07 -0.542 -0.253  0.598 1
0024 pf 08 -0.332 -0.259  0.421 1
0024 pf 09 -0.404 -0.225  0.463 1
0024 pf 10 -0.412 -0.338  0.533 1
0048 em 00 -0.313 -0.299  0.432 1
0048 cf 00 -0.333 -0.394  0.516 2
0048 pf 01 -0.174 -0.423  0.457 2
0048 pf 02 -0.294 -0.380  0.480 2
0048 pf 03 -0.169 -0.252  0.304 2
0048 pf 04 -0.552 -0.371  0.665 1
0048 pf 05 -0.244 -0.284  0.374 2
0048 pf 06 -0.380 -0.264  0.463 1
0048 pf 07 -0.464 -0.226  0.516 1
0048 pf 08 -0.203 -0.173  0.267 1
0048 pf 09 -0.175 -0.191  0.259 2
0048 pf 10 -0.243 -0.340  0.417 2
0072 em 00 -0.362 -0.342  0.498 1
0072 cf 00 -0.390 -0.411  0.567 2
0072 pf 01 -0.186 -0.406  0.447 2
0072 pf 02 -0.325 -0.536  0.627 2
0072 pf 03 -0.195 -0.239  0.309 2
0072 pf 04 -0.565 -0.435  0.713 1
0072 pf 05 -0.335 -0.401  0.522 2
0072 pf 06 -0.505 -0.394  0.640 1
0072 pf 07 -0.296 -0.179  0.346 1
0072 pf 08 -0.325 -0.055  0.329 1
0072 pf 09 -0.256 -0.178  0.312 1
0072 pf 10 -0.377 -0.502  0.628 2
0096 em 00 -0.177 -0.477  0.509 2
0096 cf 00 -0.212 -0.507  0.549 2
0096 pf 01 -0.002 -0.582  0.582 2
0096 pf 02  0.071 -0.537  0.542 3
0096 pf 03 -0.086 -0.476  0.483 2
0096 pf 04 -0.209 -0.476  0.520 2
0096 pf 05 -0.450 -0.697  0.829 2
0096 pf 06 -0.152 -0.515  0.537 2
0096 pf 07 -0.171 -0.508  0.536 2
0096 pf 08 -0.236 -0.153  0.281 1
0096 pf 09 -0.191 -0.253  0.317 2
0096 pf 10 -0.108 -0.468  0.480 2
0120 em 00  0.038 -0.498  0.500 3
0120 cf 00  0.048 -0.568  0.570 3
0120 pf 01  0.064 -0.524  0.528 3
0120 pf 02  0.240 -0.599  0.645 3
0120 pf 03  0.165 -0.387  0.421 3
0120 pf 04 -0.204 -0.470  0.512 2
0120 pf 05  0.058 -0.723  0.725 3
0120 pf 06  0.138 -0.321  0.350 3
0120 pf 07  0.208 -0.658  0.690 3
0120 pf 08 -0.176 -0.230  0.289 2
0120 pf 09 -0.163 -0.270  0.315 2
0120 pf 10  0.216 -0.640  0.675 3
0144 em 00  0.065 -0.424  0.429 3
0144 cf 00  0.131 -0.496  0.513 3
0144 pf 01  0.156 -0.680  0.698 3
0144 pf 02  0.471 -0.295  0.556 4
0144 pf 03  0.082 -0.580  0.585 3
0144 pf 04 -0.267 -0.321  0.418 2
0144 pf 05  0.201 -0.620  0.652 3
0144 pf 06  0.133 -0.075  0.153 4
0144 pf 07  0.313 -0.664  0.734 3
0144 pf 08 -0.044 -0.101  0.110 2
0144 pf 09 -0.233 -0.327  0.402 2
0144 pf 10 -0.049 -0.394  0.397 2
0168 em 00 -0.014 -0.269  0.269 2
0168 cf 00  0.153 -0.294  0.332 3
0168 pf 01  0.146 -0.396  0.423 3
0168 pf 02  0.336 -0.073  0.344 4
0168 pf 03  0.167 -0.380  0.415 3
0168 pf 04 -0.331 -0.052  0.335 1
0168 pf 05  0.076 -0.482  0.488 3
0168 pf 06 -0.110  0.088  0.141 8
0168 pf 07  0.373 -0.588  0.696 3
0168 pf 08 -0.294 -0.035  0.296 1
0168 pf 09 -0.392 -0.256  0.468 1
0168 pf 10 -0.090 -0.373  0.384 2
0192 em 00 -0.180 -0.207  0.275 2
0192 cf 00 -0.035 -0.279  0.281 2
0192 pf 01 -0.140 -0.290  0.322 2
0192 pf 02 -0.076 -0.016  0.077 1
0192 pf 03  0.069 -0.358  0.365 3
0192 pf 04 -0.485  0.032  0.487 8
0192 pf 05 -0.019 -0.465  0.466 2
0192 pf 06 -0.063  0.123  0.139 7
0192 pf 07  0.018 -0.423  0.423 3
0192 pf 08 -0.420  0.107  0.434 8
0192 pf 09 -0.568 -0.142  0.585 1
0192 pf 10 -0.082 -0.416  0.424 2
0216 em 00 -0.370 -0.126  0.391 1
0216 cf 00 -0.286 -0.180  0.337 1
0216 pf 01 -0.339 -0.210  0.399 1
0216 pf 02 -0.290  0.041  0.293 8
0216 pf 03 -0.051 -0.194  0.201 2
0216 pf 04 -0.759 -0.029  0.760 1
0216 pf 05 -0.011 -0.332  0.332 2
0216 pf 06 -0.292  0.121  0.316 8
0216 pf 07 -0.385 -0.348  0.519 1
0216 pf 08 -0.524  0.216  0.567 8
0216 pf 09 -0.804 -0.210  0.831 1
0216 pf 10 -0.172 -0.097  0.197 1
0240 em 00 -0.340 -0.079  0.349 1
0240 cf 00 -0.370 -0.089  0.381 1
0240 pf 01 -0.426 -0.301  0.522 1
0240 pf 02 -0.336  0.151  0.368 8
0240 pf 03  0.039 -0.281  0.284 3
0240 pf 04 -0.720  0.008  0.721 8
0240 pf 05  0.060 -0.168  0.178 3
0240 pf 06 -0.183  0.105  0.211 8
0240 pf 07 -0.270 -0.269  0.381 1
0240 pf 08 -0.454  0.376  0.590 8
0240 pf 09 -0.922 -0.277  0.963 1
0240 pf 10 -0.018  0.036  0.040 7
0264 em 00 -0.241 -0.170  0.295 1
0264 cf 00 -0.400 -0.331  0.519 1
0264 pf 01 -0.120 -0.566  0.578 2
0264 pf 02 -0.245  0.089  0.261 8
0264 pf 03 -0.109  0.031  0.113 8
0264 pf 04 -0.769 -0.200  0.794 1
0264 pf 05  0.201 -0.109  0.229 4
0264 pf 06 -0.256  0.033  0.258 8
0264 pf 07  0.011 -0.136  0.136 3
0264 pf 08 -0.248  0.031  0.250 8
0264 pf 09 -0.766 -0.569  0.954 1
0264 pf 10  0.167  0.008  0.167 5
0288 em 00 -0.179 -0.352  0.395 2
0288 cf 00 -0.385 -0.646  0.752 2
0288 pf 01 -0.103 -0.870  0.876 2
0288 pf 02 -0.114 -0.183  0.215 2
0288 pf 03  0.018 -0.050  0.054 3
0288 pf 04 -0.510 -0.439  0.673 1
0288 pf 05 -0.189 -0.388  0.431 2
0288 pf 06 -0.377  0.067  0.383 8
0288 pf 07 -0.122 -0.222  0.254 2
0288 pf 08 -0.025 -0.391  0.392 2
0288 pf 09 -0.584 -0.597  0.836 2
0288 pf 10  0.513  0.025  0.514 5
0312 em 00 -0.222 -0.547  0.591 2
0312 cf 00 -0.292 -0.990  1.032 2
0312 pf 01 -0.024 -1.187  1.187 2
0312 pf 02  0.002 -0.625  0.625 3
0312 pf 03  0.265 -0.189  0.326 4
0312 pf 04 -0.623 -0.618  0.877 1
0312 pf 05 -0.590 -0.641  0.871 2
0312 pf 06 -0.648 -0.207  0.681 1
0312 pf 07 -0.372 -0.102  0.386 1
0312 pf 08  0.038 -0.566  0.568 3
0312 pf 09 -0.619 -0.678  0.918 2
0312 pf 10  0.478 -0.050  0.481 4
0336 em 00 -0.126 -0.737  0.748 2
0336 cf 00 -0.043 -1.048  1.049 2
0336 pf 01  0.115 -1.386  1.390 3
0336 pf 02  0.262 -1.013  1.046 3
0336 pf 03  0.179 -0.490  0.521 3
0336 pf 04 -0.719 -0.767  1.051 2
0336 pf 05 -0.641 -0.814  1.036 2
0336 pf 06 -0.442 -0.531  0.691 2
0336 pf 07 -0.195 -0.174  0.261 1
0336 pf 08  0.198 -0.701  0.729 3
0336 pf 09 -0.597 -0.858  1.045 2
0336 pf 10  0.503 -0.150  0.525 4
0360 em 00  0.084 -0.883  0.887 3
0360 cf 00  0.123 -1.191  1.197 3
0360 pf 01  0.649 -1.425  1.566 3
0360 pf 02  0.427 -0.923  1.017 3
0360 pf 03  0.035 -0.849  0.850 3
0360 pf 04 -0.893 -0.805  1.202 1
0360 pf 05 -0.608 -1.009  1.178 2
0360 pf 06 -0.028 -0.839  0.839 2
0360 pf 07  0.190 -0.555  0.586 3
0360 pf 08  0.541 -0.575  0.790 3
0360 pf 09 -0.082 -1.134  1.137 2
0360 pf 10  0.527 -0.255  0.585 4
0384 em 00  0.245 -1.066  1.094 3
0384 cf 00  0.113 -1.299  1.304 3
0384 pf 01  0.799 -1.594  1.783 3
0384 pf 02  0.746 -0.844  1.127 3
0384 pf 03  0.172 -1.282  1.293 3
0384 pf 04 -0.892 -0.774  1.181 1
0384 pf 05 -0.466 -1.279  1.361 2
0384 pf 06 -0.196 -1.352  1.366 2
0384 pf 07  0.496 -0.924  1.049 3
0384 pf 08  0.808 -0.572  0.990 4
0384 pf 09  0.227 -1.288  1.308 3
0384 pf 10  0.794 -0.357  0.870 4
0408 em 00  0.276 -1.170  1.202 3
0408 cf 00 -0.144 -1.428  1.436 2
0408 pf 01  0.795 -1.497  1.695 3
0408 pf 02  0.942 -0.698  1.172 4
0408 pf 03 -0.075 -1.262  1.264 2
0408 pf 04 -0.699 -0.740  1.018 2
0408 pf 05 -0.041 -1.465  1.466 2
0408 pf 06 -0.457 -1.723  1.782 2
0408 pf 07  0.365 -1.052  1.114 3
0408 pf 08  1.173 -0.971  1.523 4
0408 pf 09  0.010 -1.505  1.505 3
0408 pf 10  1.035 -0.362  1.096 4
0432 em 00  0.245 -1.074  1.102 3
0432 cf 00 -0.299 -1.361  1.393 2
0432 pf 01  0.595 -1.042  1.200 3
0432 pf 02  1.196 -0.098  1.200 4
0432 pf 03 -0.499 -1.281  1.375 2
0432 pf 04 -0.735 -0.691  1.008 1
0432 pf 05  0.083 -1.685  1.687 3
0432 pf 06 -0.230 -1.659  1.675 2
0432 pf 07  0.173 -1.268  1.279 3
0432 pf 08  1.216 -0.995  1.571 4
0432 pf 09  0.315 -1.413  1.448 3
0432 pf 10  0.754 -0.174  0.774 4
0456 em 00  0.217 -0.937  0.962 3
0456 cf 00 -0.237 -1.369  1.389 2
0456 pf 01  0.610 -0.640  0.885 3
0456 pf 02  1.259  0.280  1.289 5
0456 pf 03 -0.561 -1.348  1.460 2
0456 pf 04 -0.650 -0.672  0.934 2
0456 pf 05  0.161 -1.620  1.628 3
0456 pf 06 -0.160 -1.564  1.572 2
0456 pf 07  0.207 -1.023  1.044 3
0456 pf 08  1.031 -0.604  1.195 4
0456 pf 09  0.201 -1.298  1.313 3
0456 pf 10  0.392 -0.309  0.500 4
0480 em 00  0.214 -0.874  0.900 3
0480 cf 00  0.159 -1.394  1.403 3
0480 pf 01  0.361 -0.366  0.514 3
0480 pf 02  1.135  0.862  1.426 5
0480 pf 03 -0.490 -1.327  1.414 2
0480 pf 04 -0.577 -0.558  0.803 1
0480 pf 05  0.354 -1.558  1.598 3
0480 pf 06 -0.086 -1.371  1.373 2
0480 pf 07  0.190 -1.281  1.295 3
0480 pf 08  0.718 -0.586  0.927 4
0480 pf 09  0.052 -1.599  1.600 3
0480 pf 10  0.386 -0.326  0.505 4
0504 em 00  0.197 -0.773  0.797 3
0504 cf 00  0.721 -1.109  1.322 3
0504 pf 01  0.164 -0.239  0.290 3
0504 pf 02  0.472  0.621  0.780 6
0504 pf 03 -0.212 -1.438  1.454 2
0504 pf 04 -0.469 -0.345  0.582 1
0504 pf 05  0.328 -1.304  1.344 3
0504 pf 06 -0.154 -1.308  1.317 2
0504 pf 07  0.301 -1.068  1.109 3
0504 pf 08  0.828 -0.304  0.882 4
0504 pf 09 -0.306 -1.629  1.657 2
0504 pf 10  0.329 -0.278  0.431 4
0528 em 00  0.179 -0.728  0.749 3
0528 cf 00  0.831 -1.010  1.308 3
0528 pf 01  0.260 -0.425  0.498 3
0528 pf 02 -0.042  0.589  0.591 7
0528 pf 03 -0.168 -1.514  1.524 2
0528 pf 04 -0.116 -0.233  0.260 2
0528 pf 05  0.595 -0.971  1.138 3
0528 pf 06 -0.098 -1.133  1.137 2
0528 pf 07  0.417 -1.113  1.189 3
0528 pf 08  0.648 -0.041  0.649 4
0528 pf 09 -0.379 -1.776  1.816 2
0528 pf 10 -0.153 -0.293  0.331 2
0552 em 00  0.162 -0.700  0.718 3
0552 cf 00  1.057 -0.751  1.296 4
0552 pf 01  0.333 -0.342  0.478 3
0552 pf 02 -0.386  0.430  0.578 7
0552 pf 03 -0.046 -1.610  1.611 2
0552 pf 04  0.340 -0.004  0.340 4
0552 pf 05  0.508 -1.001  1.122 3
0552 pf 06 -0.034 -1.096  1.097 2
0552 pf 07  0.461 -1.411  1.484 3
0552 pf 08  0.374  0.029  0.376 5
0552 pf 09 -0.452 -1.545  1.610 2
0552 pf 10 -0.535 -0.317  0.622 1
0576 em 00  0.035 -0.651  0.652 3
0576 cf 00  1.260 -0.367  1.312 4
0576 pf 01  0.038 -0.410  0.412 3
0576 pf 02 -0.612  0.317  0.689 8
0576 pf 03 -0.097 -1.381  1.385 2
0576 pf 04  0.288 -0.249  0.381 4
0576 pf 05  0.376 -0.779  0.865 3
0576 pf 06 -0.100 -0.918  0.923 2
0576 pf 07  0.448 -1.280  1.356 3
0576 pf 08 -0.151  0.037  0.156 8
0576 pf 09 -0.535 -1.606  1.692 2
0576 pf 10 -0.671 -0.450  0.808 1
0600 em 00  0.036 -0.683  0.684 3
0600 cf 00  1.160 -0.114  1.165 4
0600 pf 01 -0.117 -0.621  0.631 2
0600 pf 02 -0.703  0.164  0.721 8
0600 pf 03  0.181 -1.165  1.179 3
0600 pf 04  0.091 -0.380  0.391 3
0600 pf 05  0.379 -0.663  0.764 3
0600 pf 06  0.234 -1.046  1.072 3
0600 pf 07  0.847 -1.028  1.332 3
0600 pf 08 -0.501 -0.069  0.505 1
0600 pf 09 -0.342 -1.820  1.852 2
0600 pf 10 -0.976 -0.716  1.210 1
0624 em 00 -0.025 -0.697  0.698 2
0624 cf 00  0.663  0.045  0.664 5
0624 pf 01 -0.016 -0.847  0.847 2
0624 pf 02 -0.602 -0.208  0.637 1
0624 pf 03  0.351 -0.759  0.837 3
0624 pf 04  0.010 -0.666  0.666 3
0624 pf 05  0.313 -0.509  0.597 3
0624 pf 06  0.237 -0.955  0.984 3
0624 pf 07  1.004 -0.668  1.205 4
0624 pf 08 -0.912 -0.186  0.930 1
0624 pf 09 -0.508 -2.075  2.136 2
0624 pf 10 -0.946 -0.797  1.237 1
0648 em 00 -0.011 -0.666  0.666 2
0648 cf 00  0.054  0.233  0.239 6
0648 pf 01  0.214 -0.860  0.886 3
0648 pf 02 -0.234 -0.158  0.282 1
0648 pf 03  0.234 -0.933  0.962 3
0648 pf 04 -0.045 -0.482  0.484 2
0648 pf 05  0.439 -0.488  0.657 3
0648 pf 06 -0.033 -0.810  0.810 2
0648 pf 07  0.999 -0.385  1.071 4
0648 pf 08 -0.456 -0.218  0.506 1
0648 pf 09 -0.687 -2.332  2.431 2
0648 pf 10 -0.748 -0.870  1.147 2
0672 em 00  0.038 -0.611  0.612 3
0672 cf 00 -0.086  0.564  0.570 7
0672 pf 01  0.461 -1.058  1.154 3
0672 pf 02 -0.235 -0.234  0.332 1
0672 pf 03  0.124 -0.854  0.863 3
0672 pf 04 -0.211 -0.184  0.280 1
0672 pf 05  0.437 -0.334  0.550 4
0672 pf 06 -0.040 -0.459  0.460 2
0672 pf 07  0.685 -0.207  0.715 4
0672 pf 08 -0.238 -0.451  0.510 2
0672 pf 09 -0.281 -2.648  2.663 2
0672 pf 10 -0.327 -0.854  0.915 2
0696 em 00  0.142 -0.580  0.598 3
0696 cf 00  0.107  0.909  0.915 6
0696 pf 01  0.703 -0.947  1.180 3
0696 pf 02 -0.452 -0.417  0.615 1
0696 pf 03  0.199 -0.635  0.665 3
0696 pf 04 -0.178 -0.332  0.376 2
0696 pf 05  0.549 -0.251  0.603 4
0696 pf 06  0.194  0.067  0.205 5
0696 pf 07  0.232  0.031  0.234 5
0696 pf 08 -0.159 -0.777  0.793 2
0696 pf 09  0.225 -2.891  2.900 3
0696 pf 10  0.014 -1.151  1.151 3
0720 em 00  0.133 -0.598  0.613 3
0720 cf 00 -0.289  0.679  0.738 7
0720 pf 01  0.968 -1.043  1.423 3
0720 pf 02 -0.384 -0.582  0.697 2
0720 pf 03  0.154 -0.547  0.568 3
0720 pf 04  0.055  0.037  0.066 5
0720 pf 05  0.637 -0.046  0.639 4
0720 pf 06 -0.025  0.257  0.258 7
0720 pf 07 -0.264 -0.144  0.301 1
0720 pf 08 -0.171 -0.776  0.795 2
0720 pf 09  0.509 -3.192  3.232 3
0720 pf 10  0.138 -1.249  1.257 3
0744 em 00  0.131 -0.652  0.665 3
0744 cf 00 -0.451  0.428  0.622 8
0744 pf 01  0.900 -1.379  1.647 3
0744 pf 02 -0.355 -0.398  0.533 2
0744 pf 03  0.349 -0.699  0.781 3
0744 pf 04 -0.148  0.196  0.246 7
0744 pf 05  0.809 -0.229  0.841 4
0744 pf 06 -0.283  0.254  0.380 8
0744 pf 07 -0.523 -0.319  0.613 1
0744 pf 08 -0.002 -0.771  0.771 2
0744 pf 09  0.937 -3.211  3.345 3
0744 pf 10  0.080 -1.070  1.073 3
0768 em 00  0.144 -0.679  0.694 3
0768 cf 00 -0.476  0.375  0.606 8
0768 pf 01  0.698 -1.558  1.708 3
0768 pf 02 -0.486 -0.275  0.559 1
0768 pf 03  0.260 -0.678  0.727 3
0768 pf 04 -0.136  0.319  0.346 7
0768 pf 05  0.883 -0.050  0.885 4
0768 pf 06 -0.448  0.181  0.483 8
0768 pf 07 -0.795 -0.639  1.020 1
0768 pf 08  0.163 -0.802  0.819 3
0768 pf 09  1.565 -3.428  3.768 3
0768 pf 10  0.215 -0.948  0.972 3
0792 em 00  0.202 -0.640  0.671 3
0792 cf 00 -0.300  0.515  0.596 7
0792 pf 01  0.923 -1.388  1.667 3
0792 pf 02 -0.643 -0.497  0.813 1
0792 pf 03  0.340 -0.344  0.484 3
0792 pf 04  0.249  0.105  0.270 5
0792 pf 05  0.818  0.103  0.824 5
0792 pf 06 -0.561  0.128  0.575 8
0792 pf 07 -0.798 -0.708  1.067 1
0792 pf 08 -0.185 -0.794  0.815 2
0792 pf 09  1.860 -3.070  3.589 3
0792 pf 10  0.392 -1.126  1.192 3
0816 em 00  0.219 -0.579  0.619 3
0816 cf 00 -0.235  0.550  0.598 7
0816 pf 01  1.077 -0.954  1.438 4
0816 pf 02 -0.625 -0.530  0.819 1
0816 pf 03  0.446  0.198  0.488 5
0816 pf 04  0.308 -0.098  0.323 4
0816 pf 05  0.488  0.161  0.514 5
0816 pf 06 -0.697  0.084  0.702 8
0816 pf 07 -0.486 -1.119  1.220 2
0816 pf 08 -0.341 -0.676  0.757 2
0816 pf 09  1.959 -2.711  3.345 3
0816 pf 10  0.391 -1.312  1.369 3
0840 em 00  0.325 -0.545  0.635 3
0840 cf 00 -0.166  0.642  0.663 7
0840 pf 01  1.431 -0.536  1.528 4
0840 pf 02 -0.835 -0.685  1.080 1
0840 pf 03  0.670  0.385  0.772 5
0840 pf 04  0.463 -0.230  0.517 4
0840 pf 05  0.485  0.186  0.519 5
0840 pf 06 -0.572 -0.293  0.643 1
0840 pf 07 -0.214 -1.370  1.387 2
0840 pf 08 -0.497 -0.389  0.631 1
0840 pf 09  2.177 -2.271  3.145 3
0840 pf 10  0.506 -1.464  1.549 3
0864 em 00  0.373 -0.577  0.686 3
0864 cf 00  0.008  0.706  0.706 6
0864 pf 01  1.606 -0.383  1.651 4
0864 pf 02 -0.878 -0.989  1.323 2
0864 pf 03  0.833  0.202  0.857 5
0864 pf 04  0.572 -0.211  0.610 4
0864 pf 05  0.445 -0.035  0.446 4
0864 pf 06 -0.702 -0.762  1.036 2
0864 pf 07  0.116 -1.546  1.550 3
0864 pf 08 -0.666 -0.044  0.668 1
0864 pf 09  2.149 -1.993  2.931 4
0864 pf 10  0.466 -1.313  1.394 3
0888 em 00  0.447 -0.538  0.700 3
0888 cf 00  0.278  0.592  0.654 6
0888 pf 01  1.328 -0.359  1.375 4
0888 pf 02 -0.290 -1.207  1.242 2
0888 pf 03  0.974  0.079  0.977 5
0888 pf 04  0.282  0.053  0.287 5
0888 pf 05  0.822 -0.065  0.825 4
0888 pf 06 -0.764 -0.999  1.258 2
0888 pf 07  0.269 -1.198  1.228 3
0888 pf 08 -0.502  0.153  0.525 8
0888 pf 09  1.897 -1.676  2.531 4
0888 pf 10  0.491 -1.314  1.403 3
0912 em 00  0.497 -0.551  0.742 3
0912 cf 00  0.364  0.371  0.520 6
0912 pf 01  1.128 -0.396  1.195 4
0912 pf 02  0.058 -1.474  1.475 3
0912 pf 03  0.923  0.256  0.958 5
0912 pf 04  0.236  0.140  0.274 5
0912 pf 05  0.912 -0.027  0.913 4
0912 pf 06 -0.884 -1.375  1.634 2
0912 pf 07  0.299 -1.335  1.368 3
0912 pf 08 -0.542  0.330  0.635 8
0912 pf 09  1.850 -1.244  2.229 4
0912 pf 10  0.990 -1.310  1.642 3
0936 em 00  0.381 -0.566  0.683 3
0936 cf 00  0.378  0.334  0.504 5
0936 pf 01  0.671 -0.211  0.704 4
0936 pf 02  0.165 -1.737  1.745 3
0936 pf 03  0.589  0.245  0.638 5
0936 pf 04  0.077  0.111  0.135 6
0936 pf 05  0.802  0.153  0.817 5
0936 pf 06 -1.270 -1.647  2.080 2
0936 pf 07  0.406 -1.625  1.675 3
0936 pf 08 -0.352  0.324  0.478 8
0936 pf 09  1.406 -0.866  1.651 4
0936 pf 10  1.217 -1.289  1.773 3
0960 em 00  0.339 -0.454  0.566 3
0960 cf 00  0.239  0.394  0.461 6
0960 pf 01  0.450 -0.097  0.460 4
0960 pf 02  0.363 -1.827  1.863 3
0960 pf 03  0.351  0.319  0.474 5
0960 pf 04 -0.088  0.516  0.523 7
0960 pf 05  0.178  0.337  0.381 6
0960 pf 06 -1.138 -1.823  2.149 2
0960 pf 07  0.380 -1.440  1.489 3
0960 pf 08 -0.275  0.252  0.373 8
0960 pf 09  1.434 -0.478  1.512 4
0960 pf 10  1.720 -1.141  2.064 4
0984 em 00  0.301 -0.387  0.490 3
0984 cf 00 -0.061  0.301  0.307 7
0984 pf 01  0.700 -0.024  0.700 4
0984 pf 02  0.161 -1.650  1.658 3
0984 pf 03  0.238  0.005  0.238 5
0984 pf 04 -0.097  0.598  0.606 7
0984 pf 05 -0.375  0.627  0.731 7
0984 pf 06 -0.853 -2.119  2.284 2
0984 pf 07  0.572 -1.062  1.206 3
0984 pf 08 -0.210  0.179  0.276 8
0984 pf 09  1.314 -0.400  1.374 4
0984 pf 10  1.794 -0.739  1.940 4
1008 em 00  0.204 -0.255  0.327 3
1008 cf 00 -0.427  0.356  0.556 8
1008 pf 01  0.540 -0.399  0.672 4
1008 pf 02 -0.080 -1.863  1.865 2
1008 pf 03  0.192 -0.062  0.201 4
1008 pf 04 -0.066  0.817  0.820 7
1008 pf 05 -0.665  0.862  1.088 7
1008 pf 06 -0.472 -1.769  1.831 2
1008 pf 07  0.726 -0.745  1.040 3
1008 pf 08 -0.287  0.425  0.513 7
1008 pf 09  1.124 -0.281  1.159 4
1008 pf 10  1.536 -0.208  1.550 4
1032 em 00  0.124 -0.159  0.202 3
1032 cf 00 -0.991  0.397  1.067 8
1032 pf 01  0.243 -0.115  0.269 4
1032 pf 02 -0.168 -1.982  1.989 2
1032 pf 03  0.398  0.002  0.398 5
1032 pf 04  0.028  0.670  0.670 6
1032 pf 05 -0.862  1.015  1.331 7
1032 pf 06 -0.309 -1.559  1.589 2
1032 pf 07  0.837 -0.486  0.968 4
1032 pf 08 -0.491  0.564  0.748 7
1032 pf 09  1.097 -0.372  1.159 4
1032 pf 10  1.452  0.006  1.452 5
1056 em 00 -0.053 -0.180  0.188 2
1056 cf 00 -1.766  0.250  1.783 8
1056 pf 01  0.260 -0.168  0.310 4
1056 pf 02 -0.255 -2.185  2.200 2
1056 pf 03  0.553  0.111  0.564 5
1056 pf 04 -0.067  0.581  0.584 7
1056 pf 05 -1.284  0.821  1.524 8
1056 pf 06 -0.290 -1.682  1.707 2
1056 pf 07  0.312 -0.240  0.394 4
1056 pf 08 -0.611  0.756  0.972 7
1056 pf 09  0.950 -0.508  1.077 4
1056 pf 10  1.488  0.128  1.493 5
1080 em 00 -0.140 -0.129  0.191 1
1080 cf 00 -2.133  0.057  2.134 8
1080 pf 01  0.330  0.285  0.436 5
1080 pf 02 -0.642 -2.261  2.351 2
1080 pf 03  0.652  0.428  0.780 5
1080 pf 04 -0.235  0.608  0.652 7
1080 pf 05 -1.518  0.562  1.618 8
1080 pf 06 -0.097 -1.792  1.795 2
1080 pf 07  0.343 -0.053  0.347 4
1080 pf 08 -0.764  0.500  0.913 8
1080 pf 09  1.005 -0.210  1.026 4
1080 pf 10  1.424  0.298  1.454 5
1104 em 00 -0.191 -0.107  0.219 1
1104 cf 00 -1.986 -0.429  2.031 1
1104 pf 01  0.385  0.432  0.578 6
1104 pf 02 -0.961 -2.121  2.328 2
1104 pf 03  0.567  0.810  0.988 6
1104 pf 04 -0.438  0.680  0.809 7
1104 pf 05 -1.472  0.166  1.481 8
1104 pf 06  0.113 -1.744  1.748 3
1104 pf 07  0.129  0.155  0.201 6
1104 pf 08 -1.109  0.335  1.159 8
1104 pf 09  1.023 -0.073  1.025 4
1104 pf 10  1.578  0.448  1.640 5
