ecmf prod rf 2002120400 20171204 11 046
0024 em 00 -1.335  0.966  1.648 8
0024 cf 00 -1.330  1.020  1.676 8
0024 pf 01 -1.237  0.859  1.506 8
0024 pf 02 -1.349  0.845  1.592 8
0024 pf 03 -1.248  0.987  1.592 8
0024 pf 04 -1.363  0.877  1.620 8
0024 pf 05 -1.337  0.906  1.615 8
0024 pf 06 -1.241  1.032  1.614 8
0024 pf 07 -1.403  0.871  1.651 8
0024 pf 08 -1.337  0.978  1.656 8
0024 pf 09 -1.373  1.066  1.738 8
0024 pf 10 -1.293  0.979  1.622 8
0048 em 00 -1.588  0.901  1.825 8
0048 cf 00 -1.584  0.917  1.830 8
0048 pf 01 -1.536  0.923  1.792 8
0048 pf 02 -1.613  0.692  1.756 8
0048 pf 03 -1.475  0.933  1.746 8
0048 pf 04 -1.535  0.879  1.769 8
0048 pf 05 -1.472  0.821  1.685 8
0048 pf 06 -1.643  1.047  1.949 8
0048 pf 07 -1.553  0.856  1.773 8
0048 pf 08 -1.597  0.868  1.818 8
0048 pf 09 -1.642  0.829  1.839 8
0048 pf 10 -1.612  0.934  1.863 8
0072 em 00 -1.387  0.780  1.592 8
0072 cf 00 -1.375  0.764  1.573 8
0072 pf 01 -1.361  0.966  1.669 8
0072 pf 02 -1.369  0.674  1.526 8
0072 pf 03 -1.332  0.775  1.541 8
0072 pf 04 -1.492  0.619  1.615 8
0072 pf 05 -1.153  0.649  1.323 8
0072 pf 06 -1.471  0.861  1.705 8
0072 pf 07 -1.195  0.831  1.456 8
0072 pf 08 -1.447  0.862  1.684 8
0072 pf 09 -1.456  0.707  1.619 8
0072 pf 10 -1.400  0.705  1.567 8
0096 em 00 -1.306  0.635  1.452 8
0096 cf 00 -1.337  0.538  1.441 8
0096 pf 01 -1.277  0.674  1.444 8
0096 pf 02 -1.297  0.661  1.456 8
0096 pf 03 -1.302  0.752  1.504 8
0096 pf 04 -1.406  0.564  1.515 8
0096 pf 05 -1.092  0.421  1.171 8
0096 pf 06 -1.401  0.630  1.536 8
0096 pf 07 -1.114  0.903  1.434 8
0096 pf 08 -1.428  0.702  1.591 8
0096 pf 09 -1.199  0.321  1.241 8
0096 pf 10 -1.269  0.678  1.438 8
0120 em 00 -1.386  0.450  1.457 8
0120 cf 00 -1.381  0.408  1.440 8
0120 pf 01 -1.287  0.476  1.372 8
0120 pf 02 -1.461  0.357  1.504 8
0120 pf 03 -1.268  0.420  1.336 8
0120 pf 04 -1.489  0.386  1.538 8
0120 pf 05 -1.209  0.312  1.248 8
0120 pf 06 -1.462  0.619  1.587 8
0120 pf 07 -1.356  0.707  1.529 8
0120 pf 08 -1.428  0.442  1.495 8
0120 pf 09 -1.213  0.282  1.245 8
0120 pf 10 -1.412  0.450  1.482 8
0144 em 00 -1.453  0.259  1.476 8
0144 cf 00 -1.452  0.136  1.458 8
0144 pf 01 -1.242  0.339  1.288 8
0144 pf 02 -1.458  0.048  1.458 8
0144 pf 03 -1.312  0.249  1.335 8
0144 pf 04 -1.609  0.210  1.623 8
0144 pf 05 -1.392  0.030  1.392 8
0144 pf 06 -1.511  0.361  1.554 8
0144 pf 07 -1.329  0.622  1.467 8
0144 pf 08 -1.692  0.300  1.718 8
0144 pf 09 -1.108  0.190  1.124 8
0144 pf 10 -1.600  0.309  1.629 8
0168 em 00 -1.368  0.080  1.371 8
0168 cf 00 -1.388 -0.018  1.388 1
0168 pf 01 -1.040  0.181  1.056 8
0168 pf 02 -1.486 -0.076  1.488 1
0168 pf 03 -1.145 -0.009  1.145 1
0168 pf 04 -1.581  0.034  1.581 8
0168 pf 05 -1.279 -0.137  1.286 1
0168 pf 06 -1.432  0.304  1.464 8
0168 pf 07 -1.216  0.253  1.243 8
0168 pf 08 -1.697  0.143  1.703 8
0168 pf 09 -1.152  0.027  1.152 8
0168 pf 10 -1.346  0.132  1.353 8
0192 em 00 -1.221 -0.174  1.233 1
0192 cf 00 -1.196 -0.326  1.240 1
0192 pf 01 -0.697 -0.038  0.698 1
0192 pf 02 -1.154 -0.595  1.298 1
0192 pf 03 -1.214 -0.185  1.228 1
0192 pf 04 -1.384 -0.033  1.384 1
0192 pf 05 -1.160 -0.362  1.215 1
0192 pf 06 -1.360  0.067  1.361 8
0192 pf 07 -0.901 -0.072  0.904 1
0192 pf 08 -1.669 -0.039  1.670 1
0192 pf 09 -0.992 -0.222  1.016 1
0192 pf 10 -1.405 -0.112  1.410 1
0216 em 00 -1.222 -0.286  1.255 1
0216 cf 00 -1.171 -0.344  1.220 1
0216 pf 01 -0.977  0.198  0.997 8
0216 pf 02 -1.330 -0.531  1.432 1
0216 pf 03 -1.131 -0.618  1.289 1
0216 pf 04 -1.294 -0.171  1.305 1
0216 pf 05 -1.118 -0.590  1.264 1
0216 pf 06 -1.301 -0.331  1.342 1
0216 pf 07 -1.040  0.073  1.042 8
0216 pf 08 -1.398 -0.358  1.443 1
0216 pf 09 -1.092 -0.313  1.136 1
0216 pf 10 -1.264 -0.119  1.269 1
0240 em 00 -1.331 -0.508  1.425 1
0240 cf 00 -1.264 -0.557  1.381 1
0240 pf 01 -1.100  0.133  1.108 8
0240 pf 02 -1.605 -0.727  1.762 1
0240 pf 03 -1.234 -0.921  1.539 1
0240 pf 04 -1.366 -0.310  1.401 1
0240 pf 05 -1.211 -0.789  1.445 1
0240 pf 06 -1.381 -0.302  1.414 1
0240 pf 07 -1.212 -0.300  1.249 1
0240 pf 08 -1.450 -0.570  1.558 1
0240 pf 09 -1.102 -0.557  1.235 1
0240 pf 10 -1.370 -0.576  1.486 1
0264 em 00 -1.504 -0.728  1.671 1
0264 cf 00 -1.405 -0.768  1.601 1
0264 pf 01 -1.623 -0.212  1.637 1
0264 pf 02 -1.622 -0.881  1.846 1
0264 pf 03 -1.249 -1.092  1.659 1
0264 pf 04 -1.678 -0.266  1.699 1
0264 pf 05 -1.402 -1.056  1.755 1
0264 pf 06 -1.605 -0.690  1.747 1
0264 pf 07 -1.479 -0.160  1.488 1
0264 pf 08 -1.518 -1.136  1.896 1
0264 pf 09 -1.076 -0.737  1.305 1
0264 pf 10 -1.551 -0.840  1.764 1
0288 em 00 -1.482 -0.940  1.755 1
0288 cf 00 -1.597 -0.931  1.849 1
0288 pf 01 -1.640 -0.520  1.720 1
0288 pf 02 -1.627 -1.121  1.976 1
0288 pf 03 -1.122 -1.153  1.609 2
0288 pf 04 -1.469 -0.609  1.591 1
0288 pf 05 -1.474 -1.250  1.932 1
0288 pf 06 -1.503 -1.029  1.822 1
0288 pf 07 -1.424 -0.628  1.556 1
0288 pf 08 -1.501 -1.233  1.942 1
0288 pf 09 -1.060 -0.776  1.313 1
0288 pf 10 -1.568 -0.890  1.803 1
0312 em 00 -1.474 -1.170  1.882 1
0312 cf 00 -1.594 -1.106  1.940 1
0312 pf 01 -1.468 -0.666  1.612 1
0312 pf 02 -1.496 -1.411  2.056 1
0312 pf 03 -1.125 -1.377  1.779 2
0312 pf 04 -1.441 -0.976  1.741 1
0312 pf 05 -1.587 -1.383  2.105 1
0312 pf 06 -1.326 -1.435  1.954 2
0312 pf 07 -1.339 -0.819  1.570 1
0312 pf 08 -1.632 -1.544  2.247 1
0312 pf 09 -1.170 -1.184  1.665 2
0312 pf 10 -1.749 -0.731  1.896 1
0336 em 00 -1.336 -1.399  1.935 2
0336 cf 00 -1.456 -1.273  1.934 1
0336 pf 01 -1.103 -0.868  1.404 1
0336 pf 02 -1.547 -1.561  2.197 2
0336 pf 03 -1.038 -1.474  1.803 2
0336 pf 04 -1.281 -0.961  1.601 1
0336 pf 05 -1.207 -1.333  1.798 2
0336 pf 06 -0.844 -1.840  2.025 2
0336 pf 07 -1.199 -1.181  1.683 1
0336 pf 08 -1.483 -2.077  2.552 2
0336 pf 09 -1.403 -1.580  2.113 2
0336 pf 10 -1.887 -0.993  2.132 1
0360 em 00 -1.180 -1.490  1.901 2
0360 cf 00 -1.256 -1.268  1.785 2
0360 pf 01 -0.954 -1.202  1.534 2
0360 pf 02 -1.328 -1.533  2.028 2
0360 pf 03 -0.898 -1.592  1.828 2
0360 pf 04 -1.119 -0.968  1.480 1
0360 pf 05 -0.842 -1.296  1.546 2
0360 pf 06 -0.532 -1.872  1.946 2
0360 pf 07 -1.297 -1.241  1.796 1
0360 pf 08 -1.473 -2.151  2.607 2
0360 pf 09 -1.351 -1.770  2.226 2
0360 pf 10 -1.695 -1.267  2.116 1
0384 em 00 -0.898 -1.649  1.878 2
0384 cf 00 -1.124 -1.467  1.848 2
0384 pf 01 -0.616 -1.357  1.490 2
0384 pf 02 -0.791 -1.711  1.885 2
0384 pf 03 -1.064 -1.857  2.140 2
0384 pf 04 -0.878 -1.165  1.459 2
0384 pf 05 -0.537 -1.175  1.292 2
0384 pf 06 -0.234 -1.906  1.920 2
0384 pf 07 -1.126 -1.292  1.714 2
0384 pf 08 -1.049 -2.384  2.605 2
0384 pf 09 -0.784 -1.965  2.115 2
0384 pf 10 -1.497 -1.598  2.190 2
0408 em 00 -0.635 -1.758  1.869 2
0408 cf 00 -0.961 -1.670  1.927 2
0408 pf 01 -0.284 -1.495  1.522 2
0408 pf 02 -0.312 -1.504  1.536 2
0408 pf 03 -1.074 -1.769  2.069 2
0408 pf 04 -0.673 -1.407  1.560 2
0408 pf 05 -0.340 -1.356  1.398 2
0408 pf 06  0.219 -1.799  1.812 3
0408 pf 07 -1.003 -1.467  1.777 2
0408 pf 08 -0.872 -2.659  2.798 2
0408 pf 09 -0.389 -2.264  2.298 2
0408 pf 10 -1.166 -1.710  2.070 2
0432 em 00 -0.329 -1.729  1.760 2
0432 cf 00 -0.603 -1.766  1.866 2
0432 pf 01  0.191 -1.367  1.380 3
0432 pf 02 -0.420 -1.132  1.208 2
0432 pf 03 -0.832 -1.707  1.899 2
0432 pf 04 -0.597 -1.448  1.566 2
0432 pf 05 -0.338 -1.522  1.559 2
0432 pf 06  0.778 -1.852  2.009 3
0432 pf 07 -0.691 -1.387  1.549 2
0432 pf 08 -0.405 -2.732  2.762 2
0432 pf 09 -0.215 -2.242  2.252 2
0432 pf 10 -0.424 -1.618  1.672 2
0456 em 00 -0.081 -1.714  1.716 2
0456 cf 00 -0.095 -1.933  1.935 2
0456 pf 01  0.624 -1.382  1.517 3
0456 pf 02 -0.503 -1.290  1.385 2
0456 pf 03 -0.577 -1.591  1.692 2
0456 pf 04 -0.510 -1.547  1.629 2
0456 pf 05 -0.092 -1.463  1.466 2
0456 pf 06  0.750 -1.521  1.696 3
0456 pf 07 -0.326 -1.252  1.293 2
0456 pf 08 -0.140 -2.803  2.807 2
0456 pf 09 -0.065 -2.224  2.224 2
0456 pf 10  0.053 -1.610  1.611 3
0480 em 00  0.178 -1.773  1.782 3
0480 cf 00  0.225 -2.228  2.239 3
0480 pf 01  1.182 -1.336  1.783 3
0480 pf 02 -0.274 -1.508  1.532 2
0480 pf 03 -0.315 -1.807  1.834 2
0480 pf 04 -0.544 -1.681  1.767 2
0480 pf 05 -0.000 -1.415  1.415 3
0480 pf 06  1.021 -1.318  1.667 3
0480 pf 07  0.021 -1.032  1.032 3
0480 pf 08  0.298 -2.778  2.794 3
0480 pf 09  0.086 -2.123  2.124 3
0480 pf 10  0.233 -2.023  2.037 3
0504 em 00  0.378 -1.786  1.826 3
0504 cf 00  0.190 -2.486  2.493 3
0504 pf 01  1.424 -1.117  1.810 4
0504 pf 02 -0.310 -1.874  1.899 2
0504 pf 03 -0.245 -1.808  1.825 2
0504 pf 04 -0.427 -1.774  1.824 2
0504 pf 05  0.256 -1.544  1.565 3
0504 pf 06  1.206 -1.074  1.615 4
0504 pf 07  0.649 -0.870  1.086 3
0504 pf 08  0.393 -2.673  2.702 3
0504 pf 09  0.686 -2.201  2.306 3
0504 pf 10  0.288 -1.962  1.983 3
0528 em 00  0.498 -1.792  1.860 3
0528 cf 00  0.123 -2.487  2.490 3
0528 pf 01  1.684 -0.924  1.921 4
0528 pf 02 -0.375 -1.981  2.016 2
0528 pf 03 -0.242 -1.982  1.997 2
0528 pf 04 -0.407 -1.885  1.928 2
0528 pf 05  0.162 -1.758  1.765 3
0528 pf 06  1.756 -0.888  1.968 4
0528 pf 07  0.369 -0.998  1.064 3
0528 pf 08  0.662 -2.473  2.560 3
0528 pf 09  1.154 -2.262  2.540 3
0528 pf 10  0.544 -1.809  1.889 3
0552 em 00  0.469 -1.711  1.774 3
0552 cf 00  0.148 -2.285  2.289 3
0552 pf 01  1.777 -0.669  1.899 4
0552 pf 02 -0.525 -2.488  2.543 2
0552 pf 03 -0.333 -2.050  2.077 2
0552 pf 04 -0.257 -1.947  1.964 2
0552 pf 05 -0.112 -1.601  1.605 2
0552 pf 06  1.633 -0.902  1.866 4
0552 pf 07  0.258 -1.004  1.036 3
0552 pf 08  0.550 -2.191  2.259 3
0552 pf 09  1.163 -1.729  2.084 3
0552 pf 10  0.811 -1.702  1.886 3
0576 em 00  0.556 -1.658  1.749 3
0576 cf 00  0.340 -2.102  2.130 3
0576 pf 01  2.010 -0.363  2.043 4
0576 pf 02 -0.417 -2.622  2.655 2
0576 pf 03 -0.016 -2.053  2.053 2
0576 pf 04  0.020 -2.126  2.127 3
0576 pf 05 -0.121 -1.624  1.628 2
0576 pf 06  1.470 -0.723  1.638 4
0576 pf 07  0.158 -1.047  1.059 3
0576 pf 08  0.696 -1.990  2.108 3
0576 pf 09  1.227 -1.696  2.094 3
0576 pf 10  0.690 -1.633  1.773 3
0600 em 00  0.709 -1.505  1.664 3
0600 cf 00  0.669 -1.827  1.945 3
0600 pf 01  1.685 -0.220  1.699 4
0600 pf 02 -0.194 -2.626  2.633 2
0600 pf 03  0.201 -1.860  1.871 3
0600 pf 04  0.500 -2.238  2.294 3
0600 pf 05 -0.120 -1.538  1.543 2
0600 pf 06  1.282 -0.243  1.305 4
0600 pf 07  0.444 -0.946  1.045 3
0600 pf 08  0.836 -1.857  2.037 3
0600 pf 09  1.691 -1.471  2.241 4
0600 pf 10  0.742 -1.484  1.659 3
0624 em 00  0.787 -1.421  1.625 3
0624 cf 00  0.821 -1.544  1.749 3
0624 pf 01  1.487 -0.293  1.515 4
0624 pf 02 -0.115 -2.268  2.271 2
0624 pf 03  0.312 -2.104  2.127 3
0624 pf 04  0.852 -2.235  2.392 3
0624 pf 05  0.082 -2.038  2.039 3
0624 pf 06  0.963  0.109  0.969 5
0624 pf 07  0.740 -0.784  1.078 3
0624 pf 08  1.087 -1.797  2.100 3
0624 pf 09  1.506 -1.173  1.909 4
0624 pf 10  0.872 -1.277  1.546 3
0648 em 00  0.882 -1.287  1.560 3
0648 cf 00  0.851 -1.155  1.435 3
0648 pf 01  1.086 -0.006  1.086 4
0648 pf 02  0.046 -2.184  2.184 3
0648 pf 03  0.424 -2.175  2.216 3
0648 pf 04  1.027 -2.248  2.472 3
0648 pf 05  0.319 -1.854  1.881 3
0648 pf 06  0.882  0.036  0.883 5
0648 pf 07  1.071 -0.855  1.370 4
0648 pf 08  1.417 -1.735  2.241 3
0648 pf 09  1.585 -0.663  1.718 4
0648 pf 10  0.933 -1.117  1.455 3
0672 em 00  0.942 -1.088  1.439 3
0672 cf 00  0.866 -0.751  1.146 4
0672 pf 01  0.867  0.060  0.869 5
0672 pf 02  0.417 -2.127  2.168 3
0672 pf 03  0.717 -1.724  1.867 3
0672 pf 04  0.981 -2.086  2.305 3
0672 pf 05  0.729 -1.824  1.964 3
0672 pf 06  0.506  0.287  0.581 5
0672 pf 07  1.280 -1.151  1.722 4
0672 pf 08  1.353 -1.527  2.040 3
0672 pf 09  1.358 -0.037  1.359 4
0672 pf 10  1.223 -0.902  1.519 4
0696 em 00  0.959 -0.983  1.373 3
0696 cf 00  0.818 -0.517  0.968 4
0696 pf 01  0.729 -0.195  0.755 4
0696 pf 02  0.808 -2.390  2.523 3
0696 pf 03  0.972 -1.443  1.740 3
0696 pf 04  0.955 -1.785  2.024 3
0696 pf 05  0.819 -1.821  1.997 3
0696 pf 06 -0.145  0.477  0.499 7
0696 pf 07  1.328 -0.953  1.634 4
0696 pf 08  1.578 -0.963  1.849 4
0696 pf 09  1.185  0.240  1.209 5
0696 pf 10  1.447 -1.264  1.922 4
0720 em 00  0.978 -0.786  1.255 4
0720 cf 00  0.947 -0.336  1.005 4
0720 pf 01  0.478 -0.122  0.494 4
0720 pf 02  1.209 -2.295  2.594 3
0720 pf 03  1.088 -1.218  1.633 3
0720 pf 04  1.220 -1.644  2.047 3
0720 pf 05  0.903 -1.552  1.795 3
0720 pf 06 -0.542  0.595  0.805 7
0720 pf 07  1.217 -0.600  1.357 4
0720 pf 08  1.729 -0.464  1.790 4
0720 pf 09  0.921  0.555  1.075 5
0720 pf 10  1.526 -1.371  2.051 4
0744 em 00  1.019 -0.596  1.180 4
0744 cf 00  1.043 -0.430  1.128 4
0744 pf 01  0.387  0.166  0.421 5
0744 pf 02  1.323 -2.095  2.478 3
0744 pf 03  0.943 -0.706  1.178 4
0744 pf 04  1.237 -1.466  1.918 3
0744 pf 05  1.202 -1.165  1.674 4
0744 pf 06 -0.620  0.779  0.996 7
0744 pf 07  1.364 -0.656  1.513 4
0744 pf 08  2.013  0.054  2.014 5
0744 pf 09  0.734  0.457  0.865 5
0744 pf 10  1.514 -1.323  2.011 4
0768 em 00  1.045 -0.322  1.094 4
0768 cf 00  0.909 -0.308  0.960 4
0768 pf 01  0.204  0.493  0.534 6
0768 pf 02  1.942 -1.521  2.467 4
0768 pf 03  0.771 -0.292  0.825 4
0768 pf 04  1.195 -1.046  1.588 4
0768 pf 05  1.276 -0.667  1.440 4
0768 pf 06 -0.287  0.778  0.829 7
0768 pf 07  1.636 -0.613  1.748 4
0768 pf 08  1.899  0.225  1.912 5
0768 pf 09  0.470  0.627  0.784 6
0768 pf 10  1.401 -1.081  1.769 4
0792 em 00  1.064 -0.173  1.078 4
0792 cf 00  0.792 -0.305  0.849 4
0792 pf 01  0.423  0.844  0.944 6
0792 pf 02  2.275 -1.012  2.490 4
0792 pf 03  0.437 -0.272  0.515 4
0792 pf 04  1.563 -0.853  1.780 4
0792 pf 05  1.131 -0.287  1.167 4
0792 pf 06 -0.066  0.477  0.482 7
0792 pf 07  1.840 -0.736  1.981 4
0792 pf 08  1.651  0.546  1.739 5
0792 pf 09  0.539  1.202  1.317 6
0792 pf 10  1.057 -1.392  1.748 3
0816 em 00  0.932  0.091  0.936 5
0816 cf 00  0.823 -0.304  0.878 4
0816 pf 01  0.274  1.271  1.300 6
0816 pf 02  2.191 -0.294  2.210 4
0816 pf 03  0.278 -0.174  0.329 4
0816 pf 04  1.940 -0.195  1.949 4
0816 pf 05  0.869  0.135  0.879 5
0816 pf 06 -0.209  0.381  0.434 7
0816 pf 07  1.712 -0.707  1.852 4
0816 pf 08  1.188  0.555  1.311 5
0816 pf 09  0.594  1.591  1.698 6
0816 pf 10  0.541 -1.211  1.326 3
0840 em 00  0.728  0.310  0.791 5
0840 cf 00  0.898 -0.079  0.902 4
0840 pf 01 -0.023  1.208  1.208 7
0840 pf 02  1.683  0.235  1.700 5
0840 pf 03  0.158 -0.091  0.182 4
0840 pf 04  1.616  0.277  1.640 5
0840 pf 05  1.072  0.400  1.144 5
0840 pf 06 -0.888  0.486  1.012 8
0840 pf 07  1.544 -0.428  1.602 4
0840 pf 08  0.783  0.600  0.987 5
0840 pf 09  0.923  1.734  1.964 6
0840 pf 10  0.211 -0.898  0.923 3
0864 em 00  0.630  0.381  0.736 5
0864 cf 00  0.857  0.097  0.862 5
0864 pf 01 -0.092  1.164  1.168 7
0864 pf 02  1.614  0.690  1.755 5
0864 pf 03  0.242 -0.268  0.360 3
0864 pf 04  1.406  0.379  1.456 5
0864 pf 05  0.911  0.586  1.083 5
0864 pf 06 -0.932  0.427  1.025 8
0864 pf 07  1.610 -0.440  1.669 4
0864 pf 08  0.335  0.778  0.847 6
0864 pf 09  0.961  1.422  1.716 6
0864 pf 10 -0.001 -0.611  0.611 2
0888 em 00  0.483  0.457  0.665 5
0888 cf 00  0.684  0.091  0.690 5
0888 pf 01 -0.232  1.190  1.212 7
0888 pf 02  1.198  0.971  1.542 5
0888 pf 03  0.229 -0.165  0.283 4
0888 pf 04  1.152  0.378  1.212 5
0888 pf 05  1.186  0.805  1.433 5
0888 pf 06 -0.871  0.453  0.982 8
0888 pf 07  1.753 -0.595  1.851 4
0888 pf 08  0.163  1.120  1.132 6
0888 pf 09  0.365  1.358  1.406 6
0888 pf 10 -0.314 -0.545  0.629 2
0912 em 00  0.310  0.427  0.528 6
0912 cf 00  0.357  0.046  0.360 5
0912 pf 01 -0.349  0.923  0.987 7
0912 pf 02  0.595  1.080  1.232 6
0912 pf 03  0.073 -0.348  0.355 3
0912 pf 04  0.868  0.181  0.886 5
0912 pf 05  1.184  0.785  1.420 5
0912 pf 06 -0.881  0.305  0.933 8
0912 pf 07  1.709 -0.424  1.761 4
0912 pf 08  0.281  1.526  1.552 6
0912 pf 09  0.123  1.214  1.220 6
0912 pf 10 -0.536 -0.537  0.759 2
0936 em 00  0.159  0.433  0.462 6
0936 cf 00  0.331  0.292  0.442 5
0936 pf 01 -0.605  0.681  0.911 7
0936 pf 02  0.293  0.899  0.946 6
0936 pf 03 -0.238 -0.484  0.540 2
0936 pf 04  0.908  0.244  0.940 5
0936 pf 05  0.900  0.875  1.255 5
0936 pf 06 -0.713  0.256  0.758 8
0936 pf 07  1.506 -0.137  1.512 4
0936 pf 08 -0.085  1.794  1.796 7
0936 pf 09  0.307  1.342  1.377 6
0936 pf 10 -0.819 -0.936  1.244 2
0960 em 00  0.097  0.447  0.458 6
0960 cf 00  0.241  0.552  0.603 6
0960 pf 01 -0.631  0.497  0.803 8
0960 pf 02  0.267  0.880  0.920 6
0960 pf 03  0.075 -0.493  0.499 3
0960 pf 04  0.607  0.367  0.709 5
0960 pf 05  0.447  0.901  1.005 6
0960 pf 06 -0.426 -0.025  0.426 1
0960 pf 07  1.782  0.242  1.798 5
0960 pf 08 -0.441  2.110  2.155 7
0960 pf 09  0.114  1.341  1.346 6
0960 pf 10 -0.933 -1.370  1.657 2
0984 em 00  0.077  0.368  0.376 6
0984 cf 00  0.019  0.627  0.628 6
0984 pf 01 -0.511  0.351  0.620 8
0984 pf 02  0.150  0.901  0.913 6
0984 pf 03  0.299 -0.820  0.873 3
0984 pf 04  0.547  0.275  0.612 5
0984 pf 05  0.035  0.827  0.828 6
0984 pf 06  0.086 -0.179  0.199 3
0984 pf 07  2.039  0.644  2.138 5
0984 pf 08 -0.767  1.993  2.135 7
0984 pf 09 -0.178  1.161  1.175 7
0984 pf 10 -0.859 -1.613  1.827 2
1008 em 00  0.200  0.364  0.415 6
1008 cf 00 -0.112  0.647  0.656 7
1008 pf 01 -0.421  0.568  0.707 7
1008 pf 02  0.155  1.072  1.083 6
1008 pf 03  0.243 -1.009  1.038 3
1008 pf 04  0.886  0.801  1.195 5
1008 pf 05 -0.056  0.544  0.547 7
1008 pf 06  0.565 -0.047  0.567 4
1008 pf 07  2.692  0.498  2.738 5
1008 pf 08 -0.710  1.933  2.059 7
1008 pf 09 -0.557  0.665  0.868 7
1008 pf 10 -0.480 -1.577  1.648 2
1032 em 00  0.300  0.334  0.449 6
1032 cf 00  0.035  0.828  0.829 6
1032 pf 01  0.169  0.558  0.583 6
1032 pf 02  0.212  1.313  1.330 6
1032 pf 03  0.559 -1.207  1.330 3
1032 pf 04  0.955  0.956  1.351 6
1032 pf 05 -0.167  0.624  0.646 7
1032 pf 06  0.394  0.060  0.399 5
1032 pf 07  2.652  0.322  2.671 5
1032 pf 08 -0.622  1.406  1.538 7
1032 pf 09 -0.811  0.608  1.014 8
1032 pf 10 -0.095 -1.683  1.685 2
1056 em 00  0.315  0.442  0.543 6
1056 cf 00  0.134  0.855  0.865 6
1056 pf 01  0.364  0.455  0.583 6
1056 pf 02  0.389  1.598  1.645 6
1056 pf 03  0.688 -1.335  1.502 3
1056 pf 04  0.706  1.424  1.590 6
1056 pf 05 -0.467  0.866  0.984 7
1056 pf 06  0.146  0.386  0.413 6
1056 pf 07  2.352  0.476  2.399 5
1056 pf 08 -0.448  1.288  1.364 7
1056 pf 09 -0.780  0.420  0.886 8
1056 pf 10  0.369 -1.454  1.500 3
1080 em 00  0.425  0.454  0.622 6
1080 cf 00  0.326  0.697  0.769 6
1080 pf 01  0.696  0.635  0.942 5
1080 pf 02  0.552  1.502  1.601 6
1080 pf 03  0.892 -1.481  1.730 3
1080 pf 04  0.604  1.664  1.770 6
1080 pf 05 -1.001  1.103  1.490 7
1080 pf 06  0.188  0.066  0.200 5
1080 pf 07  2.282  0.932  2.465 5
1080 pf 08  0.046  1.122  1.123 6
1080 pf 09 -0.585  0.224  0.626 8
1080 pf 10  0.625 -1.353  1.490 3
1104 em 00  0.532  0.523  0.746 5
1104 cf 00  0.318  0.292  0.432 5
1104 pf 01  0.898  0.762  1.177 5
1104 pf 02  0.750  1.569  1.739 6
1104 pf 03  1.426 -1.393  1.993 4
1104 pf 04  0.367  1.620  1.661 6
1104 pf 05 -1.152  1.161  1.636 7
1104 pf 06  0.735  0.400  0.836 5
1104 pf 07  2.001  1.471  2.484 5
1104 pf 08  0.025  1.220  1.220 6
1104 pf 09 -0.263  0.052  0.268 8
1104 pf 10  0.687 -1.300  1.470 3
