ecmf prod rf 2007020300 20200203 11 046
0024 em 00 -0.009  0.236  0.236 7
0024 cf 00 -0.015  0.239  0.240 7
0024 pf 01  0.023  0.298  0.299 6
0024 pf 02  0.050  0.393  0.396 6
0024 pf 03  0.035  0.219  0.221 6
0024 pf 04 -0.048  0.212  0.217 7
0024 pf 05 -0.005  0.241  0.241 7
0024 pf 06  0.129  0.208  0.245 6
0024 pf 07  0.041  0.253  0.256 6
0024 pf 08 -0.082  0.391  0.399 7
0024 pf 09 -0.022  0.201  0.202 7
0024 pf 10 -0.034  0.159  0.162 7
0048 em 00  0.047 -0.089  0.101 3
0048 cf 00  0.011 -0.043  0.044 3
0048 pf 01 -0.069  0.118  0.136 7
0048 pf 02 -0.051  0.130  0.139 7
0048 pf 03  0.138 -0.104  0.173 4
0048 pf 04  0.080 -0.178  0.195 3
0048 pf 05  0.072  0.042  0.084 5
0048 pf 06  0.166 -0.102  0.195 4
0048 pf 07  0.119 -0.187  0.222 3
0048 pf 08 -0.029 -0.028  0.040 1
0048 pf 09  0.165 -0.047  0.171 4
0048 pf 10  0.037 -0.344  0.346 3
0072 em 00  0.118 -0.194  0.227 3
0072 cf 00  0.054 -0.216  0.223 3
0072 pf 01 -0.002  0.037  0.037 7
0072 pf 02 -0.178  0.058  0.187 8
0072 pf 03  0.308 -0.110  0.327 4
0072 pf 04  0.260 -0.393  0.471 3
0072 pf 05  0.023 -0.015  0.027 4
0072 pf 06  0.364 -0.129  0.386 4
0072 pf 07  0.279 -0.128  0.307 4
0072 pf 08  0.010 -0.324  0.324 3
0072 pf 09  0.143 -0.209  0.253 3
0072 pf 10  0.130 -0.465  0.483 3
0096 em 00  0.125 -0.282  0.309 3
0096 cf 00  0.051 -0.437  0.440 3
0096 pf 01  0.084 -0.190  0.208 3
0096 pf 02 -0.403 -0.275  0.488 1
0096 pf 03  0.259 -0.081  0.271 4
0096 pf 04  0.382 -0.426  0.573 3
0096 pf 05 -0.035 -0.044  0.056 2
0096 pf 06  0.297 -0.053  0.302 4
0096 pf 07  0.300 -0.014  0.300 4
0096 pf 08  0.140 -0.610  0.625 3
0096 pf 09  0.212 -0.190  0.285 4
0096 pf 10  0.117 -0.572  0.584 3
0120 em 00  0.001 -0.259  0.259 3
0120 cf 00 -0.102 -0.445  0.457 2
0120 pf 01  0.050 -0.331  0.334 3
0120 pf 02 -0.682 -0.606  0.912 1
0120 pf 03  0.025 -0.217  0.219 3
0120 pf 04  0.254 -0.023  0.255 4
0120 pf 05 -0.216  0.070  0.227 8
0120 pf 06  0.261  0.114  0.285 5
0120 pf 07  0.139  0.172  0.221 6
0120 pf 08  0.112 -0.573  0.584 3
0120 pf 09  0.064 -0.043  0.078 4
0120 pf 10  0.085 -0.766  0.771 3
0144 em 00  0.036 -0.022  0.043 4
0144 cf 00 -0.014 -0.299  0.300 2
0144 pf 01 -0.026 -0.438  0.439 2
0144 pf 02 -0.409 -0.445  0.604 2
0144 pf 03 -0.041 -0.068  0.079 2
0144 pf 04  0.172  0.212  0.273 6
0144 pf 05 -0.347  0.297  0.456 8
0144 pf 06  0.288  0.415  0.505 6
0144 pf 07  0.194  0.479  0.517 6
0144 pf 08  0.173 -0.123  0.212 4
0144 pf 09  0.061  0.383  0.388 6
0144 pf 10  0.282 -0.458  0.538 3
0168 em 00  0.243  0.057  0.250 5
0168 cf 00  0.313 -0.116  0.334 4
0168 pf 01 -0.006  0.028  0.029 7
0168 pf 02  0.184 -0.571  0.599 3
0168 pf 03  0.219 -0.096  0.239 4
0168 pf 04  0.457  0.183  0.492 5
0168 pf 05 -0.115  0.071  0.135 8
0168 pf 06  0.373  0.756  0.843 6
0168 pf 07  0.182  0.497  0.530 6
0168 pf 08  0.376 -0.078  0.384 4
0168 pf 09  0.277  0.447  0.526 6
0168 pf 10  0.286 -0.315  0.425 3
0192 em 00  0.365 -0.001  0.365 4
0192 cf 00  0.560  0.065  0.564 5
0192 pf 01  0.073  0.274  0.284 6
0192 pf 02  0.575 -0.796  0.982 3
0192 pf 03  0.141 -0.270  0.304 3
0192 pf 04  0.829 -0.020  0.829 4
0192 pf 05  0.019 -0.097  0.099 3
0192 pf 06  0.284  0.772  0.823 6
0192 pf 07  0.057  0.398  0.402 6
0192 pf 08  0.363 -0.321  0.484 4
0192 pf 09  0.361  0.322  0.484 5
0192 pf 10  0.587 -0.160  0.609 4
0216 em 00  0.405 -0.144  0.430 4
0216 cf 00  0.657  0.136  0.671 5
0216 pf 01 -0.010  0.027  0.029 7
0216 pf 02  0.763 -1.060  1.306 3
0216 pf 03  0.278 -0.279  0.394 3
0216 pf 04  0.886 -0.062  0.888 4
0216 pf 05  0.066 -0.348  0.354 3
0216 pf 06  0.311  0.620  0.694 6
0216 pf 07 -0.132  0.408  0.429 7
0216 pf 08  0.489 -0.628  0.796 3
0216 pf 09  0.361  0.086  0.371 5
0216 pf 10  0.600 -0.319  0.680 4
0240 em 00  0.278 -0.238  0.366 4
0240 cf 00  0.566  0.203  0.601 5
0240 pf 01 -0.305 -0.024  0.306 1
0240 pf 02  0.792 -1.217  1.452 3
0240 pf 03  0.159 -0.223  0.274 3
0240 pf 04  0.718 -0.036  0.719 4
0240 pf 05  0.146 -0.664  0.680 3
0240 pf 06  0.204  0.615  0.648 6
0240 pf 07 -0.557  0.193  0.589 8
0240 pf 08  0.502 -0.648  0.819 3
0240 pf 09  0.221 -0.100  0.243 4
0240 pf 10  0.445 -0.562  0.717 3
0264 em 00  0.158 -0.260  0.304 3
0264 cf 00  0.233  0.048  0.238 5
0264 pf 01 -0.645  0.110  0.654 8
0264 pf 02  0.701 -0.933  1.167 3
0264 pf 03  0.194 -0.236  0.306 3
0264 pf 04  0.551  0.178  0.579 5
0264 pf 05  0.357 -0.901  0.969 3
0264 pf 06  0.064  0.276  0.283 6
0264 pf 07 -0.760  0.187  0.782 8
0264 pf 08  0.523 -0.817  0.970 3
0264 pf 09  0.033 -0.113  0.118 3
0264 pf 10  0.326 -0.520  0.614 3
0288 em 00  0.306 -0.206  0.369 4
0288 cf 00  0.367  0.206  0.421 5
0288 pf 01 -0.511  0.121  0.525 8
0288 pf 02  1.018 -0.768  1.275 4
0288 pf 03  0.228 -0.070  0.239 4
0288 pf 04  0.660  0.368  0.756 5
0288 pf 05  0.797 -0.891  1.195 3
0288 pf 06  0.323  0.126  0.347 5
0288 pf 07 -0.820 -0.013  0.820 1
0288 pf 08  0.430 -0.850  0.952 3
0288 pf 09  0.273  0.014  0.273 5
0288 pf 10  0.413 -0.377  0.559 4
0312 em 00  0.461 -0.311  0.556 4
0312 cf 00  0.389 -0.008  0.389 4
0312 pf 01 -0.389  0.095  0.400 8
0312 pf 02  1.543 -0.674  1.684 4
0312 pf 03  0.232 -0.073  0.243 4
0312 pf 04  0.572  0.548  0.793 5
0312 pf 05  1.235 -1.128  1.672 4
0312 pf 06  0.454  0.003  0.454 5
0312 pf 07 -0.695 -0.479  0.844 1
0312 pf 08  0.552 -1.032  1.171 3
0312 pf 09  0.563  0.117  0.575 5
0312 pf 10  0.381 -0.682  0.781 3
0336 em 00  0.472 -0.305  0.562 4
0336 cf 00  0.318 -0.155  0.354 4
0336 pf 01 -0.403  0.109  0.418 8
0336 pf 02  1.586 -0.556  1.681 4
0336 pf 03  0.112 -0.206  0.234 3
0336 pf 04  0.627  0.675  0.921 6
0336 pf 05  1.372 -1.107  1.763 4
0336 pf 06  0.323  0.039  0.326 5
0336 pf 07 -0.418 -0.572  0.708 2
0336 pf 08  0.416 -0.892  0.984 3
0336 pf 09  0.672  0.434  0.800 5
0336 pf 10  0.371 -1.046  1.110 3
0360 em 00  0.510 -0.257  0.572 4
0360 cf 00  0.290 -0.130  0.317 4
0360 pf 01  0.062  0.330  0.336 6
0360 pf 02  1.601 -0.111  1.605 4
0360 pf 03  0.070 -0.273  0.282 3
0360 pf 04  0.481  0.685  0.837 6
0360 pf 05  1.471 -1.024  1.793 4
0360 pf 06  0.373 -0.028  0.374 4
0360 pf 07 -0.371 -0.660  0.757 2
0360 pf 08  0.581 -0.838  1.020 3
0360 pf 09  0.313  0.387  0.497 6
0360 pf 10  0.561 -1.116  1.249 3
0384 em 00  0.574 -0.147  0.593 4
0384 cf 00  0.390 -0.074  0.397 4
0384 pf 01  0.415  0.438  0.604 6
0384 pf 02  1.865  0.408  1.909 5
0384 pf 03  0.401 -0.458  0.609 3
0384 pf 04  0.622  0.832  1.039 6
0384 pf 05  1.386 -1.274  1.882 4
0384 pf 06  0.329 -0.095  0.343 4
0384 pf 07 -0.368 -0.585  0.691 2
0384 pf 08  0.843 -0.622  1.048 4
0384 pf 09 -0.209  0.617  0.651 7
0384 pf 10  0.470 -0.769  0.901 3
0408 em 00  0.625 -0.242  0.670 4
0408 cf 00  0.301 -0.264  0.400 4
0408 pf 01  0.740  0.525  0.907 5
0408 pf 02  1.999  0.789  2.149 5
0408 pf 03  0.488 -0.460  0.671 4
0408 pf 04  0.550  0.544  0.774 5
0408 pf 05  1.651 -1.660  2.341 3
0408 pf 06  0.316 -0.276  0.420 4
0408 pf 07 -0.233 -0.843  0.875 2
0408 pf 08  0.971 -0.673  1.182 4
0408 pf 09 -0.573  0.454  0.731 8
0408 pf 10  0.495 -0.769  0.914 3
0432 em 00  0.687 -0.338  0.765 4
0432 cf 00  0.399 -0.552  0.681 3
0432 pf 01  0.924  0.723  1.173 5
0432 pf 02  1.762  0.768  1.922 5
0432 pf 03  0.482 -0.305  0.570 4
0432 pf 04  0.309  0.300  0.431 5
0432 pf 05  1.669 -1.459  2.216 4
0432 pf 06  0.617 -0.344  0.707 4
0432 pf 07  0.116 -0.966  0.973 3
0432 pf 08  1.014 -0.959  1.396 4
0432 pf 09 -0.603  0.072  0.608 8
0432 pf 10  0.718 -0.969  1.206 3
0456 em 00  0.800 -0.332  0.866 4
0456 cf 00  0.391 -0.680  0.784 3
0456 pf 01  1.204  0.534  1.317 5
0456 pf 02  1.441  1.059  1.789 5
0456 pf 03  0.043 -0.428  0.430 3
0456 pf 04  0.163  0.450  0.478 6
0456 pf 05  1.739 -1.252  2.143 4
0456 pf 06  1.115 -0.471  1.211 4
0456 pf 07  0.653 -0.985  1.182 3
0456 pf 08  1.197 -0.942  1.523 4
0456 pf 09 -0.239 -0.014  0.239 1
0456 pf 10  0.955 -0.908  1.318 4
0480 em 00  0.877 -0.176  0.895 4
0480 cf 00  0.427 -0.804  0.910 3
0480 pf 01  1.184  0.593  1.324 5
0480 pf 02  1.289  1.464  1.951 6
0480 pf 03 -0.539 -0.515  0.745 1
0480 pf 04  0.106  0.881  0.887 6
0480 pf 05  1.744 -0.969  1.995 4
0480 pf 06  1.450 -0.407  1.506 4
0480 pf 07  1.196 -1.125  1.642 4
0480 pf 08  1.499 -0.514  1.585 4
0480 pf 09  0.131 -0.049  0.140 4
0480 pf 10  1.018 -0.473  1.122 4
0504 em 00  0.952 -0.065  0.955 4
0504 cf 00  0.796 -0.797  1.126 3
0504 pf 01  1.355  0.697  1.523 5
0504 pf 02  1.170  1.413  1.835 6
0504 pf 03 -0.871 -0.276  0.913 1
0504 pf 04  0.183  1.055  1.071 6
0504 pf 05  1.688 -0.452  1.747 4
0504 pf 06  1.601 -0.197  1.613 4
0504 pf 07  1.641 -1.410  2.163 4
0504 pf 08  1.305 -0.352  1.351 4
0504 pf 09  0.491 -0.077  0.497 4
0504 pf 10  0.983 -0.330  1.037 4
0528 em 00  0.890 -0.049  0.891 4
0528 cf 00  1.028 -0.781  1.291 4
0528 pf 01  0.867  0.633  1.073 5
0528 pf 02  1.017  1.315  1.663 6
0528 pf 03 -1.155 -0.229  1.178 1
0528 pf 04  0.383  0.975  1.048 6
0528 pf 05  1.459 -0.397  1.512 4
0528 pf 06  1.494  0.086  1.497 5
0528 pf 07  1.868 -1.389  2.327 4
0528 pf 08  1.174 -0.287  1.208 4
0528 pf 09  0.490 -0.088  0.498 4
0528 pf 10  1.061 -0.378  1.127 4
0552 em 00  0.827  0.068  0.830 5
0552 cf 00  1.129 -0.674  1.314 4
0552 pf 01  0.746  0.704  1.026 5
0552 pf 02  1.136  1.351  1.765 6
0552 pf 03 -1.130 -0.236  1.154 1
0552 pf 04  0.468  0.776  0.906 6
0552 pf 05  0.852 -0.293  0.902 4
0552 pf 06  1.352  0.464  1.429 5
0552 pf 07  1.958 -1.218  2.306 4
0552 pf 08  1.297 -0.054  1.298 4
0552 pf 09  0.280 -0.162  0.324 4
0552 pf 10  0.923  0.119  0.931 5
0576 em 00  0.770  0.185  0.792 5
0576 cf 00  0.949 -0.389  1.026 4
0576 pf 01  0.657  0.839  1.066 6
0576 pf 02  1.253  1.148  1.699 5
0576 pf 03 -0.958 -0.186  0.976 1
0576 pf 04  0.707  0.741  1.024 6
0576 pf 05  0.089 -0.311  0.324 3
0576 pf 06  1.069  0.722  1.290 5
0576 pf 07  2.484 -0.828  2.619 4
0576 pf 08  1.361  0.269  1.387 5
0576 pf 09  0.286 -0.066  0.293 4
0576 pf 10  0.501  0.147  0.522 5
0600 em 00  0.683  0.202  0.712 5
0600 cf 00  0.879 -0.013  0.879 4
0600 pf 01  0.600  0.919  1.097 6
0600 pf 02  1.031  1.058  1.477 6
0600 pf 03 -0.992 -0.023  0.993 1
0600 pf 04  0.855  0.632  1.063 5
0600 pf 05 -0.102 -0.389  0.402 2
0600 pf 06  0.772  0.640  1.003 5
0600 pf 07  2.440 -0.741  2.550 4
0600 pf 08  1.124  0.112  1.130 5
0600 pf 09  0.470 -0.126  0.487 4
0600 pf 10  0.374  0.216  0.432 5
0624 em 00  0.588  0.221  0.628 5
0624 cf 00  0.893  0.205  0.916 5
0624 pf 01  0.030  0.940  0.940 6
0624 pf 02  0.696  0.769  1.037 6
0624 pf 03 -0.766 -0.122  0.775 1
0624 pf 04  0.736  0.573  0.933 5
0624 pf 05  0.096 -0.597  0.604 3
0624 pf 06  0.447  0.782  0.900 6
0624 pf 07  2.156 -0.467  2.206 4
0624 pf 08  0.889  0.032  0.889 5
0624 pf 09  0.942  0.276  0.981 5
0624 pf 10  0.312  0.105  0.329 5
0648 em 00  0.587  0.225  0.628 5
0648 cf 00  0.770  0.581  0.965 5
0648 pf 01 -0.091  0.817  0.822 7
0648 pf 02  0.555  0.631  0.841 6
0648 pf 03 -0.586 -0.012  0.586 1
0648 pf 04  0.778  0.635  1.004 5
0648 pf 05  0.255 -0.705  0.750 3
0648 pf 06  0.501  0.797  0.941 6
0648 pf 07  2.012 -0.411  2.054 4
0648 pf 08  0.723  0.003  0.723 5
0648 pf 09  1.155  0.048  1.156 5
0648 pf 10  0.331  0.148  0.363 5
0672 em 00  0.637  0.214  0.672 5
0672 cf 00  0.602  1.025  1.188 6
0672 pf 01 -0.055  0.451  0.454 7
0672 pf 02  0.265  0.312  0.409 6
0672 pf 03 -0.294 -0.219  0.366 1
0672 pf 04  0.954  0.406  1.037 5
0672 pf 05  0.302 -0.818  0.872 3
0672 pf 06  0.567  0.739  0.932 6
0672 pf 07  2.115 -0.203  2.125 4
0672 pf 08  0.706  0.265  0.754 5
0672 pf 09  1.318 -0.122  1.323 4
0672 pf 10  0.466  0.608  0.766 6
0696 em 00  0.755  0.122  0.764 5
0696 cf 00  0.643  1.319  1.467 6
0696 pf 01  0.195 -0.145  0.243 4
0696 pf 02  0.071  0.154  0.169 6
0696 pf 03  0.113 -0.266  0.289 3
0696 pf 04  1.001  0.471  1.106 5
0696 pf 05  0.638 -0.996  1.183 3
0696 pf 06  0.480  0.289  0.560 5
0696 pf 07  2.324 -0.033  2.324 4
0696 pf 08  0.986  0.470  1.092 5
0696 pf 09  1.504 -0.404  1.557 4
0696 pf 10  0.278  0.602  0.663 6
0720 em 00  0.848  0.075  0.852 5
0720 cf 00  0.387  1.361  1.415 6
0720 pf 01  0.124 -0.428  0.446 3
0720 pf 02  0.248 -0.118  0.274 4
0720 pf 03  0.375 -0.226  0.437 4
0720 pf 04  1.023  0.789  1.292 5
0720 pf 05  0.839 -1.227  1.486 3
0720 pf 06  0.421  0.064  0.426 5
0720 pf 07  2.579 -0.154  2.583 4
0720 pf 08  1.031  0.419  1.113 5
0720 pf 09  1.902 -0.347  1.934 4
0720 pf 10  0.323  0.818  0.879 6
0744 em 00  0.874  0.063  0.876 5
0744 cf 00 -0.209  1.142  1.161 7
0744 pf 01 -0.100 -0.621  0.629 2
0744 pf 02  0.602 -0.209  0.637 4
0744 pf 03  0.650 -0.141  0.665 4
0744 pf 04  1.090  0.967  1.458 5
0744 pf 05  1.111 -1.379  1.771 3
0744 pf 06  0.335 -0.024  0.336 4
0744 pf 07  2.851  0.021  2.851 5
0744 pf 08  0.939  0.369  1.009 5
0744 pf 09  1.817 -0.195  1.828 4
0744 pf 10  0.420  0.897  0.991 6
0768 em 00  0.912  0.060  0.914 5
0768 cf 00 -0.617  0.982  1.160 7
0768 pf 01 -0.268 -0.628  0.683 2
0768 pf 02  0.598 -0.346  0.691 4
0768 pf 03  0.946  0.019  0.946 5
0768 pf 04  0.865  0.862  1.221 5
0768 pf 05  1.589 -1.285  2.044 4
0768 pf 06  0.628  0.166  0.650 5
0768 pf 07  3.022 -0.009  3.022 4
0768 pf 08  0.827  0.378  0.909 5
0768 pf 09  2.152 -0.112  2.155 4
0768 pf 10  0.148  0.751  0.765 6
0792 em 00  0.829  0.145  0.841 5
0792 cf 00 -0.875  0.906  1.260 7
0792 pf 01 -0.616 -0.415  0.742 1
0792 pf 02  0.600 -0.337  0.688 4
0792 pf 03  1.069  0.159  1.081 5
0792 pf 04  0.532  0.865  1.016 6
0792 pf 05  1.560 -1.125  1.923 4
0792 pf 06  0.793  0.488  0.931 5
0792 pf 07  2.856 -0.034  2.856 4
0792 pf 08  0.653  0.359  0.745 5
0792 pf 09  2.415  0.053  2.415 5
0792 pf 10 -0.023  0.769  0.769 7
0816 em 00  0.789  0.327  0.854 5
0816 cf 00 -0.821  0.785  1.136 8
0816 pf 01 -0.965 -0.076  0.968 1
0816 pf 02  0.938 -0.413  1.025 4
0816 pf 03  0.970  0.271  1.007 5
0816 pf 04  0.468  1.044  1.144 6
0816 pf 05  1.546 -0.863  1.770 4
0816 pf 06  0.779  1.075  1.328 6
0816 pf 07  2.542  0.240  2.554 5
0816 pf 08  0.354  0.199  0.406 5
0816 pf 09  2.741  0.561  2.798 5
0816 pf 10 -0.058  0.820  0.822 7
0840 em 00  0.680  0.380  0.779 5
0840 cf 00 -0.848  0.676  1.085 8
0840 pf 01 -1.207  0.193  1.223 8
0840 pf 02  0.998 -0.367  1.064 4
0840 pf 03  0.917  0.551  1.070 5
0840 pf 04  0.094  0.870  0.875 6
0840 pf 05  1.942 -0.921  2.149 4
0840 pf 06  0.581  1.368  1.486 6
0840 pf 07  1.959  0.458  2.011 5
0840 pf 08  0.456 -0.094  0.465 4
0840 pf 09  2.391  0.696  2.490 5
0840 pf 10 -0.007  0.735  0.735 7
0864 em 00  0.680  0.494  0.841 5
0864 cf 00 -0.673  0.417  0.792 8
0864 pf 01 -1.361  0.276  1.389 8
0864 pf 02  1.024 -0.098  1.028 4
0864 pf 03  1.134  0.706  1.335 5
0864 pf 04  0.206  1.022  1.043 6
0864 pf 05  2.298 -0.633  2.384 4
0864 pf 06  1.047  1.617  1.926 6
0864 pf 07  1.444  0.853  1.678 5
0864 pf 08  0.523 -0.139  0.541 4
0864 pf 09  1.989  0.965  2.211 5
0864 pf 10 -0.370  0.437  0.572 7
0888 em 00  0.694  0.599  0.916 5
0888 cf 00 -0.465  0.245  0.525 8
0888 pf 01 -1.296  0.013  1.296 8
0888 pf 02  0.825  0.325  0.887 5
0888 pf 03  0.912  0.514  1.047 5
0888 pf 04  0.312  1.275  1.312 6
0888 pf 05  2.456 -0.200  2.464 4
0888 pf 06  1.229  1.837  2.210 6
0888 pf 07  1.092  1.058  1.521 5
0888 pf 08  0.767  0.072  0.770 5
0888 pf 09  2.161  1.219  2.481 5
0888 pf 10 -0.605  0.218  0.643 8
0912 em 00  0.658  0.622  0.905 5
0912 cf 00 -0.328  0.186  0.377 8
0912 pf 01 -1.049 -0.189  1.066 1
0912 pf 02  0.808  0.529  0.966 5
0912 pf 03  0.525  0.299  0.604 5
0912 pf 04  0.453  1.300  1.377 6
0912 pf 05  2.602  0.039  2.603 5
0912 pf 06  1.001  1.733  2.001 6
0912 pf 07  0.962  1.006  1.392 6
0912 pf 08  0.568  0.341  0.663 5
0912 pf 09  2.152  1.466  2.604 5
0912 pf 10 -0.691  0.122  0.701 8
0936 em 00  0.562  0.673  0.876 6
0936 cf 00 -0.072  0.243  0.253 7
0936 pf 01 -0.716 -0.084  0.721 1
0936 pf 02  0.579  0.789  0.979 6
0936 pf 03  0.432  0.391  0.583 5
0936 pf 04  0.636  1.432  1.567 6
0936 pf 05  2.456  0.064  2.457 5
0936 pf 06  0.654  1.871  1.982 6
0936 pf 07  0.124  0.903  0.911 6
0936 pf 08  0.283  0.402  0.491 6
0936 pf 09  1.978  1.555  2.516 5
0936 pf 10 -0.387 -0.196  0.433 1
0960 em 00  0.501  0.715  0.873 6
0960 cf 00  0.422  0.161  0.452 5
0960 pf 01 -0.778 -0.048  0.779 1
0960 pf 02  0.111  0.960  0.967 6
0960 pf 03  0.364  0.470  0.594 6
0960 pf 04  1.043  1.445  1.782 6
0960 pf 05  2.275  0.038  2.275 5
0960 pf 06  0.314  1.670  1.699 6
0960 pf 07 -0.076  1.068  1.071 7
0960 pf 08 -0.242  0.591  0.638 7
0960 pf 09  1.831  1.463  2.344 5
0960 pf 10  0.026 -0.018  0.032 4
0984 em 00  0.381  0.690  0.788 6
0984 cf 00  0.464 -0.013  0.464 4
0984 pf 01 -0.908 -0.119  0.916 1
0984 pf 02 -0.524  0.955  1.089 7
0984 pf 03  0.323  0.563  0.649 6
0984 pf 04  1.436  1.354  1.973 5
0984 pf 05  2.200 -0.126  2.203 4
0984 pf 06  0.001  1.488  1.488 7
0984 pf 07 -0.158  1.233  1.243 7
0984 pf 08 -0.622  0.741  0.968 7
0984 pf 09  1.550  1.535  2.181 5
0984 pf 10  0.212 -0.065  0.222 4
1008 em 00  0.330  0.788  0.854 6
1008 cf 00  0.161 -0.262  0.308 3
1008 pf 01 -0.746  0.072  0.750 8
1008 pf 02 -0.542  0.829  0.990 7
1008 pf 03  0.485  0.642  0.805 6
1008 pf 04  1.585  1.341  2.076 5
1008 pf 05  2.194  0.167  2.200 5
1008 pf 06 -0.572  1.622  1.720 7
1008 pf 07  0.032  1.204  1.205 6
1008 pf 08 -1.131  0.846  1.413 8
1008 pf 09  1.557  1.943  2.489 6
1008 pf 10  0.395  0.196  0.441 5
1032 em 00  0.305  0.840  0.894 6
1032 cf 00  0.046 -0.427  0.430 3
1032 pf 01 -0.691  0.412  0.804 8
1032 pf 02 -0.398  0.303  0.501 8
1032 pf 03  0.812  0.973  1.267 6
1032 pf 04  1.671  1.395  2.177 5
1032 pf 05  2.104  0.602  2.188 5
1032 pf 06 -0.891  1.566  1.802 7
1032 pf 07  0.127  1.093  1.100 6
1032 pf 08 -1.065  0.903  1.396 8
1032 pf 09  1.223  2.123  2.450 6
1032 pf 10  0.225  0.224  0.317 5
1056 em 00  0.268  0.900  0.939 6
1056 cf 00  0.091 -0.556  0.564 3
1056 pf 01 -0.544  0.411  0.682 8
1056 pf 02 -0.432  0.096  0.443 8
1056 pf 03  0.904  1.342  1.618 6
1056 pf 04  1.476  1.257  1.939 5
1056 pf 05  1.839  1.008  2.097 5
1056 pf 06 -0.817  1.140  1.402 7
1056 pf 07  0.051  1.054  1.056 6
1056 pf 08 -0.762  1.167  1.394 7
1056 pf 09  0.702  2.306  2.410 6
1056 pf 10  0.266  0.582  0.640 6
1080 em 00  0.142  0.921  0.931 6
1080 cf 00  0.270 -0.595  0.653 3
1080 pf 01 -0.464  0.454  0.649 8
1080 pf 02 -0.476 -0.060  0.480 1
1080 pf 03  0.949  1.425  1.712 6
1080 pf 04  0.865  1.414  1.657 6
1080 pf 05  1.835  1.102  2.141 5
1080 pf 06 -0.703  0.715  1.003 7
1080 pf 07 -0.308  0.773  0.832 7
1080 pf 08 -0.536  1.271  1.380 7
1080 pf 09 -0.064  2.654  2.655 7
1080 pf 10  0.030  0.855  0.855 6
1104 em 00  0.009  0.930  0.930 6
1104 cf 00  0.377 -0.652  0.753 3
1104 pf 01 -0.255  0.540  0.597 7
1104 pf 02 -0.395 -0.015  0.395 1
1104 pf 03  0.805  1.537  1.735 6
1104 pf 04  0.302  1.620  1.648 6
1104 pf 05  1.501  1.070  1.843 5
1104 pf 06 -0.432  0.440  0.616 7
1104 pf 07 -0.242  0.839  0.873 7
1104 pf 08 -0.928  1.137  1.468 7
1104 pf 09 -0.676  2.671  2.756 7
1104 pf 10 -0.113  0.912  0.919 7
