ecmf prod rf 2002051600 20160516 11 046
0024 em 00  0.612  1.587  1.700 6
0024 cf 00  0.549  1.569  1.662 6
0024 pf 01  0.590  1.465  1.579 6
0024 pf 02  0.631  1.572  1.694 6
0024 pf 03  0.504  1.618  1.695 6
0024 pf 04  0.645  1.388  1.531 6
0024 pf 05  0.527  1.560  1.647 6
0024 pf 06  0.562  1.665  1.757 6
0024 pf 07  0.710  1.653  1.799 6
0024 pf 08  0.628  1.601  1.720 6
0024 pf 09  0.762  1.535  1.714 6
0024 pf 10  0.529  1.583  1.669 6
0048 em 00  0.394  1.456  1.508 6
0048 cf 00  0.379  1.371  1.422 6
0048 pf 01  0.365  1.197  1.251 6
0048 pf 02  0.324  1.581  1.614 6
0048 pf 03  0.282  1.219  1.252 6
0048 pf 04  0.372  1.275  1.328 6
0048 pf 05  0.320  1.346  1.383 6
0048 pf 06  0.498  1.543  1.621 6
0048 pf 07  0.550  1.692  1.779 6
0048 pf 08  0.355  1.621  1.659 6
0048 pf 09  0.476  1.507  1.580 6
0048 pf 10  0.361  1.436  1.480 6
0072 em 00  0.280  1.350  1.379 6
0072 cf 00  0.275  1.220  1.251 6
0072 pf 01  0.347  1.108  1.161 6
0072 pf 02  0.116  1.244  1.250 6
0072 pf 03  0.093  1.149  1.153 6
0072 pf 04  0.160  1.272  1.282 6
0072 pf 05  0.281  1.198  1.231 6
0072 pf 06  0.293  1.523  1.551 6
0072 pf 07  0.564  1.694  1.785 6
0072 pf 08  0.166  1.407  1.416 6
0072 pf 09  0.412  1.403  1.463 6
0072 pf 10  0.361  1.413  1.459 6
0096 em 00  0.233  1.408  1.427 6
0096 cf 00  0.270  1.274  1.302 6
0096 pf 01  0.310  1.284  1.321 6
0096 pf 02  0.267  1.125  1.157 6
0096 pf 03 -0.021  1.098  1.098 7
0096 pf 04  0.204  1.460  1.474 6
0096 pf 05  0.280  1.278  1.309 6
0096 pf 06  0.113  1.717  1.721 6
0096 pf 07  0.419  1.746  1.795 6
0096 pf 08 -0.076  1.629  1.631 7
0096 pf 09  0.327  1.283  1.324 6
0096 pf 10  0.461  1.350  1.426 6
0120 em 00  0.121  1.326  1.332 6
0120 cf 00  0.200  1.300  1.315 6
0120 pf 01  0.151  1.172  1.182 6
0120 pf 02  0.114  1.053  1.059 6
0120 pf 03 -0.089  0.997  1.001 7
0120 pf 04  0.152  1.526  1.534 6
0120 pf 05  0.191  1.176  1.192 6
0120 pf 06 -0.155  1.423  1.432 7
0120 pf 07  0.237  1.596  1.614 6
0120 pf 08 -0.171  1.497  1.507 7
0120 pf 09  0.205  1.291  1.308 6
0120 pf 10  0.508  1.288  1.384 6
0144 em 00 -0.084  1.138  1.141 7
0144 cf 00  0.095  1.178  1.182 6
0144 pf 01 -0.053  0.941  0.943 7
0144 pf 02 -0.201  0.878  0.901 7
0144 pf 03 -0.258  0.777  0.819 7
0144 pf 04 -0.165  1.139  1.151 7
0144 pf 05 -0.034  1.081  1.082 7
0144 pf 06 -0.192  1.194  1.210 7
0144 pf 07  0.015  1.437  1.437 6
0144 pf 08 -0.312  1.162  1.203 7
0144 pf 09 -0.027  1.130  1.131 7
0144 pf 10  0.248  1.345  1.367 6
0168 em 00 -0.421  0.888  0.983 7
0168 cf 00 -0.221  0.952  0.977 7
0168 pf 01 -0.470  0.786  0.916 7
0168 pf 02 -0.436  0.697  0.822 7
0168 pf 03 -0.637  0.511  0.816 8
0168 pf 04 -0.571  0.948  1.106 7
0168 pf 05 -0.384  0.980  1.053 7
0168 pf 06 -0.439  0.625  0.764 7
0168 pf 07 -0.540  0.993  1.131 7
0168 pf 08 -0.504  0.867  1.003 7
0168 pf 09 -0.237  0.839  0.872 7
0168 pf 10 -0.115  1.335  1.340 7
0192 em 00 -0.693  0.723  1.002 7
0192 cf 00 -0.478  0.962  1.074 7
0192 pf 01 -0.814  0.675  1.058 8
0192 pf 02 -0.710  0.489  0.862 8
0192 pf 03 -1.174  0.501  1.276 8
0192 pf 04 -0.921  0.796  1.217 8
0192 pf 05 -0.673  0.812  1.054 7
0192 pf 06 -0.631  0.388  0.741 8
0192 pf 07 -0.702  0.593  0.919 8
0192 pf 08 -0.609  0.776  0.986 7
0192 pf 09 -0.489  0.485  0.689 8
0192 pf 10 -0.286  1.249  1.282 7
0216 em 00 -0.869  0.759  1.154 8
0216 cf 00 -0.831  1.058  1.346 7
0216 pf 01 -1.140  0.615  1.296 8
0216 pf 02 -0.839  0.449  0.952 8
0216 pf 03 -1.313  0.751  1.513 8
0216 pf 04 -1.070  0.900  1.399 8
0216 pf 05 -0.884  1.097  1.409 7
0216 pf 06 -0.598  0.276  0.659 8
0216 pf 07 -0.739  0.400  0.840 8
0216 pf 08 -0.833  0.723  1.104 8
0216 pf 09 -0.632  0.660  0.914 7
0216 pf 10 -0.530  1.200  1.312 7
0240 em 00 -0.964  0.666  1.172 8
0240 cf 00 -0.994  0.942  1.370 8
0240 pf 01 -1.293  0.486  1.381 8
0240 pf 02 -0.916  0.401  1.000 8
0240 pf 03 -1.473  0.610  1.595 8
0240 pf 04 -1.261  0.940  1.573 8
0240 pf 05 -0.923  0.959  1.331 7
0240 pf 06 -0.557  0.144  0.575 8
0240 pf 07 -0.674  0.143  0.689 8
0240 pf 08 -1.033  0.802  1.308 8
0240 pf 09 -0.762  0.558  0.945 8
0240 pf 10 -0.542  1.129  1.252 7
0264 em 00 -0.920  0.623  1.111 8
0264 cf 00 -1.149  0.788  1.393 8
0264 pf 01 -1.283  0.290  1.315 8
0264 pf 02 -0.844  0.331  0.907 8
0264 pf 03 -1.374  0.436  1.442 8
0264 pf 04 -1.153  0.939  1.488 8
0264 pf 05 -0.932  0.931  1.318 8
0264 pf 06 -0.526  0.251  0.583 8
0264 pf 07 -0.545  0.178  0.573 8
0264 pf 08 -0.898  0.933  1.295 7
0264 pf 09 -0.656  0.578  0.875 8
0264 pf 10 -0.555  1.015  1.157 7
0288 em 00 -0.928  0.476  1.043 8
0288 cf 00 -1.255  0.463  1.337 8
0288 pf 01 -1.067  0.000  1.067 1
0288 pf 02 -0.860  0.407  0.951 8
0288 pf 03 -1.506  0.100  1.509 8
0288 pf 04 -1.322  0.643  1.470 8
0288 pf 05 -0.812  0.888  1.203 7
0288 pf 06 -0.430  0.217  0.482 8
0288 pf 07 -0.452  0.141  0.474 8
0288 pf 08 -0.912  0.918  1.294 7
0288 pf 09 -0.834  0.388  0.920 8
0288 pf 10 -0.541  0.951  1.094 7
0312 em 00 -0.867  0.365  0.941 8
0312 cf 00 -1.431  0.189  1.444 8
0312 pf 01 -0.969 -0.224  0.995 1
0312 pf 02 -0.531  0.671  0.855 7
0312 pf 03 -1.278  0.059  1.279 8
0312 pf 04 -1.331  0.666  1.489 8
0312 pf 05 -0.510  0.608  0.794 7
0312 pf 06 -0.283  0.191  0.342 8
0312 pf 07 -0.524  0.199  0.560 8
0312 pf 08 -1.058  0.714  1.276 8
0312 pf 09 -0.860  0.131  0.870 8
0312 pf 10 -0.551  0.751  0.931 7
0336 em 00 -0.793  0.237  0.828 8
0336 cf 00 -1.624 -0.163  1.632 1
0336 pf 01 -0.618 -0.227  0.659 1
0336 pf 02 -0.417  0.714  0.827 7
0336 pf 03 -0.852 -0.106  0.858 1
0336 pf 04 -1.223  0.316  1.263 8
0336 pf 05 -0.617  0.628  0.880 7
0336 pf 06 -0.247  0.175  0.303 8
0336 pf 07 -0.449  0.338  0.562 8
0336 pf 08 -0.947  0.637  1.141 8
0336 pf 09 -0.894 -0.198  0.916 1
0336 pf 10 -0.656  0.495  0.822 8
0360 em 00 -0.667  0.065  0.670 8
0360 cf 00 -1.481 -0.454  1.549 1
0360 pf 01 -0.307 -0.149  0.341 1
0360 pf 02 -0.363  0.586  0.690 7
0360 pf 03 -0.434 -0.256  0.503 1
0360 pf 04 -1.161 -0.078  1.164 1
0360 pf 05 -0.500  0.590  0.773 7
0360 pf 06 -0.268 -0.072  0.278 1
0360 pf 07 -0.296  0.343  0.453 7
0360 pf 08 -0.826  0.522  0.977 8
0360 pf 09 -0.822 -0.533  0.980 1
0360 pf 10 -0.742  0.249  0.783 8
0384 em 00 -0.490 -0.038  0.491 1
0384 cf 00 -1.070 -0.529  1.193 1
0384 pf 01 -0.023 -0.086  0.088 2
0384 pf 02 -0.420  0.541  0.685 7
0384 pf 03 -0.285 -0.521  0.594 2
0384 pf 04 -1.047 -0.378  1.113 1
0384 pf 05 -0.799  0.409  0.898 8
0384 pf 06  0.013 -0.232  0.233 3
0384 pf 07 -0.074  0.446  0.452 7
0384 pf 08 -0.586  0.599  0.838 7
0384 pf 09 -0.358 -0.888  0.957 2
0384 pf 10 -0.658  0.278  0.715 8
0408 em 00 -0.277 -0.061  0.283 1
0408 cf 00 -0.614 -0.582  0.846 1
0408 pf 01  0.282  0.075  0.292 5
0408 pf 02 -0.281  0.434  0.517 7
0408 pf 03  0.032 -0.396  0.397 3
0408 pf 04 -0.552 -0.274  0.617 1
0408 pf 05 -0.992  0.211  1.014 8
0408 pf 06  0.130 -0.472  0.490 3
0408 pf 07  0.078  0.195  0.210 6
0408 pf 08 -0.748  0.689  1.017 8
0408 pf 09  0.207 -0.878  0.902 3
0408 pf 10 -0.540  0.425  0.688 8
0432 em 00 -0.129 -0.116  0.174 1
0432 cf 00 -0.503 -0.618  0.797 2
0432 pf 01  0.468  0.244  0.528 5
0432 pf 02  0.006  0.503  0.503 6
0432 pf 03  0.384 -0.333  0.508 4
0432 pf 04  0.110 -0.482  0.494 3
0432 pf 05 -0.940  0.060  0.942 8
0432 pf 06 -0.148 -0.813  0.827 2
0432 pf 07  0.392  0.072  0.399 5
0432 pf 08 -0.849  0.599  1.039 8
0432 pf 09  0.178 -0.888  0.905 3
0432 pf 10 -0.506  0.477  0.696 8
0456 em 00 -0.039 -0.119  0.125 2
0456 cf 00 -0.400 -0.670  0.780 2
0456 pf 01  0.395  0.326  0.512 5
0456 pf 02 -0.160  0.550  0.573 7
0456 pf 03  0.382 -0.384  0.542 3
0456 pf 04  0.297 -0.263  0.397 4
0456 pf 05 -0.959  0.039  0.960 8
0456 pf 06 -0.012 -0.909  0.909 2
0456 pf 07  0.488  0.252  0.549 5
0456 pf 08 -0.562  0.375  0.675 8
0456 pf 09  0.558 -0.855  1.021 3
0456 pf 10 -0.462  0.334  0.570 8
0480 em 00  0.078 -0.103  0.129 3
0480 cf 00 -0.251 -0.384  0.459 2
0480 pf 01  0.459  0.525  0.697 6
0480 pf 02 -0.007  0.559  0.559 7
0480 pf 03  0.300 -0.521  0.602 3
0480 pf 04  0.272 -0.473  0.546 3
0480 pf 05 -0.644  0.153  0.662 8
0480 pf 06  0.362 -0.863  0.936 3
0480 pf 07  0.591  0.324  0.674 5
0480 pf 08 -0.206  0.154  0.257 8
0480 pf 09  0.583 -0.752  0.952 3
0480 pf 10 -0.624  0.213  0.660 8
0504 em 00  0.203 -0.052  0.209 4
0504 cf 00 -0.141 -0.353  0.380 2
0504 pf 01  0.456  0.542  0.708 6
0504 pf 02 -0.187  0.366  0.411 7
0504 pf 03  0.444 -0.362  0.573 4
0504 pf 04  0.652 -0.354  0.742 4
0504 pf 05 -0.239  0.095  0.257 8
0504 pf 06  0.848 -0.897  1.234 3
0504 pf 07  0.588  0.501  0.772 5
0504 pf 08  0.021 -0.099  0.101 3
0504 pf 09  0.598 -0.203  0.631 4
0504 pf 10 -0.849  0.219  0.876 8
0528 em 00  0.277  0.014  0.277 5
0528 cf 00 -0.036 -0.452  0.454 2
0528 pf 01  0.499  0.557  0.748 6
0528 pf 02 -0.334  0.280  0.436 8
0528 pf 03  0.541 -0.397  0.671 4
0528 pf 04  0.462 -0.337  0.572 4
0528 pf 05  0.217 -0.101  0.239 4
0528 pf 06  0.949 -0.660  1.156 4
0528 pf 07  0.912  0.502  1.040 5
0528 pf 08  0.073  0.135  0.154 6
0528 pf 09  0.408  0.169  0.442 5
0528 pf 10 -0.681  0.435  0.808 8
0552 em 00  0.317  0.066  0.324 5
0552 cf 00  0.049 -0.518  0.521 3
0552 pf 01  0.078  0.611  0.616 6
0552 pf 02 -0.174  0.305  0.352 7
0552 pf 03  0.675 -0.420  0.795 4
0552 pf 04  0.453 -0.285  0.535 4
0552 pf 05 -0.015  0.012  0.019 8
0552 pf 06  1.104 -0.216  1.125 4
0552 pf 07  0.957  0.388  1.033 5
0552 pf 08 -0.027  0.152  0.155 7
0552 pf 09  0.838  0.452  0.953 5
0552 pf 10 -0.477  0.203  0.519 8
0576 em 00  0.313  0.109  0.331 5
0576 cf 00  0.200 -0.585  0.619 3
0576 pf 01 -0.393  0.389  0.553 8
0576 pf 02 -0.014  0.577  0.577 7
0576 pf 03  0.360 -0.625  0.721 3
0576 pf 04  0.817 -0.173  0.835 4
0576 pf 05 -0.155 -0.247  0.292 2
0576 pf 06  1.298  0.289  1.330 5
0576 pf 07  0.817  0.476  0.946 5
0576 pf 08  0.216  0.007  0.216 5
0576 pf 09  0.893  0.598  1.075 5
0576 pf 10 -0.607  0.480  0.774 8
0600 em 00  0.282  0.193  0.341 5
0600 cf 00  0.337 -0.641  0.724 3
0600 pf 01 -0.439  0.353  0.564 8
0600 pf 02 -0.160  0.717  0.734 7
0600 pf 03  0.131 -0.430  0.450 3
0600 pf 04  1.034 -0.079  1.037 4
0600 pf 05  0.053 -0.126  0.137 3
0600 pf 06  1.546  0.684  1.691 5
0600 pf 07  0.630  0.800  1.018 6
0600 pf 08  0.115 -0.080  0.140 4
0600 pf 09  0.647  0.356  0.738 5
0600 pf 10 -0.776  0.560  0.957 8
0624 em 00  0.340  0.230  0.410 5
0624 cf 00  0.465 -0.543  0.715 3
0624 pf 01 -0.143  0.157  0.212 7
0624 pf 02 -0.260  0.413  0.489 7
0624 pf 03  0.253 -0.462  0.527 3
0624 pf 04  0.985 -0.035  0.986 4
0624 pf 05  0.200 -0.094  0.221 4
0624 pf 06  1.670  0.774  1.840 5
0624 pf 07  0.392  0.971  1.047 6
0624 pf 08  0.062  0.120  0.135 6
0624 pf 09  0.583  0.569  0.815 5
0624 pf 10 -0.428  0.677  0.801 7
0648 em 00  0.351  0.323  0.477 5
0648 cf 00  0.485 -0.454  0.664 4
0648 pf 01 -0.104  0.225  0.248 7
0648 pf 02 -0.171  0.472  0.502 7
0648 pf 03  0.467 -0.270  0.540 4
0648 pf 04  0.993  0.289  1.035 5
0648 pf 05  0.371 -0.072  0.378 4
0648 pf 06  1.221  0.473  1.310 5
0648 pf 07  0.405  0.918  1.004 6
0648 pf 08 -0.074  0.178  0.193 7
0648 pf 09  0.617  0.907  1.097 6
0648 pf 10 -0.296  0.883  0.932 7
0672 em 00  0.440  0.358  0.568 5
0672 cf 00  0.601 -0.589  0.842 4
0672 pf 01  0.248  0.303  0.392 6
0672 pf 02 -0.214  0.263  0.339 7
0672 pf 03  0.441 -0.201  0.485 4
0672 pf 04  0.896  0.148  0.909 5
0672 pf 05  0.537  0.049  0.539 5
0672 pf 06  1.012  0.677  1.218 5
0672 pf 07  0.364  0.920  0.989 6
0672 pf 08  0.419  0.195  0.462 5
0672 pf 09  0.669  1.042  1.238 6
0672 pf 10 -0.090  1.137  1.140 7
0696 em 00  0.539  0.498  0.734 5
0696 cf 00  0.775 -0.425  0.884 4
0696 pf 01  0.512  0.522  0.731 6
0696 pf 02 -0.044  0.032  0.055 8
0696 pf 03  0.171  0.106  0.201 5
0696 pf 04  1.147  0.239  1.171 5
0696 pf 05  0.885  0.282  0.929 5
0696 pf 06  1.044  0.798  1.315 5
0696 pf 07  0.181  0.885  0.904 6
0696 pf 08  0.702  0.389  0.802 5
0696 pf 09  0.680  1.147  1.334 6
0696 pf 10 -0.121  1.486  1.491 7
0720 em 00  0.575  0.600  0.831 6
0720 cf 00  1.043 -0.140  1.052 4
0720 pf 01  0.621  0.633  0.887 6
0720 pf 02 -0.074  0.019  0.076 8
0720 pf 03  0.243  0.519  0.573 6
0720 pf 04  0.890  0.421  0.984 5
0720 pf 05  1.009  0.315  1.057 5
0720 pf 06  1.078  1.009  1.476 5
0720 pf 07 -0.045  0.842  0.844 7
0720 pf 08  0.862  0.414  0.957 5
0720 pf 09  0.662  1.063  1.252 6
0720 pf 10  0.023  1.460  1.461 6
0744 em 00  0.572  0.632  0.852 6
0744 cf 00  1.299  0.103  1.303 5
0744 pf 01  0.808  0.435  0.918 5
0744 pf 02 -0.186  0.014  0.186 8
0744 pf 03  0.077  0.828  0.831 6
0744 pf 04  0.695  0.294  0.755 5
0744 pf 05  0.865  0.483  0.991 5
0744 pf 06  1.186  1.004  1.554 5
0744 pf 07 -0.126  0.642  0.654 7
0744 pf 08  1.061  0.471  1.161 5
0744 pf 09  0.778  1.348  1.556 6
0744 pf 10 -0.190  1.281  1.295 7
0768 em 00  0.538  0.576  0.788 6
0768 cf 00  1.449  0.091  1.452 5
0768 pf 01  0.618  0.195  0.647 5
0768 pf 02 -0.301  0.166  0.344 8
0768 pf 03 -0.073  0.876  0.879 7
0768 pf 04  0.973  0.279  1.013 5
0768 pf 05  0.895  0.560  1.056 5
0768 pf 06  1.149  1.147  1.623 5
0768 pf 07 -0.063  0.337  0.343 7
0768 pf 08  0.740  0.387  0.836 5
0768 pf 09  0.842  1.294  1.544 6
0768 pf 10 -0.328  0.952  1.007 7
0792 em 00  0.535  0.612  0.813 6
0792 cf 00  1.406  0.197  1.420 5
0792 pf 01  0.626  0.072  0.630 5
0792 pf 02 -0.121  0.174  0.212 7
0792 pf 03  0.080  0.988  0.991 6
0792 pf 04  0.940  0.442  1.039 5
0792 pf 05  1.146  0.811  1.404 5
0792 pf 06  0.817  1.117  1.384 6
0792 pf 07 -0.059  0.396  0.400 7
0792 pf 08  0.583  0.670  0.888 6
0792 pf 09  0.895  1.239  1.529 6
0792 pf 10 -0.416  0.561  0.698 7
0816 em 00  0.484  0.705  0.854 6
0816 cf 00  1.480  0.291  1.508 5
0816 pf 01  0.748  0.171  0.767 5
0816 pf 02  0.128  0.069  0.145 5
0816 pf 03 -0.099  0.705  0.711 7
0816 pf 04  0.867  0.798  1.178 5
0816 pf 05  1.066  0.852  1.365 5
0816 pf 06  0.523  1.465  1.556 6
0816 pf 07 -0.124  0.370  0.390 7
0816 pf 08  0.368  0.973  1.041 6
0816 pf 09  0.940  1.409  1.694 6
0816 pf 10 -0.494  0.591  0.770 7
0840 em 00  0.512  0.641  0.820 6
0840 cf 00  1.344  0.435  1.412 5
0840 pf 01  0.763  0.403  0.863 5
0840 pf 02  0.363 -0.050  0.366 4
0840 pf 03 -0.088  0.402  0.412 7
0840 pf 04  0.852  0.845  1.200 5
0840 pf 05  0.925  0.505  1.054 5
0840 pf 06  0.442  1.398  1.467 6
0840 pf 07  0.126  0.179  0.219 6
0840 pf 08  0.568  1.097  1.235 6
0840 pf 09  0.814  1.456  1.668 6
0840 pf 10 -0.423  0.349  0.548 8
0864 em 00  0.504  0.613  0.794 6
0864 cf 00  1.154  0.592  1.297 5
0864 pf 01  0.819  0.315  0.878 5
0864 pf 02  0.421  0.045  0.424 5
0864 pf 03  0.032  0.352  0.353 6
0864 pf 04  1.060  0.881  1.379 5
0864 pf 05  0.592  0.381  0.704 5
0864 pf 06  0.490  1.022  1.133 6
0864 pf 07  0.490  0.294  0.571 5
0864 pf 08  0.285  1.175  1.209 6
0864 pf 09  0.730  1.235  1.435 6
0864 pf 10 -0.454  0.456  0.643 7
0888 em 00  0.488  0.613  0.783 6
0888 cf 00  1.209  0.675  1.384 5
0888 pf 01  0.886  0.386  0.967 5
0888 pf 02  0.334  0.113  0.353 5
0888 pf 03  0.146  0.333  0.364 6
0888 pf 04  1.346  0.932  1.638 5
0888 pf 05  0.794  0.349  0.868 5
0888 pf 06  0.430  0.459  0.629 6
0888 pf 07  0.241  0.420  0.484 6
0888 pf 08 -0.072  1.393  1.395 7
0888 pf 09  0.487  1.356  1.441 6
0888 pf 10 -0.384  0.341  0.514 8
0912 em 00  0.628  0.772  0.995 6
0912 cf 00  1.204  0.763  1.425 5
0912 pf 01  1.256  0.724  1.450 5
0912 pf 02  0.718  0.255  0.762 5
0912 pf 03  0.037  0.153  0.157 6
0912 pf 04  1.514  1.239  1.956 5
0912 pf 05  1.425  0.658  1.569 5
0912 pf 06  0.335  0.448  0.559 6
0912 pf 07  0.204  0.802  0.828 6
0912 pf 08  0.054  1.182  1.183 6
0912 pf 09  0.233  1.923  1.937 6
0912 pf 10 -0.048  0.355  0.358 7
0936 em 00  0.750  0.918  1.186 6
0936 cf 00  1.206  1.030  1.586 5
0936 pf 01  1.556  1.148  1.934 5
0936 pf 02  0.857  0.283  0.902 5
0936 pf 03  0.198  0.149  0.247 5
0936 pf 04  1.551  1.683  2.289 6
0936 pf 05  1.603  0.953  1.865 5
0936 pf 06  0.372  0.554  0.667 6
0936 pf 07  0.133  0.869  0.879 6
0936 pf 08  0.367  1.043  1.106 6
0936 pf 09  0.453  2.238  2.284 6
0936 pf 10 -0.069  0.185  0.197 7
0960 em 00  0.816  1.019  1.306 6
0960 cf 00  1.404  1.205  1.850 5
0960 pf 01  1.608  1.471  2.179 5
0960 pf 02  1.034  0.187  1.050 5
0960 pf 03  0.321  0.309  0.445 5
0960 pf 04  1.341  2.020  2.425 6
0960 pf 05  1.442  1.189  1.869 5
0960 pf 06  0.676  0.763  1.019 6
0960 pf 07  0.214  1.077  1.098 6
0960 pf 08  0.345  0.725  0.803 6
0960 pf 09  0.622  2.213  2.299 6
0960 pf 10 -0.106  0.137  0.173 7
0984 em 00  0.760  1.053  1.299 6
0984 cf 00  1.401  1.193  1.840 5
0984 pf 01  1.298  1.613  2.070 6
0984 pf 02  0.965  0.254  0.998 5
0984 pf 03  0.203  0.456  0.499 6
0984 pf 04  1.332  2.254  2.618 6
0984 pf 05  1.435  1.162  1.846 5
0984 pf 06  0.608  1.005  1.175 6
0984 pf 07  0.306  0.847  0.901 6
0984 pf 08  0.503  0.551  0.746 6
0984 pf 09  0.284  2.255  2.272 6
0984 pf 10 -0.050  0.066  0.083 7
1008 em 00  0.717  1.177  1.378 6
1008 cf 00  1.359  1.199  1.812 5
1008 pf 01  1.051  1.997  2.257 6
1008 pf 02  1.207  0.566  1.333 5
1008 pf 03  0.233  0.482  0.535 6
1008 pf 04  1.115  2.398  2.645 6
1008 pf 05  1.250  1.579  2.014 6
1008 pf 06  0.492  1.018  1.130 6
1008 pf 07  0.381  0.745  0.837 6
1008 pf 08  0.844  0.681  1.084 5
1008 pf 09 -0.047  2.392  2.393 7
1008 pf 10 -0.110 -0.066  0.128 1
1032 em 00  0.549  1.193  1.313 6
1032 cf 00  1.142  1.443  1.840 6
1032 pf 01  1.023  2.206  2.432 6
1032 pf 02  1.228  1.170  1.697 5
1032 pf 03 -0.101  0.497  0.507 7
1032 pf 04  0.498  2.075  2.134 6
1032 pf 05  0.786  1.841  2.002 6
1032 pf 06  0.223  0.813  0.843 6
1032 pf 07  0.290  0.483  0.563 6
1032 pf 08  1.073  0.590  1.225 5
1032 pf 09 -0.193  2.080  2.089 7
1032 pf 10 -0.054 -0.021  0.058 1
1056 em 00  0.476  1.157  1.251 6
1056 cf 00  1.128  1.629  1.981 6
1056 pf 01  1.052  2.243  2.477 6
1056 pf 02  1.320  1.642  2.106 6
1056 pf 03 -0.437  0.434  0.616 8
1056 pf 04  0.237  1.951  1.966 6
1056 pf 05  0.449  1.947  1.998 6
1056 pf 06  0.005  0.430  0.430 6
1056 pf 07  0.137  0.562  0.579 6
1056 pf 08  1.419  0.630  1.553 5
1056 pf 09 -0.435  1.470  1.533 7
1056 pf 10  0.222 -0.188  0.291 4
1080 em 00  0.434  1.112  1.193 6
1080 cf 00  1.167  1.544  1.936 6
1080 pf 01  0.850  2.187  2.346 6
1080 pf 02  1.418  1.921  2.388 6
1080 pf 03 -0.550  0.393  0.676 8
1080 pf 04  0.014  1.903  1.903 6
1080 pf 05  0.251  1.849  1.866 6
1080 pf 06 -0.205  0.236  0.312 7
1080 pf 07  0.385  0.603  0.715 6
1080 pf 08  1.562  0.881  1.794 5
1080 pf 09 -0.502  1.093  1.202 7
1080 pf 10  0.259 -0.371  0.452 3
1104 em 00  0.326  1.047  1.097 6
1104 cf 00  1.152  1.601  1.973 6
1104 pf 01  0.634  2.016  2.113 6
1104 pf 02  1.105  1.810  2.120 6
1104 pf 03 -0.431  0.298  0.524 8
1104 pf 04 -0.330  1.781  1.811 7
1104 pf 05 -0.136  2.010  2.015 7
1104 pf 06 -0.262 -0.290  0.391 2
1104 pf 07  0.465  0.348  0.581 5
1104 pf 08  1.389  1.178  1.821 5
1104 pf 09 -0.423  1.026  1.110 7
1104 pf 10  0.309 -0.245  0.394 4
