ecmf prod rf 1997072100 20160721 11 046
0024 em 00  1.336  0.470  1.416 5
0024 cf 00  1.248  0.525  1.354 5
0024 pf 01  1.109  0.400  1.179 5
0024 pf 02  1.349  0.363  1.397 5
0024 pf 03  1.471  0.512  1.558 5
0024 pf 04  1.177  0.406  1.245 5
0024 pf 05  1.436  0.497  1.520 5
0024 pf 06  1.257  0.524  1.361 5
0024 pf 07  1.386  0.472  1.464 5
0024 pf 08  1.312  0.540  1.418 5
0024 pf 09  1.302  0.449  1.377 5
0024 pf 10  1.304  0.584  1.429 5
0048 em 00  1.399  0.894  1.660 5
0048 cf 00  1.372  0.887  1.634 5
0048 pf 01  1.350  0.736  1.538 5
0048 pf 02  1.419  0.812  1.635 5
0048 pf 03  1.483  0.984  1.780 5
0048 pf 04  1.440  0.940  1.720 5
0048 pf 05  1.313  0.932  1.610 5
0048 pf 06  1.431  0.946  1.716 5
0048 pf 07  1.277  0.887  1.555 5
0048 pf 08  1.233  0.973  1.571 5
0048 pf 09  1.403  0.992  1.718 5
0048 pf 10  1.318  0.792  1.537 5
0072 em 00  1.303  1.098  1.704 5
0072 cf 00  1.285  1.096  1.689 5
0072 pf 01  1.148  0.943  1.486 5
0072 pf 02  1.461  0.998  1.769 5
0072 pf 03  1.419  1.192  1.853 5
0072 pf 04  1.419  1.098  1.794 5
0072 pf 05  1.266  1.076  1.662 5
0072 pf 06  1.268  1.332  1.839 6
0072 pf 07  1.070  0.948  1.429 5
0072 pf 08  1.003  1.229  1.586 6
0072 pf 09  1.453  1.263  1.925 5
0072 pf 10  1.192  0.912  1.501 5
0096 em 00  1.094  1.406  1.781 6
0096 cf 00  1.041  1.397  1.742 6
0096 pf 01  0.868  1.346  1.602 6
0096 pf 02  1.157  1.314  1.750 6
0096 pf 03  1.261  1.447  1.920 6
0096 pf 04  1.442  1.460  2.052 6
0096 pf 05  0.970  1.368  1.677 6
0096 pf 06  1.114  1.539  1.900 6
0096 pf 07  0.821  1.457  1.672 6
0096 pf 08  0.802  1.290  1.519 6
0096 pf 09  1.091  1.475  1.835 6
0096 pf 10  1.114  1.298  1.710 6
0120 em 00  1.075  1.549  1.885 6
0120 cf 00  1.097  1.398  1.777 6
0120 pf 01  0.938  1.675  1.920 6
0120 pf 02  1.334  1.420  1.948 6
0120 pf 03  1.123  1.595  1.950 6
0120 pf 04  1.272  1.696  2.120 6
0120 pf 05  0.795  1.438  1.643 6
0120 pf 06  1.005  1.710  1.983 6
0120 pf 07  0.610  1.642  1.752 6
0120 pf 08  0.962  1.306  1.622 6
0120 pf 09  1.072  1.707  2.016 6
0120 pf 10  1.256  1.301  1.808 6
0144 em 00  1.135  1.572  1.938 6
0144 cf 00  1.183  1.413  1.843 6
0144 pf 01  1.172  1.764  2.118 6
0144 pf 02  1.481  1.421  2.053 5
0144 pf 03  1.190  1.787  2.147 6
0144 pf 04  1.253  1.595  2.028 6
0144 pf 05  1.009  1.423  1.744 6
0144 pf 06  0.961  1.746  1.993 6
0144 pf 07  0.610  1.736  1.840 6
0144 pf 08  1.048  1.320  1.686 6
0144 pf 09  1.007  1.703  1.978 6
0144 pf 10  1.222  1.170  1.692 5
0168 em 00  1.141  1.666  2.019 6
0168 cf 00  1.177  1.454  1.871 6
0168 pf 01  1.280  1.826  2.230 6
0168 pf 02  1.384  1.653  2.156 6
0168 pf 03  1.264  1.888  2.272 6
0168 pf 04  1.307  1.464  1.963 6
0168 pf 05  1.217  1.347  1.815 6
0168 pf 06  0.719  1.906  2.037 6
0168 pf 07  0.633  1.818  1.925 6
0168 pf 08  1.021  1.375  1.713 6
0168 pf 09  0.801  1.917  2.078 6
0168 pf 10  1.452  1.399  2.017 5
0192 em 00  1.072  1.688  1.999 6
0192 cf 00  1.275  1.378  1.878 6
0192 pf 01  1.164  1.896  2.225 6
0192 pf 02  1.200  1.877  2.228 6
0192 pf 03  1.428  1.782  2.284 6
0192 pf 04  1.464  1.333  1.980 5
0192 pf 05  1.328  1.550  2.041 6
0192 pf 06  0.447  1.991  2.040 6
0192 pf 07  0.655  1.777  1.894 6
0192 pf 08  0.919  1.175  1.492 6
0192 pf 09  0.710  1.835  1.968 6
0192 pf 10  0.947  1.655  1.906 6
0216 em 00  1.046  1.697  1.993 6
0216 cf 00  1.333  1.543  2.039 6
0216 pf 01  1.071  1.818  2.110 6
0216 pf 02  1.044  1.644  1.947 6
0216 pf 03  1.307  1.817  2.238 6
0216 pf 04  1.297  1.339  1.864 6
0216 pf 05  1.369  1.708  2.189 6
0216 pf 06  0.395  2.040  2.078 6
0216 pf 07  0.879  1.554  1.785 6
0216 pf 08  1.018  1.230  1.597 6
0216 pf 09  0.842  1.839  2.023 6
0216 pf 10  0.711  1.755  1.893 6
0240 em 00  1.055  1.808  2.093 6
0240 cf 00  1.413  1.787  2.278 6
0240 pf 01  1.082  1.560  1.898 6
0240 pf 02  0.905  1.833  2.045 6
0240 pf 03  1.287  1.729  2.155 6
0240 pf 04  1.287  1.631  2.078 6
0240 pf 05  1.556  1.951  2.495 6
0240 pf 06  0.199  1.886  1.896 6
0240 pf 07  1.011  1.622  1.912 6
0240 pf 08  0.967  1.559  1.834 6
0240 pf 09  0.854  1.958  2.136 6
0240 pf 10  0.841  1.966  2.138 6
0264 em 00  0.928  1.862  2.080 6
0264 cf 00  1.497  1.941  2.451 6
0264 pf 01  0.813  1.919  2.084 6
0264 pf 02  0.617  1.845  1.946 6
0264 pf 03  1.010  1.802  2.065 6
0264 pf 04  1.014  1.681  1.963 6
0264 pf 05  1.598  2.233  2.746 6
0264 pf 06  0.026  1.656  1.656 6
0264 pf 07  0.888  1.340  1.607 6
0264 pf 08  1.298  1.872  2.278 6
0264 pf 09  0.601  1.877  1.971 6
0264 pf 10  0.717  1.904  2.034 6
0288 em 00  0.693  1.903  2.025 6
0288 cf 00  1.267  2.147  2.493 6
0288 pf 01  0.512  1.936  2.003 6
0288 pf 02  0.614  1.947  2.041 6
0288 pf 03  0.557  1.654  1.745 6
0288 pf 04  0.950  1.775  2.013 6
0288 pf 05  1.019  2.381  2.590 6
0288 pf 06 -0.089  1.458  1.461 7
0288 pf 07  0.812  1.469  1.679 6
0288 pf 08  0.908  2.190  2.371 6
0288 pf 09  0.409  1.830  1.876 6
0288 pf 10  0.592  1.737  1.835 6
0312 em 00  0.420  1.924  1.969 6
0312 cf 00  0.998  1.946  2.187 6
0312 pf 01  0.195  1.707  1.718 6
0312 pf 02  0.386  1.873  1.913 6
0312 pf 03  0.138  1.795  1.801 6
0312 pf 04  0.638  1.792  1.903 6
0312 pf 05  0.642  2.581  2.660 6
0312 pf 06 -0.236  1.672  1.689 7
0312 pf 07  0.713  1.893  2.022 6
0312 pf 08  0.673  2.349  2.443 6
0312 pf 09  0.165  1.606  1.614 6
0312 pf 10  0.297  1.560  1.588 6
0336 em 00  0.225  1.867  1.881 6
0336 cf 00  0.739  1.579  1.743 6
0336 pf 01 -0.141  1.602  1.608 7
0336 pf 02  0.179  1.969  1.977 6
0336 pf 03  0.028  1.671  1.671 6
0336 pf 04  0.485  1.870  1.932 6
0336 pf 05  0.292  2.488  2.505 6
0336 pf 06 -0.018  1.554  1.554 7
0336 pf 07  0.469  2.008  2.063 6
0336 pf 08  0.382  2.285  2.317 6
0336 pf 09 -0.239  1.594  1.612 7
0336 pf 10  0.328  1.546  1.581 6
0360 em 00  0.031  1.676  1.676 6
0360 cf 00  0.299  1.148  1.186 6
0360 pf 01 -0.508  1.457  1.543 7
0360 pf 02  0.110  1.743  1.746 6
0360 pf 03  0.014  1.663  1.663 6
0360 pf 04  0.084  1.939  1.941 6
0360 pf 05 -0.015  2.123  2.123 7
0360 pf 06 -0.165  1.645  1.653 7
0360 pf 07  0.126  1.789  1.793 6
0360 pf 08  0.263  1.927  1.944 6
0360 pf 09 -0.351  1.414  1.457 7
0360 pf 10  0.518  1.266  1.368 6
0384 em 00 -0.128  1.550  1.556 7
0384 cf 00 -0.081  1.031  1.034 7
0384 pf 01 -0.602  1.089  1.244 7
0384 pf 02 -0.106  1.659  1.662 7
0384 pf 03 -0.260  1.467  1.490 7
0384 pf 04 -0.397  1.779  1.823 7
0384 pf 05 -0.282  2.094  2.112 7
0384 pf 06  0.114  1.481  1.485 6
0384 pf 07 -0.153  2.252  2.258 7
0384 pf 08  0.115  1.497  1.501 6
0384 pf 09 -0.466  1.188  1.276 7
0384 pf 10  0.764  1.256  1.470 6
0408 em 00 -0.200  1.460  1.474 7
0408 cf 00 -0.322  0.911  0.966 7
0408 pf 01 -0.652  0.926  1.133 7
0408 pf 02 -0.161  1.579  1.587 7
0408 pf 03 -0.655  1.249  1.411 7
0408 pf 04 -0.500  1.618  1.693 7
0408 pf 05 -0.271  2.306  2.322 7
0408 pf 06  0.250  1.313  1.336 6
0408 pf 07 -0.015  2.378  2.378 7
0408 pf 08 -0.059  1.422  1.423 7
0408 pf 09 -0.442  1.313  1.386 7
0408 pf 10  0.696  0.830  1.083 6
0432 em 00 -0.208  1.255  1.272 7
0432 cf 00 -0.347  0.673  0.757 7
0432 pf 01 -0.429  0.537  0.687 7
0432 pf 02 -0.320  1.592  1.624 7
0432 pf 03 -0.848  0.901  1.237 7
0432 pf 04 -0.416  1.358  1.420 7
0432 pf 05 -0.344  2.119  2.147 7
0432 pf 06  0.030  0.999  0.999 6
0432 pf 07  0.152  2.511  2.516 6
0432 pf 08 -0.047  1.389  1.390 7
0432 pf 09 -0.378  0.996  1.065 7
0432 pf 10  0.759  0.553  0.939 5
0456 em 00 -0.233  1.012  1.039 7
0456 cf 00 -0.430  0.504  0.663 7
0456 pf 01 -0.637  0.245  0.682 8
0456 pf 02 -0.150  1.540  1.547 7
0456 pf 03 -0.642  0.505  0.817 8
0456 pf 04 -0.464  0.956  1.063 7
0456 pf 05 -0.270  1.722  1.743 7
0456 pf 06 -0.386  0.967  1.041 7
0456 pf 07 -0.140  2.265  2.269 7
0456 pf 08  0.062  1.223  1.224 6
0456 pf 09 -0.050  0.687  0.689 7
0456 pf 10  0.661  0.372  0.759 5
0480 em 00 -0.242  0.839  0.873 7
0480 cf 00 -0.489  0.406  0.636 8
0480 pf 01 -0.907  0.051  0.908 8
0480 pf 02 -0.116  1.521  1.525 7
0480 pf 03 -0.404  0.732  0.836 7
0480 pf 04 -0.532  0.584  0.790 7
0480 pf 05 -0.007  1.347  1.347 7
0480 pf 06 -0.575  0.568  0.808 8
0480 pf 07 -0.420  2.006  2.049 7
0480 pf 08  0.199  0.967  0.988 6
0480 pf 09  0.153  0.792  0.806 6
0480 pf 10  0.589  0.188  0.618 5
0504 em 00 -0.243  0.785  0.822 7
0504 cf 00 -0.403  0.515  0.654 7
0504 pf 01 -0.801 -0.184  0.822 1
0504 pf 02 -0.424  1.534  1.591 7
0504 pf 03 -0.291  1.327  1.359 7
0504 pf 04 -0.642  0.465  0.793 8
0504 pf 05  0.113  0.982  0.988 6
0504 pf 06 -0.543  0.187  0.574 8
0504 pf 07 -0.560  1.752  1.839 7
0504 pf 08  0.357  0.893  0.962 6
0504 pf 09 -0.072  1.033  1.036 7
0504 pf 10  0.753  0.092  0.758 5
0528 em 00 -0.213  0.775  0.804 7
0528 cf 00 -0.267  0.611  0.666 7
0528 pf 01 -0.648  0.045  0.650 8
0528 pf 02 -0.596  1.099  1.251 7
0528 pf 03 -0.643  1.368  1.512 7
0528 pf 04 -0.337  0.485  0.590 7
0528 pf 05  0.258  0.871  0.909 6
0528 pf 06 -0.354  0.138  0.380 8
0528 pf 07 -0.376  1.706  1.747 7
0528 pf 08  0.377  0.948  1.020 6
0528 pf 09 -0.196  0.770  0.795 7
0528 pf 10  0.584  0.466  0.747 5
0552 em 00 -0.179  0.801  0.821 7
0552 cf 00 -0.133  0.508  0.525 7
0552 pf 01 -0.439  0.121  0.456 8
0552 pf 02 -0.703  1.034  1.250 7
0552 pf 03 -0.836  1.389  1.621 7
0552 pf 04 -0.233  0.440  0.498 7
0552 pf 05  0.416  0.927  1.016 6
0552 pf 06 -0.010  0.071  0.072 7
0552 pf 07 -0.231  1.345  1.365 7
0552 pf 08  0.171  0.979  0.993 6
0552 pf 09 -0.210  0.821  0.848 7
0552 pf 10  0.321  1.158  1.201 6
0576 em 00 -0.116  0.734  0.743 7
0576 cf 00  0.118  0.590  0.602 6
0576 pf 01 -0.452  0.197  0.493 8
0576 pf 02 -0.522  0.827  0.978 7
0576 pf 03 -1.025  1.172  1.557 7
0576 pf 04  0.102  0.565  0.575 6
0576 pf 05  0.229  0.904  0.932 6
0576 pf 06  0.225 -0.194  0.297 4
0576 pf 07 -0.203  0.962  0.983 7
0576 pf 08  0.270  1.125  1.157 6
0576 pf 09 -0.268  0.613  0.669 7
0576 pf 10  0.290  1.324  1.356 6
0600 em 00 -0.065  0.740  0.743 7
0600 cf 00  0.331  0.649  0.728 6
0600 pf 01 -0.537  0.001  0.537 8
0600 pf 02 -0.037  0.677  0.678 7
0600 pf 03 -1.024  1.102  1.504 7
0600 pf 04  0.051  0.925  0.927 6
0600 pf 05 -0.061  0.988  0.990 7
0600 pf 06  0.121 -0.076  0.142 4
0600 pf 07 -0.279  0.689  0.743 7
0600 pf 08  0.498  1.103  1.210 6
0600 pf 09 -0.201  0.736  0.763 7
0600 pf 10  0.449  1.367  1.439 6
0624 em 00 -0.028  0.809  0.810 7
0624 cf 00  0.514  0.601  0.790 6
0624 pf 01 -0.553  0.233  0.600 8
0624 pf 02  0.046  0.650  0.651 6
0624 pf 03 -1.135  1.138  1.608 7
0624 pf 04 -0.155  1.007  1.019 7
0624 pf 05  0.011  0.977  0.977 6
0624 pf 06  0.046  0.261  0.265 6
0624 pf 07 -0.108  0.633  0.642 7
0624 pf 08  0.410  1.247  1.313 6
0624 pf 09  0.094  0.624  0.631 6
0624 pf 10  0.523  1.538  1.625 6
0648 em 00  0.063  0.882  0.884 6
0648 cf 00  0.664  0.630  0.916 5
0648 pf 01 -0.232  0.514  0.564 7
0648 pf 02  0.112  0.852  0.859 6
0648 pf 03 -0.982  0.987  1.393 7
0648 pf 04 -0.323  1.067  1.114 7
0648 pf 05  0.111  0.916  0.923 6
0648 pf 06  0.071  0.807  0.810 6
0648 pf 07  0.196  0.379  0.427 6
0648 pf 08  0.171  1.259  1.271 6
0648 pf 09  0.275  0.439  0.518 6
0648 pf 10  0.565  1.843  1.928 6
0672 em 00  0.112  0.890  0.897 6
0672 cf 00  0.921  0.682  1.146 5
0672 pf 01 -0.309  1.208  1.247 7
0672 pf 02  0.368  0.675  0.769 6
0672 pf 03 -0.913  0.606  1.096 8
0672 pf 04 -0.273  1.061  1.096 7
0672 pf 05  0.027  0.748  0.749 6
0672 pf 06  0.220  0.839  0.867 6
0672 pf 07  0.358  0.320  0.480 5
0672 pf 08  0.238  1.092  1.118 6
0672 pf 09  0.182  0.223  0.287 6
0672 pf 10  0.286  2.311  2.328 6
0696 em 00  0.060  0.904  0.906 6
0696 cf 00  0.984  0.655  1.182 5
0696 pf 01 -0.279  1.088  1.123 7
0696 pf 02  0.286  0.519  0.593 6
0696 pf 03 -1.188  0.509  1.292 8
0696 pf 04 -0.386  1.220  1.280 7
0696 pf 05  0.048  0.742  0.743 6
0696 pf 06  0.150  0.774  0.788 6
0696 pf 07  0.360  0.451  0.577 6
0696 pf 08  0.250  1.072  1.101 6
0696 pf 09  0.351  0.172  0.391 5
0696 pf 10 -0.107  2.696  2.698 7
0720 em 00  0.068  0.787  0.790 6
0720 cf 00  0.901  0.715  1.151 5
0720 pf 01 -0.491  1.029  1.140 7
0720 pf 02  0.677  0.502  0.842 5
0720 pf 03 -1.295  0.409  1.358 8
0720 pf 04 -0.296  1.211  1.246 7
0720 pf 05  0.164  0.094  0.189 5
0720 pf 06  0.085  0.773  0.777 6
0720 pf 07  0.196  0.249  0.317 6
0720 pf 08  0.356  0.814  0.889 6
0720 pf 09  0.389  0.081  0.397 5
0720 pf 10 -0.160  2.718  2.723 7
0744 em 00  0.084  0.804  0.808 6
0744 cf 00  0.873  1.027  1.348 6
0744 pf 01 -0.185  0.937  0.955 7
0744 pf 02  0.994  0.499  1.112 5
0744 pf 03 -0.820  0.247  0.856 8
0744 pf 04 -0.247  1.325  1.348 7
0744 pf 05 -0.145 -0.116  0.186 1
0744 pf 06 -0.245  0.899  0.932 7
0744 pf 07  0.256  0.448  0.516 6
0744 pf 08  0.225  0.790  0.821 6
0744 pf 09  0.299  0.111  0.319 5
0744 pf 10 -0.301  2.604  2.621 7
0768 em 00  0.127  0.845  0.854 6
0768 cf 00  0.852  1.073  1.370 6
0768 pf 01  0.137  0.909  0.919 6
0768 pf 02  0.681  0.666  0.953 5
0768 pf 03 -0.484  0.304  0.571 8
0768 pf 04 -0.298  1.606  1.633 7
0768 pf 05 -0.414 -0.307  0.516 1
0768 pf 06 -0.052  0.867  0.868 7
0768 pf 07  0.392  0.446  0.594 6
0768 pf 08  0.452  0.969  1.070 6
0768 pf 09  0.395  0.110  0.410 5
0768 pf 10 -0.491  2.509  2.557 7
0792 em 00  0.247  0.897  0.931 6
0792 cf 00  0.791  0.624  1.007 5
0792 pf 01  0.736  0.801  1.088 6
0792 pf 02  0.660  0.860  1.084 6
0792 pf 03 -0.203  0.549  0.585 7
0792 pf 04 -0.107  1.633  1.636 7
0792 pf 05 -0.497 -0.249  0.556 1
0792 pf 06  0.159  0.892  0.907 6
0792 pf 07  0.583  0.340  0.675 5
0792 pf 08  0.678  1.257  1.428 6
0792 pf 09  0.456  0.403  0.609 5
0792 pf 10 -0.778  2.606  2.720 7
0816 em 00  0.388  0.916  0.995 6
0816 cf 00  0.711  0.364  0.799 5
0816 pf 01  0.794  0.697  1.056 5
0816 pf 02  0.752  1.014  1.263 6
0816 pf 03 -0.187  0.649  0.676 7
0816 pf 04  0.101  1.540  1.543 6
0816 pf 05 -0.356 -0.103  0.370 1
0816 pf 06  0.244  0.647  0.691 6
0816 pf 07  0.616  0.315  0.692 5
0816 pf 08  0.854  1.334  1.584 6
0816 pf 09  0.953  0.754  1.215 5
0816 pf 10 -0.442  2.688  2.724 7
0840 em 00  0.550  0.919  1.071 6
0840 cf 00  0.802  0.513  0.952 5
0840 pf 01  0.757  0.716  1.042 5
0840 pf 02  0.804  0.584  0.994 5
0840 pf 03  0.314  0.618  0.694 6
0840 pf 04  0.080  1.226  1.229 6
0840 pf 05 -0.007  0.145  0.145 7
0840 pf 06  0.207  0.419  0.468 6
0840 pf 07  0.548  0.643  0.845 6
0840 pf 08  0.857  1.436  1.672 6
0840 pf 09  1.432  0.929  1.707 5
0840 pf 10  0.053  2.686  2.687 6
0864 em 00  0.631  1.040  1.217 6
0864 cf 00  0.780  0.765  1.093 5
0864 pf 01  0.900  1.000  1.345 6
0864 pf 02  1.225  0.586  1.358 5
0864 pf 03  0.470  0.609  0.769 6
0864 pf 04 -0.009  1.301  1.301 7
0864 pf 05  0.018  0.198  0.198 6
0864 pf 06  0.420  0.597  0.730 6
0864 pf 07  0.405  0.877  0.966 6
0864 pf 08  0.865  1.610  1.827 6
0864 pf 09  1.603  1.167  1.982 5
0864 pf 10  0.088  2.514  2.515 6
0888 em 00  0.603  1.100  1.255 6
0888 cf 00  0.811  0.920  1.226 6
0888 pf 01  0.947  0.968  1.354 6
0888 pf 02  1.384  0.665  1.535 5
0888 pf 03  0.290  0.442  0.529 6
0888 pf 04  0.115  1.445  1.449 6
0888 pf 05 -0.085  0.596  0.602 7
0888 pf 06  0.476  0.495  0.686 6
0888 pf 07  0.220  0.633  0.670 6
0888 pf 08  0.875  2.047  2.226 6
0888 pf 09  1.620  1.350  2.109 5
0888 pf 10 -0.151  2.292  2.297 7
0912 em 00  0.726  1.073  1.295 6
0912 cf 00  0.835  0.904  1.231 6
0912 pf 01  1.137  0.778  1.377 5
0912 pf 02  1.350  0.868  1.605 5
0912 pf 03  0.498  0.633  0.806 6
0912 pf 04  0.137  1.253  1.260 6
0912 pf 05  0.090  0.646  0.652 6
0912 pf 06  0.740  0.392  0.837 5
0912 pf 07  0.474  0.584  0.752 6
0912 pf 08  0.997  1.943  2.184 6
0912 pf 09  1.576  1.402  2.109 5
0912 pf 10  0.045  2.141  2.141 6
0936 em 00  0.774  0.950  1.225 6
0936 cf 00  0.886  0.705  1.133 5
0936 pf 01  1.354  0.557  1.464 5
0936 pf 02  1.451  0.901  1.708 5
0936 pf 03  0.866  0.548  1.025 5
0936 pf 04 -0.033  1.162  1.163 7
0936 pf 05 -0.024  0.512  0.513 7
0936 pf 06  0.739  0.275  0.788 5
0936 pf 07  0.382  0.416  0.565 6
0936 pf 08  1.049  1.997  2.255 6
0936 pf 09  1.415  1.418  2.003 6
0936 pf 10  0.346  1.726  1.760 6
0960 em 00  0.741  0.926  1.186 6
0960 cf 00  0.669  0.557  0.870 5
0960 pf 01  1.393  0.569  1.505 5
0960 pf 02  1.449  0.998  1.760 5
0960 pf 03  0.871  0.563  1.037 5
0960 pf 04 -0.061  1.121  1.122 7
0960 pf 05  0.033  0.406  0.407 6
0960 pf 06  0.714  0.064  0.717 5
0960 pf 07  0.446  0.280  0.527 5
0960 pf 08  0.910  2.082  2.272 6
0960 pf 09  1.201  1.795  2.160 6
0960 pf 10  0.452  1.523  1.589 6
0984 em 00  0.668  0.968  1.176 6
0984 cf 00  0.442  0.340  0.558 5
0984 pf 01  1.475  0.650  1.612 5
0984 pf 02  0.957  1.186  1.524 6
0984 pf 03  1.102  0.407  1.175 5
0984 pf 04  0.002  1.297  1.297 6
0984 pf 05 -0.321  0.458  0.559 7
0984 pf 06  1.189  0.358  1.242 5
0984 pf 07  0.425  0.334  0.541 5
0984 pf 08  0.567  2.165  2.238 6
0984 pf 09  0.997  1.791  2.050 6
0984 pf 10  0.466  1.429  1.503 6
1008 em 00  0.592  0.970  1.136 6
1008 cf 00  0.148  0.253  0.293 6
1008 pf 01  1.532  0.660  1.668 5
1008 pf 02  0.750  1.360  1.553 6
1008 pf 03  0.951  0.179  0.968 5
1008 pf 04  0.049  1.217  1.218 6
1008 pf 05 -0.506  0.742  0.898 7
1008 pf 06  1.560  0.356  1.600 5
1008 pf 07  0.521  0.240  0.573 5
1008 pf 08  0.333  2.467  2.489 6
1008 pf 09  0.908  1.778  1.996 6
1008 pf 10  0.211  1.205  1.224 6
1032 em 00  0.475  0.994  1.101 6
1032 cf 00 -0.004  0.241  0.241 7
1032 pf 01  1.683  0.896  1.906 5
1032 pf 02  0.375  1.579  1.623 6
1032 pf 03  0.935  0.224  0.961 5
1032 pf 04 -0.191  1.397  1.410 7
1032 pf 05 -0.573  0.548  0.793 8
1032 pf 06  1.480  0.192  1.492 5
1032 pf 07  0.397  0.240  0.464 5
1032 pf 08 -0.083  2.453  2.454 7
1032 pf 09  1.010  1.905  2.156 6
1032 pf 10  0.139  1.066  1.075 6
1056 em 00  0.471  0.950  1.061 6
1056 cf 00 -0.173 -0.118  0.209 1
1056 pf 01  1.726  0.822  1.912 5
1056 pf 02  0.355  1.387  1.432 6
1056 pf 03  1.179  0.471  1.270 5
1056 pf 04 -0.123  1.558  1.563 7
1056 pf 05 -0.448  0.692  0.825 7
1056 pf 06  1.669  0.113  1.673 5
1056 pf 07  0.240  0.013  0.241 5
1056 pf 08 -0.215  2.356  2.366 7
1056 pf 09  0.839  1.927  2.101 6
1056 pf 10  0.090  1.078  1.081 6
1080 em 00  0.426  0.937  1.029 6
1080 cf 00 -0.249 -0.387  0.460 2
1080 pf 01  1.695  0.895  1.917 5
1080 pf 02  0.402  1.154  1.222 6
1080 pf 03  1.318  0.898  1.595 5
1080 pf 04  0.016  1.482  1.482 6
1080 pf 05 -0.393  0.903  0.985 7
1080 pf 06  1.429  0.196  1.443 5
1080 pf 07  0.219  0.008  0.219 5
1080 pf 08 -0.467  2.260  2.307 7
1080 pf 09  0.652  1.626  1.751 6
1080 pf 10  0.028  1.130  1.131 6
1104 em 00  0.434  0.894  0.994 6
1104 cf 00 -0.081 -0.522  0.528 2
1104 pf 01  1.700  1.222  2.094 5
1104 pf 02  0.581  1.167  1.304 6
1104 pf 03  1.636  0.876  1.856 5
1104 pf 04 -0.132  1.408  1.415 7
1104 pf 05 -0.209  1.019  1.040 7
1104 pf 06  1.294  0.047  1.295 5
1104 pf 07  0.018 -0.133  0.135 3
1104 pf 08 -0.658  2.284  2.377 7
1104 pf 09  0.556  1.340  1.451 6
1104 pf 10  0.020  0.997  0.997 6
