ecmf prod rf 2015071400 20160714 11 046
0024 em 00 -0.242  0.933  0.964 7
0024 cf 00 -0.321  0.972  1.023 7
0024 pf 01 -0.106  0.940  0.946 7
0024 pf 02 -0.358  1.053  1.112 7
0024 pf 03 -0.145  0.970  0.981 7
0024 pf 04 -0.302  0.891  0.941 7
0024 pf 05 -0.258  0.998  1.031 7
0024 pf 06 -0.287  0.896  0.941 7
0024 pf 07 -0.186  0.868  0.888 7
0024 pf 08 -0.082  0.979  0.983 7
0024 pf 09 -0.368  0.925  0.996 7
0024 pf 10 -0.286  0.992  1.032 7
0048 em 00 -0.061  0.977  0.979 7
0048 cf 00 -0.070  0.929  0.931 7
0048 pf 01  0.056  1.058  1.059 6
0048 pf 02 -0.277  0.977  1.015 7
0048 pf 03  0.151  1.128  1.138 6
0048 pf 04 -0.200  1.067  1.086 7
0048 pf 05 -0.259  0.991  1.025 7
0048 pf 06  0.045  0.947  0.948 6
0048 pf 07 -0.038  0.923  0.924 7
0048 pf 08  0.017  1.033  1.033 6
0048 pf 09 -0.177  0.887  0.905 7
0048 pf 10 -0.055  1.015  1.017 7
0072 em 00  0.006  0.912  0.912 6
0072 cf 00  0.036  0.788  0.789 6
0072 pf 01 -0.067  1.048  1.050 7
0072 pf 02 -0.106  0.966  0.972 7
0072 pf 03 -0.001  1.139  1.139 7
0072 pf 04 -0.039  0.870  0.871 7
0072 pf 05 -0.165  0.893  0.909 7
0072 pf 06  0.160  1.029  1.041 6
0072 pf 07  0.033  0.873  0.873 6
0072 pf 08  0.153  1.000  1.011 6
0072 pf 09 -0.089  0.748  0.753 7
0072 pf 10 -0.027  0.900  0.900 7
0096 em 00 -0.101  0.830  0.836 7
0096 cf 00 -0.133  0.670  0.683 7
0096 pf 01 -0.143  1.084  1.093 7
0096 pf 02 -0.247  0.847  0.883 7
0096 pf 03 -0.104  0.999  1.004 7
0096 pf 04 -0.050  0.724  0.725 7
0096 pf 05 -0.086  0.764  0.769 7
0096 pf 06 -0.019  0.970  0.971 7
0096 pf 07 -0.163  0.641  0.661 7
0096 pf 08  0.028  1.051  1.051 6
0096 pf 09 -0.194  0.643  0.671 7
0096 pf 10 -0.206  0.925  0.948 7
0120 em 00 -0.169  0.670  0.691 7
0120 cf 00 -0.089  0.561  0.568 7
0120 pf 01 -0.263  1.079  1.110 7
0120 pf 02 -0.129  0.513  0.529 7
0120 pf 03 -0.159  0.790  0.806 7
0120 pf 04  0.225  0.541  0.586 6
0120 pf 05 -0.286  0.568  0.636 7
0120 pf 06 -0.328  0.900  0.958 7
0120 pf 07 -0.400  0.607  0.727 7
0120 pf 08 -0.084  0.877  0.881 7
0120 pf 09 -0.277  0.349  0.446 7
0120 pf 10 -0.272  0.742  0.790 7
0144 em 00 -0.337  0.633  0.717 7
0144 cf 00 -0.231  0.622  0.663 7
0144 pf 01 -0.615  1.087  1.248 7
0144 pf 02 -0.354  0.240  0.428 8
0144 pf 03 -0.277  0.620  0.679 7
0144 pf 04  0.000  0.654  0.654 6
0144 pf 05 -0.445  0.459  0.639 7
0144 pf 06 -0.491  0.928  1.050 7
0144 pf 07 -0.497  0.688  0.849 7
0144 pf 08 -0.267  0.833  0.875 7
0144 pf 09 -0.331  0.310  0.453 8
0144 pf 10 -0.395  0.642  0.754 7
0168 em 00 -0.383  0.611  0.721 7
0168 cf 00 -0.313  0.758  0.820 7
0168 pf 01 -0.506  1.001  1.121 7
0168 pf 02 -0.247  0.219  0.330 8
0168 pf 03 -0.375  0.729  0.820 7
0168 pf 04  0.068  0.684  0.687 6
0168 pf 05 -0.452  0.516  0.685 7
0168 pf 06 -0.801  0.748  1.096 8
0168 pf 07 -0.673  0.658  0.942 8
0168 pf 08 -0.372  0.655  0.754 7
0168 pf 09 -0.353  0.357  0.502 7
0168 pf 10 -0.386  0.495  0.627 7
0192 em 00 -0.398  0.514  0.650 7
0192 cf 00 -0.252  0.760  0.801 7
0192 pf 01 -0.695  0.841  1.091 7
0192 pf 02 -0.128  0.347  0.370 7
0192 pf 03 -0.285  0.509  0.583 7
0192 pf 04  0.016  0.862  0.862 6
0192 pf 05 -0.392  0.477  0.618 7
0192 pf 06 -0.981  0.470  1.088 8
0192 pf 07 -0.712  0.368  0.801 8
0192 pf 08 -0.294  0.618  0.685 7
0192 pf 09 -0.338  0.189  0.387 8
0192 pf 10 -0.490  0.289  0.569 8
0216 em 00 -0.465  0.307  0.558 8
0216 cf 00 -0.275  0.442  0.521 7
0216 pf 01 -0.854  0.580  1.032 8
0216 pf 02 -0.223  0.285  0.361 7
0216 pf 03 -0.231  0.351  0.420 7
0216 pf 04 -0.364  0.623  0.721 7
0216 pf 05 -0.485  0.283  0.562 8
0216 pf 06 -1.012  0.135  1.021 8
0216 pf 07 -0.742  0.089  0.747 8
0216 pf 08 -0.421  0.499  0.653 7
0216 pf 09 -0.163  0.178  0.241 7
0216 pf 10 -0.501 -0.029  0.502 1
0240 em 00 -0.497  0.059  0.501 8
0240 cf 00 -0.295  0.218  0.366 8
0240 pf 01 -0.831  0.293  0.882 8
0240 pf 02 -0.219  0.033  0.222 8
0240 pf 03 -0.129 -0.009  0.130 1
0240 pf 04 -0.553  0.453  0.714 8
0240 pf 05 -0.584 -0.009  0.584 1
0240 pf 06 -1.074 -0.337  1.126 1
0240 pf 07 -1.016  0.000  1.016 8
0240 pf 08 -0.425  0.186  0.464 8
0240 pf 09 -0.169 -0.046  0.175 1
0240 pf 10 -0.320 -0.121  0.342 1
0264 em 00 -0.562 -0.150  0.582 1
0264 cf 00 -0.277 -0.065  0.285 1
0264 pf 01 -0.855  0.096  0.860 8
0264 pf 02 -0.548 -0.438  0.702 1
0264 pf 03 -0.338  0.101  0.353 8
0264 pf 04 -0.616  0.154  0.635 8
0264 pf 05 -0.546 -0.381  0.666 1
0264 pf 06 -1.245 -0.339  1.291 1
0264 pf 07 -0.957 -0.216  0.981 1
0264 pf 08 -0.423  0.052  0.426 8
0264 pf 09 -0.243 -0.335  0.414 2
0264 pf 10 -0.282 -0.284  0.400 2
0288 em 00 -0.754 -0.274  0.802 1
0288 cf 00 -0.445 -0.157  0.472 1
0288 pf 01 -1.112 -0.086  1.115 1
0288 pf 02 -0.958 -0.504  1.082 1
0288 pf 03 -0.446 -0.018  0.446 1
0288 pf 04 -0.512 -0.007  0.512 1
0288 pf 05 -0.741 -0.517  0.903 1
0288 pf 06 -1.402 -0.616  1.531 1
0288 pf 07 -0.871 -0.337  0.934 1
0288 pf 08 -0.786  0.045  0.787 8
0288 pf 09 -0.695 -0.354  0.780 1
0288 pf 10 -0.412 -0.491  0.641 2
0312 em 00 -0.932 -0.334  0.990 1
0312 cf 00 -0.872 -0.509  1.009 1
0312 pf 01 -1.512 -0.280  1.538 1
0312 pf 02 -1.324 -0.564  1.439 1
0312 pf 03 -0.398  0.109  0.413 8
0312 pf 04 -0.757 -0.029  0.757 1
0312 pf 05 -1.021 -0.729  1.254 1
0312 pf 06 -1.493 -0.598  1.609 1
0312 pf 07 -0.875 -0.127  0.884 1
0312 pf 08 -0.817 -0.094  0.822 1
0312 pf 09 -0.659 -0.330  0.737 1
0312 pf 10 -0.566 -0.558  0.795 1
0336 em 00 -0.929 -0.376  1.002 1
0336 cf 00 -0.907 -0.692  1.141 1
0336 pf 01 -1.618 -0.267  1.640 1
0336 pf 02 -1.315 -0.485  1.402 1
0336 pf 03 -0.520  0.116  0.532 8
0336 pf 04 -0.875 -0.152  0.888 1
0336 pf 05 -1.002 -0.744  1.248 1
0336 pf 06 -1.516 -0.562  1.617 1
0336 pf 07 -0.595 -0.321  0.676 1
0336 pf 08 -0.769 -0.104  0.776 1
0336 pf 09 -0.310 -0.307  0.437 1
0336 pf 10 -0.792 -0.676  1.041 1
0360 em 00 -0.910 -0.500  1.038 1
0360 cf 00 -0.870 -0.702  1.118 1
0360 pf 01 -1.517 -0.481  1.591 1
0360 pf 02 -1.144 -0.503  1.249 1
0360 pf 03 -0.361 -0.040  0.364 1
0360 pf 04 -1.002 -0.428  1.090 1
0360 pf 05 -0.945 -1.134  1.476 2
0360 pf 06 -1.344 -0.742  1.535 1
0360 pf 07 -0.801 -0.535  0.964 1
0360 pf 08 -0.745 -0.161  0.762 1
0360 pf 09 -0.237 -0.282  0.368 2
0360 pf 10 -1.055 -0.583  1.205 1
0384 em 00 -0.925 -0.483  1.043 1
0384 cf 00 -0.885 -0.616  1.079 1
0384 pf 01 -1.399 -0.728  1.578 1
0384 pf 02 -1.222 -0.518  1.327 1
0384 pf 03 -0.784 -0.046  0.786 1
0384 pf 04 -0.901 -0.349  0.966 1
0384 pf 05 -1.026 -1.187  1.569 2
0384 pf 06 -1.168 -0.471  1.259 1
0384 pf 07 -0.742 -0.330  0.812 1
0384 pf 08 -0.527 -0.255  0.585 1
0384 pf 09 -0.576 -0.250  0.628 1
0384 pf 10 -0.934 -0.687  1.159 1
0408 em 00 -0.997 -0.543  1.135 1
0408 cf 00 -0.967 -0.584  1.129 1
0408 pf 01 -1.217 -1.010  1.582 1
0408 pf 02 -1.217 -0.880  1.502 1
0408 pf 03 -0.873 -0.149  0.885 1
0408 pf 04 -0.673 -0.399  0.782 1
0408 pf 05 -1.130 -1.147  1.610 2
0408 pf 06 -1.252 -0.542  1.364 1
0408 pf 07 -0.942 -0.525  1.079 1
0408 pf 08 -0.598 -0.260  0.652 1
0408 pf 09 -0.990 -0.136  0.999 1
0408 pf 10 -1.043 -0.461  1.140 1
0432 em 00 -1.017 -0.538  1.151 1
0432 cf 00 -0.986 -0.592  1.150 1
0432 pf 01 -1.313 -1.135  1.736 1
0432 pf 02 -1.404 -0.759  1.596 1
0432 pf 03 -0.902 -0.108  0.909 1
0432 pf 04 -0.607 -0.321  0.687 1
0432 pf 05 -1.101 -0.872  1.405 1
0432 pf 06 -1.295 -0.667  1.457 1
0432 pf 07 -1.021 -0.995  1.426 1
0432 pf 08 -0.515 -0.110  0.527 1
0432 pf 09 -0.948  0.053  0.950 8
0432 pf 10 -0.995 -0.527  1.126 1
0456 em 00 -1.014 -0.569  1.163 1
0456 cf 00 -1.119 -0.364  1.176 1
0456 pf 01 -1.103 -1.131  1.580 2
0456 pf 02 -1.492 -0.642  1.624 1
0456 pf 03 -0.731 -0.046  0.733 1
0456 pf 04 -0.650 -0.483  0.810 1
0456 pf 05 -0.949 -0.859  1.280 1
0456 pf 06 -1.308 -0.634  1.454 1
0456 pf 07 -1.171 -1.680  2.048 2
0456 pf 08 -0.251  0.053  0.257 8
0456 pf 09 -0.960 -0.128  0.968 1
0456 pf 10 -1.273 -0.447  1.349 1
0480 em 00 -0.996 -0.463  1.098 1
0480 cf 00 -1.072 -0.336  1.124 1
0480 pf 01 -1.176 -1.079  1.596 1
0480 pf 02 -1.534 -0.480  1.607 1
0480 pf 03 -0.570  0.160  0.592 8
0480 pf 04 -0.667 -0.165  0.687 1
0480 pf 05 -0.872 -0.753  1.152 1
0480 pf 06 -1.143 -0.536  1.263 1
0480 pf 07 -1.149 -1.636  1.999 2
0480 pf 08 -0.312  0.021  0.313 8
0480 pf 09 -1.013 -0.046  1.014 1
0480 pf 10 -1.267 -0.330  1.309 1
0504 em 00 -0.957 -0.353  1.020 1
0504 cf 00 -1.043 -0.416  1.123 1
0504 pf 01 -1.322 -0.819  1.555 1
0504 pf 02 -1.225 -0.608  1.368 1
0504 pf 03 -0.636  0.279  0.695 8
0504 pf 04 -0.512  0.097  0.521 8
0504 pf 05 -0.987 -0.702  1.211 1
0504 pf 06 -0.931 -0.349  0.994 1
0504 pf 07 -0.862 -1.341  1.594 2
0504 pf 08 -0.584 -0.040  0.586 1
0504 pf 09 -1.128  0.129  1.135 8
0504 pf 10 -1.110 -0.182  1.124 1
0528 em 00 -0.860 -0.270  0.901 1
0528 cf 00 -1.105 -0.434  1.187 1
0528 pf 01 -1.309 -0.723  1.495 1
0528 pf 02 -1.011 -0.738  1.252 1
0528 pf 03 -0.471  0.327  0.573 8
0528 pf 04 -0.318  0.212  0.382 8
0528 pf 05 -1.095 -0.319  1.140 1
0528 pf 06 -0.870 -0.239  0.902 1
0528 pf 07 -0.560 -1.389  1.498 2
0528 pf 08 -0.725  0.104  0.732 8
0528 pf 09 -0.759  0.313  0.821 8
0528 pf 10 -1.039 -0.166  1.052 1
0552 em 00 -0.731 -0.164  0.749 1
0552 cf 00 -1.128 -0.387  1.192 1
0552 pf 01 -1.220 -0.566  1.345 1
0552 pf 02 -0.640 -0.518  0.823 1
0552 pf 03 -0.297  0.340  0.452 7
0552 pf 04 -0.385  0.378  0.539 8
0552 pf 05 -1.019 -0.423  1.103 1
0552 pf 06 -0.592 -0.104  0.601 1
0552 pf 07 -0.490 -1.263  1.355 2
0552 pf 08 -0.755  0.139  0.767 8
0552 pf 09 -0.453  0.454  0.641 7
0552 pf 10 -0.859  0.045  0.860 8
0576 em 00 -0.606  0.005  0.606 8
0576 cf 00 -0.849 -0.427  0.950 1
0576 pf 01 -1.176 -0.407  1.244 1
0576 pf 02 -0.497 -0.064  0.501 1
0576 pf 03 -0.320  0.526  0.616 7
0576 pf 04 -0.379  0.493  0.622 7
0576 pf 05 -1.069 -0.282  1.105 1
0576 pf 06 -0.441 -0.095  0.451 1
0576 pf 07 -0.336 -0.827  0.893 2
0576 pf 08 -0.524  0.370  0.641 8
0576 pf 09 -0.188  0.673  0.699 7
0576 pf 10 -0.714 -0.014  0.714 1
0600 em 00 -0.541  0.203  0.578 8
0600 cf 00 -0.440 -0.133  0.459 1
0600 pf 01 -1.272 -0.236  1.294 1
0600 pf 02 -0.258  0.156  0.301 8
0600 pf 03 -0.354  0.562  0.664 7
0600 pf 04 -0.408  0.836  0.930 7
0600 pf 05 -1.127 -0.370  1.186 1
0600 pf 06 -0.366 -0.059  0.371 1
0600 pf 07  0.064 -0.351  0.357 3
0600 pf 08 -0.380  0.695  0.792 7
0600 pf 09 -0.509  0.665  0.837 7
0600 pf 10 -0.763  0.359  0.843 8
0624 em 00 -0.581  0.295  0.652 8
0624 cf 00 -0.381 -0.199  0.429 1
0624 pf 01 -1.177 -0.158  1.187 1
0624 pf 02 -0.365  0.331  0.493 8
0624 pf 03 -0.580  0.670  0.886 7
0624 pf 04 -0.514  0.807  0.957 7
0624 pf 05 -1.062 -0.318  1.109 1
0624 pf 06 -0.363 -0.152  0.393 1
0624 pf 07  0.119  0.050  0.129 5
0624 pf 08 -0.462  1.022  1.121 7
0624 pf 09 -0.750  0.711  1.034 8
0624 pf 10 -0.737  0.365  0.822 8
0648 em 00 -0.641  0.420  0.766 8
0648 cf 00 -0.491 -0.046  0.494 1
0648 pf 01 -0.971 -0.068  0.974 1
0648 pf 02 -0.602  0.392  0.719 8
0648 pf 03 -0.435  0.908  1.007 7
0648 pf 04 -0.634  0.818  1.035 7
0648 pf 05 -1.108 -0.449  1.196 1
0648 pf 06 -0.462  0.184  0.498 8
0648 pf 07  0.127  0.105  0.165 5
0648 pf 08 -0.735  1.226  1.430 7
0648 pf 09 -0.787  1.038  1.302 7
0648 pf 10 -0.837  0.387  0.922 8
0672 em 00 -0.541  0.505  0.740 8
0672 cf 00 -0.478  0.125  0.495 8
0672 pf 01 -0.428 -0.013  0.428 1
0672 pf 02 -0.385  0.654  0.759 7
0672 pf 03 -0.608  0.758  0.971 7
0672 pf 04 -0.543  0.824  0.986 7
0672 pf 05 -0.684 -0.252  0.729 1
0672 pf 06 -0.260  0.031  0.262 8
0672 pf 07  0.084  0.415  0.423 6
0672 pf 08 -0.641  1.341  1.486 7
0672 pf 09 -0.866  1.063  1.371 7
0672 pf 10 -1.054  0.480  1.158 8
0696 em 00 -0.509  0.558  0.756 7
0696 cf 00 -0.531  0.374  0.649 8
0696 pf 01  0.034 -0.080  0.087 3
0696 pf 02 -0.087  0.608  0.614 7
0696 pf 03 -0.814  0.834  1.165 7
0696 pf 04 -0.505  1.178  1.282 7
0696 pf 05 -0.266 -0.222  0.346 1
0696 pf 06 -0.054  0.179  0.187 7
0696 pf 07  0.031  0.238  0.240 6
0696 pf 08 -0.722  1.394  1.570 7
0696 pf 09 -1.339  1.195  1.794 8
0696 pf 10 -1.271  0.320  1.311 8
0720 em 00 -0.548  0.515  0.752 8
0720 cf 00 -0.707  0.366  0.796 8
0720 pf 01 -0.109  0.040  0.116 8
0720 pf 02  0.041  0.749  0.750 6
0720 pf 03 -0.796  0.594  0.993 8
0720 pf 04 -0.466  1.320  1.400 7
0720 pf 05 -0.012 -0.265  0.265 2
0720 pf 06 -0.068  0.240  0.249 7
0720 pf 07 -0.192  0.203  0.279 7
0720 pf 08 -0.681  1.058  1.258 7
0720 pf 09 -1.390  1.150  1.805 8
0720 pf 10 -1.573  0.111  1.577 8
0744 em 00 -0.524  0.655  0.839 7
0744 cf 00 -0.790  0.332  0.857 8
0744 pf 01 -0.106  0.327  0.344 7
0744 pf 02 -0.005  0.906  0.906 7
0744 pf 03 -0.945  0.503  1.071 8
0744 pf 04 -0.465  1.594  1.660 7
0744 pf 05  0.228  0.198  0.302 5
0744 pf 06 -0.158  0.505  0.529 7
0744 pf 07 -0.177  0.079  0.194 8
0744 pf 08 -0.583  1.152  1.291 7
0744 pf 09 -1.144  1.324  1.750 7
0744 pf 10 -1.572  0.149  1.579 8
0768 em 00 -0.397  0.720  0.822 7
0768 cf 00 -0.479  0.256  0.543 8
0768 pf 01  0.089  0.646  0.652 6
0768 pf 02 -0.298  1.201  1.237 7
0768 pf 03 -1.011  0.232  1.037 8
0768 pf 04 -0.422  1.608  1.663 7
0768 pf 05  0.580  0.592  0.829 6
0768 pf 06 -0.160  0.888  0.902 7
0768 pf 07 -0.276  0.080  0.288 8
0768 pf 08 -0.436  1.219  1.295 7
0768 pf 09 -0.561  1.226  1.348 7
0768 pf 10 -1.405 -0.197  1.419 1
0792 em 00 -0.304  0.775  0.833 7
0792 cf 00 -0.196  0.118  0.229 8
0792 pf 01  0.234  1.117  1.141 6
0792 pf 02 -0.271  1.319  1.346 7
0792 pf 03 -0.978  0.024  0.978 8
0792 pf 04 -0.519  1.799  1.873 7
0792 pf 05  0.541  1.056  1.187 6
0792 pf 06 -0.137  1.076  1.084 7
0792 pf 07 -0.239  0.180  0.299 8
0792 pf 08 -0.220  1.223  1.243 7
0792 pf 09 -0.339  1.021  1.076 7
0792 pf 10 -1.243 -0.569  1.367 1
0816 em 00 -0.237  0.685  0.725 7
0816 cf 00  0.118 -0.100  0.155 4
0816 pf 01  0.148  1.297  1.306 6
0816 pf 02 -0.042  1.583  1.584 7
0816 pf 03 -0.865  0.002  0.865 8
0816 pf 04 -0.410  1.645  1.695 7
0816 pf 05  0.433  0.980  1.071 6
0816 pf 06 -0.311  0.879  0.933 7
0816 pf 07  0.052 -0.097  0.110 3
0816 pf 08  0.095  1.059  1.063 6
0816 pf 09 -0.548  0.980  1.123 7
0816 pf 10 -1.284 -0.853  1.542 1
0840 em 00 -0.198  0.673  0.702 7
0840 cf 00  0.176 -0.135  0.222 4
0840 pf 01  0.055  1.189  1.190 6
0840 pf 02  0.184  1.757  1.767 6
0840 pf 03 -0.758 -0.122  0.768 1
0840 pf 04 -0.274  1.792  1.813 7
0840 pf 05  0.444  0.828  0.940 6
0840 pf 06 -0.454  0.737  0.866 7
0840 pf 07  0.311  0.210  0.375 5
0840 pf 08  0.032  0.783  0.784 6
0840 pf 09 -0.530  0.963  1.099 7
0840 pf 10 -1.332 -0.783  1.545 1
0864 em 00 -0.172  0.576  0.601 7
0864 cf 00  0.215 -0.415  0.467 3
0864 pf 01 -0.388  1.183  1.245 7
0864 pf 02  0.265  1.590  1.612 6
0864 pf 03 -0.790  0.022  0.790 8
0864 pf 04 -0.119  1.602  1.607 7
0864 pf 05  0.319  0.842  0.900 6
0864 pf 06 -0.444  0.355  0.569 8
0864 pf 07  0.498 -0.007  0.498 4
0864 pf 08 -0.032  0.862  0.863 7
0864 pf 09 -0.144  1.147  1.156 7
0864 pf 10 -1.225 -1.030  1.601 1
0888 em 00 -0.016  0.390  0.391 7
0888 cf 00  0.355 -0.514  0.625 3
0888 pf 01 -0.390  0.828  0.915 7
0888 pf 02  0.101  1.696  1.699 6
0888 pf 03 -0.938  0.131  0.948 8
0888 pf 04  0.255  1.406  1.429 6
0888 pf 05  0.281  0.587  0.650 6
0888 pf 06 -0.236  0.154  0.282 8
0888 pf 07  0.692 -0.289  0.749 4
0888 pf 08 -0.002  0.884  0.884 7
0888 pf 09  0.400  0.819  0.911 6
0888 pf 10 -0.661 -1.572  1.705 2
0912 em 00  0.103  0.263  0.283 6
0912 cf 00  0.410 -0.462  0.618 3
0912 pf 01 -0.283  0.699  0.754 7
0912 pf 02  0.063  1.829  1.830 6
0912 pf 03 -0.891  0.150  0.904 8
0912 pf 04  0.585  1.263  1.392 6
0912 pf 05  0.421  0.498  0.652 6
0912 pf 06 -0.184  0.035  0.187 8
0912 pf 07  0.454 -0.647  0.791 3
0912 pf 08  0.210  0.805  0.832 6
0912 pf 09  0.558  0.519  0.762 5
0912 pf 10 -0.183 -1.900  1.909 2
0936 em 00  0.175  0.251  0.306 6
0936 cf 00  0.578 -0.407  0.707 4
0936 pf 01  0.010  0.284  0.284 6
0936 pf 02 -0.061  1.684  1.686 7
0936 pf 03 -0.829  0.190  0.850 8
0936 pf 04  0.779  1.223  1.451 6
0936 pf 05  0.285  0.112  0.306 5
0936 pf 06 -0.146  0.117  0.187 8
0936 pf 07  0.222 -0.310  0.381 3
0936 pf 08  0.359  0.978  1.042 6
0936 pf 09  0.734  0.495  0.886 5
0936 pf 10  0.026 -1.715  1.716 3
0960 em 00  0.276  0.393  0.480 6
0960 cf 00  0.569 -0.088  0.576 4
0960 pf 01  0.067  0.407  0.413 6
0960 pf 02 -0.190  1.661  1.672 7
0960 pf 03 -0.456  0.145  0.479 8
0960 pf 04  0.884  1.367  1.628 6
0960 pf 05  0.163  0.310  0.350 6
0960 pf 06 -0.184  0.070  0.197 8
0960 pf 07  0.554  0.241  0.604 5
0960 pf 08  0.443  0.831  0.942 6
0960 pf 09  0.881  0.789  1.183 5
0960 pf 10  0.322 -1.525  1.559 3
0984 em 00  0.392  0.592  0.710 6
0984 cf 00  0.727  0.182  0.750 5
0984 pf 01  0.466  0.650  0.799 6
0984 pf 02 -0.186  1.663  1.673 7
0984 pf 03 -0.512  0.362  0.627 8
0984 pf 04  0.639  1.681  1.798 6
0984 pf 05  0.423  0.664  0.787 6
0984 pf 06 -0.036  0.035  0.050 8
0984 pf 07  0.728  0.683  0.998 5
0984 pf 08  0.448  0.732  0.858 6
0984 pf 09  1.188  0.949  1.520 5
0984 pf 10  0.440 -1.188  1.267 3
1008 em 00  0.451  0.727  0.856 6
1008 cf 00  0.731  0.475  0.872 5
1008 pf 01  0.753  0.651  0.995 5
1008 pf 02 -0.089  1.462  1.464 7
1008 pf 03 -0.636  0.461  0.786 8
1008 pf 04  0.494  1.697  1.768 6
1008 pf 05  0.581  0.968  1.129 6
1008 pf 06  0.476  0.183  0.510 5
1008 pf 07  0.225  0.733  0.767 6
1008 pf 08  0.347  0.679  0.763 6
1008 pf 09  1.349  1.169  1.786 5
1008 pf 10  0.745 -0.591  0.950 4
1032 em 00  0.424  0.664  0.788 6
1032 cf 00  0.463  0.676  0.819 6
1032 pf 01  0.967  0.627  1.152 5
1032 pf 02 -0.012  1.274  1.274 7
1032 pf 03 -0.837  0.280  0.882 8
1032 pf 04  0.268  1.733  1.753 6
1032 pf 05  0.784  0.843  1.152 6
1032 pf 06  0.664  0.002  0.664 5
1032 pf 07 -0.048  0.355  0.358 7
1032 pf 08  0.588  0.757  0.959 6
1032 pf 09  0.976  1.050  1.434 6
1032 pf 10  0.855 -0.391  0.940 4
1056 em 00  0.446  0.670  0.805 6
1056 cf 00  0.277  0.777  0.825 6
1056 pf 01  1.197  0.845  1.465 5
1056 pf 02 -0.013  1.104  1.104 7
1056 pf 03 -0.900  0.125  0.908 8
1056 pf 04  0.370  1.771  1.809 6
1056 pf 05  0.626  0.812  1.025 6
1056 pf 06  0.760 -0.076  0.764 4
1056 pf 07  0.127  0.253  0.283 6
1056 pf 08  0.941  0.861  1.275 5
1056 pf 09  0.618  1.101  1.262 6
1056 pf 10  0.893 -0.293  0.940 4
1080 em 00  0.430  0.695  0.817 6
1080 cf 00  0.071  0.756  0.759 6
1080 pf 01  1.446  0.927  1.718 5
1080 pf 02  0.046  1.285  1.286 6
1080 pf 03 -0.843 -0.145  0.855 1
1080 pf 04  0.112  1.899  1.903 6
1080 pf 05  0.554  1.141  1.268 6
1080 pf 06  0.894  0.054  0.896 5
1080 pf 07  0.304 -0.012  0.304 4
1080 pf 08  0.978  0.749  1.232 5
1080 pf 09  0.403  0.991  1.070 6
1080 pf 10  0.740 -0.080  0.744 4
1104 em 00  0.420  0.818  0.919 6
1104 cf 00 -0.018  0.889  0.889 7
1104 pf 01  1.772  1.069  2.069 5
1104 pf 02 -0.020  1.346  1.346 7
1104 pf 03 -0.480 -0.244  0.538 1
1104 pf 04  0.208  1.930  1.941 6
1104 pf 05  0.298  1.527  1.556 6
1104 pf 06  0.718  0.465  0.856 5
1104 pf 07  0.338 -0.152  0.370 4
1104 pf 08  0.750  0.857  1.139 6
1104 pf 09  0.385  1.044  1.112 6
1104 pf 10  0.637  0.190  0.665 5
