ecmf prod rf 2010082400 20150824 11 046
0024 em 00  1.627  0.063  1.629 5
0024 cf 00  1.605  0.138  1.611 5
0024 pf 01  1.711  0.132  1.717 5
0024 pf 02  1.504  0.063  1.505 5
0024 pf 03  1.642 -0.050  1.642 4
0024 pf 04  1.568  0.090  1.571 5
0024 pf 05  1.856  0.052  1.857 5
0024 pf 06  1.479 -0.026  1.479 4
0024 pf 07  1.654  0.117  1.659 5
0024 pf 08  1.474  0.182  1.485 5
0024 pf 09  1.736  0.043  1.737 5
0024 pf 10  1.492  0.063  1.494 5
0048 em 00  1.524  0.143  1.531 5
0048 cf 00  1.579  0.214  1.594 5
0048 pf 01  1.396  0.176  1.407 5
0048 pf 02  1.501  0.223  1.517 5
0048 pf 03  1.589  0.073  1.590 5
0048 pf 04  1.529  0.104  1.533 5
0048 pf 05  1.764  0.135  1.769 5
0048 pf 06  1.428  0.161  1.437 5
0048 pf 07  1.530  0.222  1.546 5
0048 pf 08  1.367  0.190  1.380 5
0048 pf 09  1.510  0.104  1.514 5
0048 pf 10  1.361  0.069  1.363 5
0072 em 00  1.333  0.210  1.350 5
0072 cf 00  1.442  0.255  1.465 5
0072 pf 01  1.270  0.218  1.288 5
0072 pf 02  1.347  0.364  1.395 5
0072 pf 03  1.555  0.068  1.557 5
0072 pf 04  1.280  0.100  1.284 5
0072 pf 05  1.569  0.327  1.603 5
0072 pf 06  1.101  0.195  1.118 5
0072 pf 07  1.187  0.280  1.219 5
0072 pf 08  1.211  0.263  1.239 5
0072 pf 09  1.284  0.201  1.300 5
0072 pf 10  1.173  0.133  1.181 5
0096 em 00  0.815  0.115  0.824 5
0096 cf 00  0.879  0.108  0.886 5
0096 pf 01  0.687  0.108  0.695 5
0096 pf 02  0.638  0.223  0.676 5
0096 pf 03  1.089  0.035  1.089 5
0096 pf 04  0.784 -0.046  0.785 4
0096 pf 05  1.068  0.214  1.089 5
0096 pf 06  0.853  0.166  0.869 5
0096 pf 07  0.463  0.353  0.582 5
0096 pf 08  0.711  0.193  0.736 5
0096 pf 09  0.725  0.082  0.730 5
0096 pf 10  0.854 -0.050  0.856 4
0120 em 00  0.214 -0.053  0.220 4
0120 cf 00  0.230 -0.071  0.241 4
0120 pf 01  0.151 -0.013  0.151 4
0120 pf 02  0.111  0.157  0.192 6
0120 pf 03  0.309 -0.239  0.390 4
0120 pf 04  0.290 -0.172  0.337 4
0120 pf 05  0.555  0.011  0.555 5
0120 pf 06  0.089  0.049  0.102 5
0120 pf 07  0.022 -0.060  0.064 3
0120 pf 08  0.093  0.070  0.116 5
0120 pf 09  0.093 -0.216  0.235 3
0120 pf 10  0.222  0.012  0.222 5
0144 em 00 -0.133 -0.150  0.200 2
0144 cf 00 -0.098 -0.163  0.190 2
0144 pf 01 -0.363 -0.211  0.420 1
0144 pf 02 -0.458  0.142  0.480 8
0144 pf 03  0.062 -0.335  0.341 3
0144 pf 04 -0.016 -0.251  0.251 2
0144 pf 05 -0.039 -0.038  0.054 1
0144 pf 06 -0.175 -0.171  0.245 1
0144 pf 07 -0.312 -0.183  0.362 1
0144 pf 08 -0.169 -0.002  0.169 1
0144 pf 09 -0.101 -0.297  0.313 2
0144 pf 10  0.051 -0.036  0.062 4
0168 em 00 -0.259 -0.380  0.460 2
0168 cf 00 -0.068 -0.367  0.373 2
0168 pf 01 -0.307 -0.374  0.483 2
0168 pf 02 -0.617 -0.158  0.637 1
0168 pf 03 -0.033 -0.602  0.602 2
0168 pf 04 -0.233 -0.269  0.356 2
0168 pf 05 -0.243 -0.249  0.348 2
0168 pf 06 -0.520 -0.526  0.740 2
0168 pf 07 -0.541 -0.721  0.901 2
0168 pf 08 -0.366 -0.122  0.385 1
0168 pf 09 -0.124 -0.669  0.680 2
0168 pf 10  0.039 -0.033  0.051 4
0192 em 00 -0.385 -0.624  0.733 2
0192 cf 00 -0.337 -0.586  0.676 2
0192 pf 01 -0.305 -0.704  0.767 2
0192 pf 02 -0.585 -0.473  0.752 1
0192 pf 03 -0.167 -0.958  0.972 2
0192 pf 04 -0.187 -0.494  0.528 2
0192 pf 05 -0.518 -0.292  0.594 1
0192 pf 06 -0.424 -0.722  0.837 2
0192 pf 07 -0.632 -0.964  1.153 2
0192 pf 08 -0.735 -0.280  0.787 1
0192 pf 09 -0.376 -0.896  0.972 2
0192 pf 10 -0.131 -0.405  0.426 2
0216 em 00 -0.498 -0.745  0.896 2
0216 cf 00 -0.392 -0.730  0.829 2
0216 pf 01 -0.553 -0.863  1.025 2
0216 pf 02 -0.963 -0.884  1.307 1
0216 pf 03 -0.317 -0.972  1.023 2
0216 pf 04  0.074 -0.582  0.587 3
0216 pf 05 -0.716 -0.365  0.804 1
0216 pf 06 -0.539 -0.898  1.047 2
0216 pf 07 -0.672 -0.986  1.193 2
0216 pf 08 -0.842 -0.159  0.857 1
0216 pf 09 -0.340 -0.995  1.051 2
0216 pf 10 -0.333 -0.678  0.756 2
0240 em 00 -0.416 -0.804  0.905 2
0240 cf 00 -0.360 -0.957  1.022 2
0240 pf 01 -0.545 -0.790  0.960 2
0240 pf 02 -0.956 -0.950  1.348 1
0240 pf 03 -0.278 -0.882  0.925 2
0240 pf 04  0.249 -0.646  0.692 3
0240 pf 05 -0.787 -0.572  0.973 1
0240 pf 06 -0.408 -1.104  1.177 2
0240 pf 07 -0.608 -0.972  1.146 2
0240 pf 08 -0.557 -0.175  0.584 1
0240 pf 09 -0.138 -0.847  0.858 2
0240 pf 10 -0.276 -0.882  0.925 2
0264 em 00 -0.256 -0.957  0.990 2
0264 cf 00 -0.323 -1.150  1.195 2
0264 pf 01 -0.456 -0.834  0.950 2
0264 pf 02 -0.799 -1.429  1.638 2
0264 pf 03  0.150 -0.906  0.919 3
0264 pf 04  0.361 -0.522  0.635 3
0264 pf 05 -0.649 -0.939  1.141 2
0264 pf 06 -0.627 -1.155  1.314 2
0264 pf 07 -0.244 -1.441  1.462 2
0264 pf 08 -0.319 -0.344  0.469 2
0264 pf 09  0.347 -0.749  0.825 3
0264 pf 10 -0.321 -0.980  1.031 2
0288 em 00 -0.148 -0.986  0.997 2
0288 cf 00 -0.430 -1.160  1.237 2
0288 pf 01 -0.721 -1.146  1.354 2
0288 pf 02 -0.572 -1.357  1.473 2
0288 pf 03  0.523 -0.751  0.916 3
0288 pf 04  0.496 -0.557  0.746 3
0288 pf 05 -0.395 -0.921  1.002 2
0288 pf 06 -0.514 -1.142  1.253 2
0288 pf 07 -0.012 -1.704  1.704 2
0288 pf 08 -0.394 -0.455  0.602 2
0288 pf 09  0.782 -0.493  0.924 4
0288 pf 10 -0.435 -1.085  1.169 2
0312 em 00 -0.181 -0.889  0.908 2
0312 cf 00 -0.497 -1.170  1.271 2
0312 pf 01 -0.546 -1.025  1.161 2
0312 pf 02 -0.554 -1.153  1.280 2
0312 pf 03  0.613 -0.485  0.782 4
0312 pf 04  0.799 -0.402  0.894 4
0312 pf 05 -0.457 -0.877  0.989 2
0312 pf 06 -0.577 -0.983  1.140 2
0312 pf 07 -0.037 -1.588  1.588 2
0312 pf 08 -0.743 -0.486  0.888 1
0312 pf 09  0.459 -0.343  0.573 4
0312 pf 10 -0.450 -1.183  1.266 2
0336 em 00 -0.218 -0.771  0.802 2
0336 cf 00 -0.301 -1.109  1.150 2
0336 pf 01 -0.436 -0.699  0.823 2
0336 pf 02 -0.647 -0.986  1.179 2
0336 pf 03  0.357 -0.332  0.487 4
0336 pf 04  0.739 -0.406  0.843 4
0336 pf 05 -0.395 -0.700  0.803 2
0336 pf 06 -0.668 -1.237  1.406 2
0336 pf 07 -0.061 -1.489  1.490 2
0336 pf 08 -0.724 -0.316  0.790 1
0336 pf 09  0.134 -0.116  0.177 4
0336 pf 10 -0.363 -1.001  1.064 2
0360 em 00 -0.206 -0.648  0.680 2
0360 cf 00 -0.142 -1.049  1.059 2
0360 pf 01 -0.086 -0.504  0.511 2
0360 pf 02 -0.388 -0.815  0.903 2
0360 pf 03  0.322 -0.255  0.411 4
0360 pf 04  0.505 -0.272  0.573 4
0360 pf 05 -0.580 -0.579  0.820 1
0360 pf 06 -0.831 -1.262  1.511 2
0360 pf 07  0.154 -1.285  1.294 3
0360 pf 08 -0.801 -0.272  0.846 1
0360 pf 09  0.033  0.005  0.033 5
0360 pf 10 -0.421 -0.740  0.851 2
0384 em 00 -0.221 -0.490  0.538 2
0384 cf 00 -0.008 -1.096  1.096 2
0384 pf 01 -0.115 -0.314  0.334 2
0384 pf 02 -0.331 -0.832  0.895 2
0384 pf 03  0.371 -0.364  0.520 4
0384 pf 04  0.063  0.020  0.066 5
0384 pf 05 -0.459 -0.489  0.671 2
0384 pf 06 -0.771 -0.895  1.181 2
0384 pf 07  0.268 -1.062  1.095 3
0384 pf 08 -0.981 -0.233  1.008 1
0384 pf 09 -0.148  0.335  0.367 7
0384 pf 10 -0.264 -0.364  0.449 2
0408 em 00 -0.275 -0.416  0.499 2
0408 cf 00 -0.080 -0.935  0.938 2
0408 pf 01 -0.347  0.044  0.350 8
0408 pf 02 -0.057 -1.012  1.013 2
0408 pf 03  0.245 -0.622  0.669 3
0408 pf 04  0.303  0.228  0.380 5
0408 pf 05 -0.481 -0.160  0.507 1
0408 pf 06 -0.865 -0.931  1.271 2
0408 pf 07  0.337 -0.885  0.947 3
0408 pf 08 -1.051 -0.233  1.076 1
0408 pf 09 -0.595  0.340  0.686 8
0408 pf 10 -0.380 -0.319  0.496 1
0432 em 00 -0.424 -0.311  0.526 1
0432 cf 00 -0.224 -0.648  0.685 2
0432 pf 01 -0.495  0.114  0.508 8
0432 pf 02  0.109 -0.932  0.938 3
0432 pf 03  0.049 -0.524  0.526 3
0432 pf 04 -0.077  0.163  0.181 7
0432 pf 05 -0.658 -0.197  0.687 1
0432 pf 06 -0.718 -1.109  1.321 2
0432 pf 07  0.150 -0.501  0.523 3
0432 pf 08 -1.203  0.020  1.203 8
0432 pf 09 -1.039  0.235  1.065 8
0432 pf 10 -0.480  0.036  0.481 8
0456 em 00 -0.539 -0.227  0.584 1
0456 cf 00 -0.366 -0.317  0.484 1
0456 pf 01 -0.496  0.118  0.510 8
0456 pf 02  0.420 -0.723  0.836 3
0456 pf 03 -0.216 -0.476  0.523 2
0456 pf 04 -0.601 -0.024  0.601 1
0456 pf 05 -0.679 -0.146  0.694 1
0456 pf 06 -0.968 -1.282  1.607 2
0456 pf 07  0.238 -0.345  0.419 3
0456 pf 08 -1.278  0.072  1.280 8
0456 pf 09 -1.559  0.310  1.589 8
0456 pf 10 -0.341  0.384  0.514 7
0480 em 00 -0.618 -0.207  0.652 1
0480 cf 00 -0.421 -0.288  0.510 1
0480 pf 01 -0.324  0.042  0.327 8
0480 pf 02  0.711 -0.756  1.038 3
0480 pf 03 -0.411 -0.635  0.757 2
0480 pf 04 -0.922 -0.157  0.935 1
0480 pf 05 -0.927  0.107  0.933 8
0480 pf 06 -1.081 -1.085  1.531 2
0480 pf 07  0.257 -0.561  0.617 3
0480 pf 08 -1.665  0.095  1.668 8
0480 pf 09 -1.789  0.711  1.925 8
0480 pf 10 -0.143  0.305  0.337 7
0504 em 00 -0.631 -0.306  0.702 1
0504 cf 00 -0.388 -0.237  0.455 1
0504 pf 01 -0.586 -0.355  0.685 1
0504 pf 02  0.984 -0.778  1.255 4
0504 pf 03 -0.682 -0.564  0.885 1
0504 pf 04 -0.896 -0.396  0.980 1
0504 pf 05 -1.080  0.040  1.081 8
0504 pf 06 -1.000 -1.177  1.544 2
0504 pf 07  0.311 -0.459  0.554 3
0504 pf 08 -1.795 -0.110  1.799 1
0504 pf 09 -1.534  0.557  1.632 8
0504 pf 10 -0.180  0.180  0.255 7
0528 em 00 -0.578 -0.441  0.727 1
0528 cf 00 -0.338 -0.406  0.528 2
0528 pf 01 -0.486 -0.829  0.961 2
0528 pf 02  1.261 -0.568  1.384 4
0528 pf 03 -0.856 -0.745  1.135 1
0528 pf 04 -0.985 -0.636  1.172 1
0528 pf 05 -1.134 -0.183  1.148 1
0528 pf 06 -0.519 -1.075  1.194 2
0528 pf 07  0.322 -0.585  0.668 3
0528 pf 08 -1.678 -0.165  1.686 1
0528 pf 09 -1.468  0.329  1.505 8
0528 pf 10 -0.379  0.081  0.387 8
0552 em 00 -0.536 -0.476  0.717 1
0552 cf 00 -0.176 -0.562  0.589 2
0552 pf 01 -0.545 -0.966  1.109 2
0552 pf 02  1.178 -0.476  1.271 4
0552 pf 03 -0.412 -1.118  1.191 2
0552 pf 04 -1.031 -0.755  1.278 1
0552 pf 05 -1.140 -0.012  1.140 1
0552 pf 06 -0.469 -0.940  1.051 2
0552 pf 07  0.440 -0.311  0.538 4
0552 pf 08 -1.352 -0.068  1.354 1
0552 pf 09 -1.834  0.376  1.872 8
0552 pf 10 -0.431 -0.328  0.542 1
0576 em 00 -0.417 -0.471  0.629 2
0576 cf 00 -0.147 -0.460  0.483 2
0576 pf 01 -0.500 -0.889  1.020 2
0576 pf 02  1.600 -0.331  1.634 4
0576 pf 03 -0.252 -1.060  1.089 2
0576 pf 04 -0.758 -0.738  1.058 1
0576 pf 05 -1.146 -0.074  1.149 1
0576 pf 06 -0.492 -0.870  0.999 2
0576 pf 07  0.710 -0.195  0.736 4
0576 pf 08 -1.330 -0.422  1.396 1
0576 pf 09 -1.710  0.431  1.764 8
0576 pf 10 -0.458 -0.466  0.654 2
0600 em 00 -0.269 -0.466  0.538 2
0600 cf 00 -0.187 -0.733  0.757 2
0600 pf 01 -0.348 -0.673  0.758 2
0600 pf 02  1.702 -0.121  1.706 4
0600 pf 03  0.325 -0.815  0.878 3
0600 pf 04 -0.708 -0.900  1.145 2
0600 pf 05 -1.028 -0.182  1.044 1
0600 pf 06 -0.282 -0.712  0.766 2
0600 pf 07  0.631  0.049  0.633 5
0600 pf 08 -1.070 -0.412  1.146 1
0600 pf 09 -1.629  0.099  1.632 8
0600 pf 10 -0.282 -0.601  0.664 2
0624 em 00 -0.158 -0.365  0.398 2
0624 cf 00  0.018 -0.960  0.960 3
0624 pf 01  0.014 -0.342  0.342 3
0624 pf 02  1.579  0.166  1.587 5
0624 pf 03  0.693 -0.861  1.105 3
0624 pf 04 -0.588 -0.592  0.834 2
0624 pf 05 -0.860  0.143  0.872 8
0624 pf 06 -0.268 -0.406  0.487 2
0624 pf 07  0.378  0.267  0.463 5
0624 pf 08 -1.017 -0.350  1.075 1
0624 pf 09 -1.540 -0.254  1.560 1
0624 pf 10 -0.068 -0.708  0.711 2
0648 em 00 -0.190 -0.323  0.375 2
0648 cf 00  0.315 -1.097  1.141 3
0648 pf 01  0.137 -0.175  0.222 3
0648 pf 02  1.293  0.411  1.357 5
0648 pf 03  0.704 -0.614  0.934 4
0648 pf 04 -0.533 -0.629  0.825 2
0648 pf 05 -0.765  0.577  0.958 8
0648 pf 06 -0.409 -0.423  0.589 2
0648 pf 07 -0.104  0.432  0.444 7
0648 pf 08 -0.937 -0.598  1.112 1
0648 pf 09 -1.575 -0.853  1.791 1
0648 pf 10 -0.129 -0.436  0.454 2
0672 em 00 -0.149 -0.327  0.359 2
0672 cf 00  0.573 -1.065  1.209 3
0672 pf 01  0.089 -0.367  0.377 3
0672 pf 02  1.011  0.628  1.190 5
0672 pf 03  0.786 -0.181  0.807 4
0672 pf 04 -0.408 -0.641  0.760 2
0672 pf 05 -0.519  0.518  0.733 8
0672 pf 06 -0.431 -0.626  0.760 2
0672 pf 07 -0.254  0.479  0.543 7
0672 pf 08 -0.950 -0.931  1.330 1
0672 pf 09 -1.364 -0.975  1.677 1
0672 pf 10 -0.054 -0.283  0.288 2
0696 em 00 -0.086 -0.362  0.372 2
0696 cf 00  0.884 -0.890  1.254 3
0696 pf 01 -0.019 -0.507  0.507 2
0696 pf 02  1.141  0.919  1.464 5
0696 pf 03  1.069  0.078  1.072 5
0696 pf 04 -0.149 -0.673  0.689 2
0696 pf 05 -0.759  0.362  0.840 8
0696 pf 06 -0.281 -0.752  0.802 2
0696 pf 07 -0.518  0.272  0.585 8
0696 pf 08 -0.929 -0.994  1.361 2
0696 pf 09 -1.027 -1.047  1.466 2
0696 pf 10 -0.249 -0.544  0.598 2
0720 em 00  0.034 -0.323  0.325 3
0720 cf 00  1.220 -0.805  1.462 4
0720 pf 01  0.214 -0.487  0.532 3
0720 pf 02  1.113  0.919  1.443 5
0720 pf 03  1.150  0.165  1.162 5
0720 pf 04 -0.075 -0.233  0.245 2
0720 pf 05 -0.954  0.029  0.955 8
0720 pf 06 -0.257 -0.699  0.745 2
0720 pf 07 -0.777  0.377  0.863 8
0720 pf 08 -0.390 -0.917  0.997 2
0720 pf 09 -0.455 -1.294  1.372 2
0720 pf 10 -0.334 -0.406  0.525 2
0744 em 00  0.142 -0.239  0.279 3
0744 cf 00  1.355 -0.411  1.416 4
0744 pf 01  0.649 -0.896  1.106 3
0744 pf 02  0.982  0.937  1.358 5
0744 pf 03  1.083  0.566  1.222 5
0744 pf 04 -0.028 -0.134  0.136 2
0744 pf 05 -0.914 -0.048  0.915 1
0744 pf 06  0.074 -0.581  0.585 3
0744 pf 07 -1.181  0.651  1.349 8
0744 pf 08  0.258 -0.702  0.748 3
0744 pf 09 -0.266 -1.453  1.477 2
0744 pf 10 -0.407 -0.353  0.539 1
0768 em 00  0.213 -0.204  0.295 4
0768 cf 00  1.307  0.084  1.309 5
0768 pf 01  1.133 -0.952  1.479 4
0768 pf 02  0.747  1.030  1.273 6
0768 pf 03  0.743  0.916  1.180 6
0768 pf 04  0.185 -0.018  0.185 4
0768 pf 05 -0.934 -0.160  0.948 1
0768 pf 06  0.570 -0.517  0.769 4
0768 pf 07 -1.400  0.683  1.557 8
0768 pf 08  0.509 -1.008  1.129 3
0768 pf 09 -0.063 -1.746  1.747 2
0768 pf 10 -0.457 -0.361  0.582 1
0792 em 00  0.295 -0.052  0.300 4
0792 cf 00  1.360  0.541  1.463 5
0792 pf 01  1.550 -0.784  1.737 4
0792 pf 02  0.630  1.125  1.289 6
0792 pf 03  0.462  0.959  1.064 6
0792 pf 04  0.353  0.353  0.499 6
0792 pf 05 -0.918 -0.365  0.988 1
0792 pf 06  0.763 -0.240  0.800 4
0792 pf 07 -1.453  0.752  1.637 8
0792 pf 08  0.850 -0.778  1.152 4
0792 pf 09  0.228 -1.470  1.488 3
0792 pf 10 -0.595 -0.480  0.764 1
0816 em 00  0.264  0.015  0.264 5
0816 cf 00  1.448  0.761  1.636 5
0816 pf 01  1.518 -0.128  1.523 4
0816 pf 02  0.549  0.929  1.080 6
0816 pf 03  0.062  0.951  0.953 6
0816 pf 04  0.056  0.332  0.337 6
0816 pf 05 -1.089 -0.523  1.208 1
0816 pf 06  0.767 -0.217  0.797 4
0816 pf 07 -1.520  0.785  1.711 8
0816 pf 08  1.178 -0.908  1.487 4
0816 pf 09  0.315 -1.140  1.183 3
0816 pf 10 -0.431 -0.536  0.688 2
0840 em 00  0.283  0.008  0.283 5
0840 cf 00  1.276  0.932  1.580 5
0840 pf 01  1.310  0.139  1.318 5
0840 pf 02  0.619  0.647  0.896 6
0840 pf 03 -0.302  0.667  0.732 7
0840 pf 04 -0.040  0.133  0.139 7
0840 pf 05 -1.127 -0.405  1.198 1
0840 pf 06  0.606 -0.186  0.634 4
0840 pf 07 -1.290  0.681  1.459 8
0840 pf 08  1.905 -1.010  2.156 4
0840 pf 09  0.562 -0.813  0.988 3
0840 pf 10 -0.474 -0.579  0.748 2
0864 em 00  0.310  0.033  0.312 5
0864 cf 00  0.995  1.046  1.444 6
0864 pf 01  1.179  0.218  1.199 5
0864 pf 02  0.647  0.682  0.940 6
0864 pf 03 -0.180  0.352  0.396 7
0864 pf 04 -0.211  0.026  0.213 8
0864 pf 05 -1.279 -0.453  1.356 1
0864 pf 06  0.604  0.272  0.662 5
0864 pf 07 -1.261  0.548  1.375 8
0864 pf 08  2.377 -1.067  2.605 4
0864 pf 09  0.897 -0.527  1.041 4
0864 pf 10 -0.438 -0.618  0.758 2
0888 em 00  0.273  0.116  0.297 5
0888 cf 00  0.725  1.045  1.272 6
0888 pf 01  0.967  0.145  0.978 5
0888 pf 02  0.686  0.814  1.064 6
0888 pf 03 -0.042  0.359  0.362 7
0888 pf 04 -0.494 -0.133  0.511 1
0888 pf 05 -1.205 -0.299  1.241 1
0888 pf 06  0.913  0.681  1.139 5
0888 pf 07 -0.992  0.378  1.062 8
0888 pf 08  2.248 -0.732  2.364 4
0888 pf 09  0.772 -0.433  0.885 4
0888 pf 10 -0.644 -0.456  0.789 1
0912 em 00  0.262  0.206  0.333 5
0912 cf 00  0.499  1.014  1.131 6
0912 pf 01  0.601  0.389  0.716 5
0912 pf 02  0.741  0.962  1.214 6
0912 pf 03  0.108  0.156  0.190 6
0912 pf 04 -0.647 -0.377  0.749 1
0912 pf 05 -0.858 -0.479  0.983 1
0912 pf 06  0.807  0.861  1.180 6
0912 pf 07 -0.727  0.346  0.805 8
0912 pf 08  2.154 -0.138  2.159 4
0912 pf 09  0.786 -0.302  0.842 4
0912 pf 10 -0.635 -0.093  0.642 1
0936 em 00  0.210  0.248  0.325 6
0936 cf 00  0.047  0.970  0.971 6
0936 pf 01  0.496  0.393  0.633 5
0936 pf 02  0.481  0.885  1.008 6
0936 pf 03 -0.206  0.029  0.208 8
0936 pf 04 -0.273 -0.292  0.400 2
0936 pf 05 -0.721 -0.614  0.947 1
0936 pf 06  0.206  1.034  1.054 6
0936 pf 07 -0.643  0.110  0.652 8
0936 pf 08  2.242  0.493  2.296 5
0936 pf 09  0.847 -0.208  0.873 4
0936 pf 10 -0.197  0.014  0.198 8
0960 em 00  0.258  0.222  0.341 5
0960 cf 00 -0.332  0.725  0.798 7
0960 pf 01  0.713  0.422  0.829 5
0960 pf 02  0.360  0.780  0.859 6
0960 pf 03 -0.098  0.108  0.146 7
0960 pf 04  0.059 -0.168  0.178 3
0960 pf 05 -0.478 -0.925  1.041 2
0960 pf 06 -0.180  0.967  0.983 7
0960 pf 07 -0.501 -0.140  0.520 1
0960 pf 08  2.261  0.993  2.469 5
0960 pf 09  1.045 -0.197  1.063 4
0960 pf 10 -0.016 -0.032  0.036 2
0984 em 00  0.284  0.299  0.412 6
0984 cf 00 -0.547  0.581  0.798 7
0984 pf 01  0.754  0.370  0.840 5
0984 pf 02  0.106  0.822  0.829 6
0984 pf 03 -0.347  0.040  0.349 8
0984 pf 04  0.413 -0.218  0.467 4
0984 pf 05 -0.103 -1.030  1.035 2
0984 pf 06 -0.230  0.873  0.902 7
0984 pf 07 -0.240 -0.077  0.252 1
0984 pf 08  1.906  1.718  2.566 5
0984 pf 09  1.221  0.015  1.221 5
0984 pf 10  0.189  0.276  0.335 6
1008 em 00  0.224  0.292  0.368 6
1008 cf 00 -0.644  0.433  0.776 8
1008 pf 01  0.541  0.374  0.657 5
1008 pf 02  0.047  1.116  1.117 6
1008 pf 03 -0.665  0.002  0.665 8
1008 pf 04  0.731 -0.204  0.759 4
1008 pf 05  0.058 -1.256  1.258 3
1008 pf 06 -0.488  0.642  0.807 7
1008 pf 07 -0.271 -0.147  0.308 1
1008 pf 08  1.574  2.037  2.574 6
1008 pf 09  1.422  0.167  1.432 5
1008 pf 10  0.175  0.142  0.225 5
1032 em 00  0.177  0.241  0.299 6
1032 cf 00 -0.935  0.241  0.965 8
1032 pf 01  0.270  0.461  0.534 6
1032 pf 02 -0.275  1.341  1.368 7
1032 pf 03 -0.592  0.173  0.616 8
1032 pf 04  0.787 -0.348  0.860 4
1032 pf 05  0.593 -1.253  1.386 3
1032 pf 06 -0.714  0.297  0.773 8
1032 pf 07 -0.356 -0.427  0.556 2
1032 pf 08  1.549  2.077  2.592 6
1032 pf 09  1.321  0.263  1.346 5
1032 pf 10  0.318 -0.100  0.333 4
1056 em 00  0.172  0.174  0.244 6
1056 cf 00 -0.946  0.385  1.021 8
1056 pf 01  0.054  0.586  0.589 6
1056 pf 02 -0.697  1.281  1.458 7
1056 pf 03 -0.360  0.085  0.370 8
1056 pf 04  0.913 -0.192  0.933 4
1056 pf 05  0.677 -1.134  1.321 3
1056 pf 06 -0.545 -0.209  0.584 1
1056 pf 07 -0.196 -0.582  0.614 2
1056 pf 08  1.165  1.650  2.020 6
1056 pf 09  1.582  0.179  1.592 5
1056 pf 10  0.258 -0.076  0.269 4
1080 em 00  0.139  0.174  0.223 6
1080 cf 00 -1.045  0.477  1.149 8
1080 pf 01 -0.252  0.911  0.945 7
1080 pf 02 -0.653  1.192  1.359 7
1080 pf 03 -0.098  0.070  0.121 8
1080 pf 04  0.953 -0.215  0.977 4
1080 pf 05  0.930 -1.138  1.470 3
1080 pf 06 -0.562 -0.587  0.813 2
1080 pf 07 -0.111 -0.659  0.669 2
1080 pf 08  0.614  1.324  1.460 6
1080 pf 09  1.628  0.484  1.699 5
1080 pf 10  0.142  0.128  0.192 5
1104 em 00  0.224  0.220  0.313 5
1104 cf 00 -1.150  0.464  1.241 8
1104 pf 01 -0.152  0.998  1.009 7
1104 pf 02 -1.027  1.042  1.463 7
1104 pf 03  0.020  0.161  0.162 6
1104 pf 04  1.343 -0.374  1.394 4
1104 pf 05  1.079 -0.867  1.384 4
1104 pf 06 -0.197 -0.520  0.556 2
1104 pf 07  0.063 -0.513  0.517 3
1104 pf 08  0.378  1.139  1.200 6
1104 pf 09  1.790  0.885  1.997 5
1104 pf 10  0.326  0.064  0.332 5
