ecmf prod rf 1998032400 20160324 11 046
0024 em 00 -0.956 -0.214  0.980 1
0024 cf 00 -0.938 -0.197  0.959 1
0024 pf 01 -0.871 -0.280  0.915 1
0024 pf 02 -0.899 -0.153  0.912 1
0024 pf 03 -1.016 -0.206  1.036 1
0024 pf 04 -0.912 -0.254  0.947 1
0024 pf 05 -0.926 -0.273  0.965 1
0024 pf 06 -1.017 -0.135  1.026 1
0024 pf 07 -1.001 -0.202  1.022 1
0024 pf 08 -0.952 -0.245  0.983 1
0024 pf 09 -1.005 -0.161  1.017 1
0024 pf 10 -0.866 -0.261  0.904 1
0048 em 00 -0.751 -0.365  0.835 1
0048 cf 00 -0.682 -0.420  0.801 1
0048 pf 01 -0.596 -0.430  0.734 1
0048 pf 02 -0.790 -0.308  0.848 1
0048 pf 03 -0.796 -0.560  0.973 1
0048 pf 04 -0.713 -0.328  0.785 1
0048 pf 05 -0.761 -0.416  0.867 1
0048 pf 06 -0.789 -0.301  0.844 1
0048 pf 07 -0.919 -0.230  0.947 1
0048 pf 08 -0.738 -0.403  0.841 1
0048 pf 09 -0.835 -0.261  0.875 1
0048 pf 10 -0.565 -0.387  0.685 1
0072 em 00 -0.828 -0.565  1.003 1
0072 cf 00 -0.768 -0.643  1.001 1
0072 pf 01 -0.551 -0.611  0.823 2
0072 pf 02 -0.877 -0.591  1.058 1
0072 pf 03 -0.918 -0.691  1.149 1
0072 pf 04 -0.766 -0.458  0.892 1
0072 pf 05 -0.696 -0.707  0.992 2
0072 pf 06 -0.943 -0.547  1.090 1
0072 pf 07 -0.990 -0.482  1.101 1
0072 pf 08 -0.852 -0.486  0.980 1
0072 pf 09 -0.974 -0.472  1.082 1
0072 pf 10 -0.713 -0.564  0.909 1
0096 em 00 -0.768 -0.720  1.053 1
0096 cf 00 -0.630 -0.800  1.018 2
0096 pf 01 -0.445 -0.783  0.901 2
0096 pf 02 -1.019 -0.748  1.264 1
0096 pf 03 -0.646 -1.021  1.208 2
0096 pf 04 -0.695 -0.408  0.806 1
0096 pf 05 -0.735 -0.671  0.995 1
0096 pf 06 -0.838 -0.745  1.121 1
0096 pf 07 -1.052 -0.788  1.314 1
0096 pf 08 -0.726 -0.549  0.911 1
0096 pf 09 -1.036 -0.708  1.255 1
0096 pf 10 -0.598 -0.725  0.940 2
0120 em 00 -0.651 -0.820  1.047 2
0120 cf 00 -0.529 -0.872  1.020 2
0120 pf 01 -0.354 -0.822  0.895 2
0120 pf 02 -0.687 -0.933  1.159 2
0120 pf 03 -0.498 -1.039  1.152 2
0120 pf 04 -0.587 -0.503  0.773 1
0120 pf 05 -0.749 -0.804  1.098 2
0120 pf 06 -0.641 -0.821  1.042 2
0120 pf 07 -1.002 -0.887  1.339 1
0120 pf 08 -0.674 -0.802  1.048 2
0120 pf 09 -0.835 -0.687  1.081 1
0120 pf 10 -0.598 -0.868  1.054 2
0144 em 00 -0.429 -0.895  0.993 2
0144 cf 00 -0.354 -0.934  0.999 2
0144 pf 01 -0.368 -0.947  1.016 2
0144 pf 02 -0.307 -0.856  0.910 2
0144 pf 03 -0.054 -1.018  1.019 2
0144 pf 04 -0.529 -0.693  0.872 2
0144 pf 05 -0.393 -0.837  0.925 2
0144 pf 06 -0.471 -0.811  0.938 2
0144 pf 07 -0.787 -1.094  1.348 2
0144 pf 08 -0.453 -0.931  1.035 2
0144 pf 09 -0.647 -0.736  0.980 2
0144 pf 10 -0.375 -0.993  1.061 2
0168 em 00 -0.317 -1.006  1.054 2
0168 cf 00 -0.229 -1.116  1.139 2
0168 pf 01 -0.259 -0.906  0.942 2
0168 pf 02 -0.087 -0.828  0.832 2
0168 pf 03  0.074 -0.985  0.988 3
0168 pf 04 -0.552 -0.775  0.951 2
0168 pf 05 -0.308 -1.024  1.069 2
0168 pf 06 -0.514 -0.778  0.932 2
0168 pf 07 -0.544 -1.290  1.400 2
0168 pf 08 -0.195 -1.357  1.371 2
0168 pf 09 -0.562 -0.917  1.076 2
0168 pf 10 -0.332 -1.061  1.112 2
0192 em 00 -0.132 -1.178  1.185 2
0192 cf 00  0.036 -1.241  1.241 3
0192 pf 01 -0.014 -1.029  1.029 2
0192 pf 02 -0.017 -0.831  0.831 2
0192 pf 03  0.051 -1.095  1.096 3
0192 pf 04 -0.118 -0.963  0.971 2
0192 pf 05 -0.087 -1.342  1.344 2
0192 pf 06 -0.371 -0.999  1.066 2
0192 pf 07 -0.269 -1.485  1.509 2
0192 pf 08 -0.083 -1.607  1.609 2
0192 pf 09 -0.459 -1.013  1.112 2
0192 pf 10 -0.169 -1.319  1.329 2
0216 em 00 -0.038 -1.243  1.243 2
0216 cf 00  0.006 -1.314  1.314 3
0216 pf 01  0.078 -1.267  1.269 3
0216 pf 02  0.033 -0.886  0.887 3
0216 pf 03  0.203 -1.032  1.052 3
0216 pf 04  0.055 -0.883  0.885 3
0216 pf 05 -0.237 -1.246  1.268 2
0216 pf 06 -0.413 -1.397  1.457 2
0216 pf 07  0.154 -1.505  1.513 3
0216 pf 08 -0.077 -1.631  1.633 2
0216 pf 09 -0.300 -1.119  1.158 2
0216 pf 10  0.012 -1.355  1.355 3
0240 em 00  0.184 -1.084  1.100 3
0240 cf 00  0.207 -1.129  1.148 3
0240 pf 01  0.428 -1.126  1.204 3
0240 pf 02  0.186 -0.469  0.504 3
0240 pf 03  0.147 -0.809  0.823 3
0240 pf 04  0.299 -0.630  0.697 3
0240 pf 05 -0.078 -1.208  1.210 2
0240 pf 06 -0.126 -1.509  1.514 2
0240 pf 07  0.743 -1.305  1.502 3
0240 pf 08 -0.112 -1.466  1.470 2
0240 pf 09  0.181 -1.132  1.146 3
0240 pf 10  0.087 -1.143  1.146 3
0264 em 00  0.345 -0.959  1.019 3
0264 cf 00  0.349 -0.931  0.995 3
0264 pf 01  0.177 -1.108  1.122 3
0264 pf 02  0.440 -0.569  0.719 3
0264 pf 03  0.329 -0.770  0.837 3
0264 pf 04  0.238 -0.391  0.457 3
0264 pf 05  0.016 -1.198  1.198 3
0264 pf 06  0.185 -1.345  1.358 3
0264 pf 07  0.656 -0.828  1.057 3
0264 pf 08  0.422 -1.525  1.582 3
0264 pf 09  0.459 -1.015  1.114 3
0264 pf 10  0.468 -0.897  1.012 3
0288 em 00  0.252 -0.822  0.860 3
0288 cf 00  0.320 -0.733  0.800 3
0288 pf 01  0.188 -0.917  0.936 3
0288 pf 02  0.296 -0.557  0.631 3
0288 pf 03  0.447 -0.661  0.798 3
0288 pf 04  0.296 -0.427  0.520 3
0288 pf 05 -0.099 -0.834  0.840 2
0288 pf 06  0.220 -1.243  1.262 3
0288 pf 07  0.560 -0.698  0.894 3
0288 pf 08  0.127 -1.440  1.446 3
0288 pf 09  0.204 -0.823  0.848 3
0288 pf 10  0.202 -0.775  0.801 3
0312 em 00  0.144 -0.659  0.674 3
0312 cf 00  0.243 -0.511  0.566 3
0312 pf 01  0.255 -0.698  0.743 3
0312 pf 02  0.233 -0.262  0.350 3
0312 pf 03  0.231 -0.550  0.597 3
0312 pf 04  0.201 -0.284  0.348 3
0312 pf 05 -0.410 -0.849  0.943 2
0312 pf 06  0.329 -0.880  0.939 3
0312 pf 07  0.578 -0.598  0.832 3
0312 pf 08  0.006 -1.429  1.429 3
0312 pf 09 -0.246 -0.614  0.661 2
0312 pf 10  0.152 -0.645  0.662 3
0336 em 00  0.214 -0.631  0.666 3
0336 cf 00  0.263 -0.531  0.593 3
0336 pf 01  0.406 -0.705  0.813 3
0336 pf 02 -0.057 -0.133  0.144 2
0336 pf 03  0.283 -0.567  0.634 3
0336 pf 04  0.379 -0.386  0.541 3
0336 pf 05 -0.121 -1.015  1.022 2
0336 pf 06  0.261 -0.719  0.765 3
0336 pf 07  1.043 -0.644  1.226 4
0336 pf 08  0.165 -1.117  1.129 3
0336 pf 09 -0.520 -0.559  0.764 2
0336 pf 10  0.229 -0.617  0.658 3
0360 em 00  0.369 -0.624  0.725 3
0360 cf 00  0.348 -0.515  0.622 3
0360 pf 01  0.429 -0.677  0.802 3
0360 pf 02 -0.085 -0.182  0.201 2
0360 pf 03  0.232 -0.569  0.615 3
0360 pf 04  0.636 -0.214  0.671 4
0360 pf 05  0.347 -1.166  1.217 3
0360 pf 06  0.589 -0.815  1.006 3
0360 pf 07  1.328 -0.586  1.452 4
0360 pf 08  0.557 -0.887  1.047 3
0360 pf 09 -0.706 -0.567  0.906 1
0360 pf 10  0.356 -0.729  0.811 3
0384 em 00  0.526 -0.656  0.841 3
0384 cf 00  0.488 -0.354  0.603 4
0384 pf 01  0.558 -0.758  0.941 3
0384 pf 02 -0.245 -0.207  0.321 1
0384 pf 03  0.214 -0.715  0.747 3
0384 pf 04  1.023 -0.152  1.034 4
0384 pf 05  0.845 -1.480  1.704 3
0384 pf 06  0.615 -0.800  1.009 3
0384 pf 07  1.468 -0.505  1.552 4
0384 pf 08  0.933 -1.089  1.434 3
0384 pf 09 -0.662 -0.560  0.867 1
0384 pf 10  0.526 -0.626  0.818 3
0408 em 00  0.575 -0.690  0.899 3
0408 cf 00  0.563 -0.356  0.667 4
0408 pf 01  0.504 -0.684  0.850 3
0408 pf 02 -0.134 -0.241  0.276 2
0408 pf 03  0.418 -0.829  0.928 3
0408 pf 04  0.862 -0.242  0.896 4
0408 pf 05  1.042 -1.606  1.915 3
0408 pf 06  0.549 -0.798  0.968 3
0408 pf 07  1.355 -0.353  1.400 4
0408 pf 08  1.301 -1.339  1.867 3
0408 pf 09 -0.766 -0.572  0.957 1
0408 pf 10  0.585 -0.585  0.827 3
0432 em 00  0.604 -0.790  0.995 3
0432 cf 00  0.663 -0.523  0.845 4
0432 pf 01  0.286 -0.823  0.872 3
0432 pf 02 -0.121 -0.324  0.346 2
0432 pf 03  0.764 -1.129  1.363 3
0432 pf 04  0.828 -0.401  0.920 4
0432 pf 05  1.210 -1.401  1.852 3
0432 pf 06  0.480 -0.789  0.924 3
0432 pf 07  1.327 -0.155  1.336 4
0432 pf 08  1.306 -1.506  1.994 3
0432 pf 09 -0.844 -0.974  1.289 2
0432 pf 10  0.662 -0.632  0.915 4
0456 em 00  0.742 -0.828  1.112 3
0456 cf 00  0.600 -0.590  0.842 4
0456 pf 01  0.323 -0.958  1.011 3
0456 pf 02 -0.025 -0.418  0.419 2
0456 pf 03  1.073 -1.273  1.665 3
0456 pf 04  0.938 -0.509  1.067 4
0456 pf 05  1.448 -1.215  1.890 4
0456 pf 06  0.867 -0.714  1.123 4
0456 pf 07  1.249 -0.185  1.262 4
0456 pf 08  1.542 -1.446  2.114 4
0456 pf 09 -0.778 -1.085  1.335 2
0456 pf 10  0.832 -0.690  1.081 4
0480 em 00  0.878 -0.750  1.155 4
0480 cf 00  0.537 -0.591  0.798 3
0480 pf 01  0.683 -0.951  1.171 3
0480 pf 02  0.036 -0.216  0.219 3
0480 pf 03  1.067 -1.034  1.485 4
0480 pf 04  0.704 -0.709  0.999 3
0480 pf 05  1.686 -0.856  1.891 4
0480 pf 06  0.959 -0.681  1.176 4
0480 pf 07  1.349 -0.109  1.354 4
0480 pf 08  1.864 -1.416  2.341 4
0480 pf 09 -0.377 -1.120  1.182 2
0480 pf 10  1.052 -0.528  1.177 4
0504 em 00  0.912 -0.737  1.172 4
0504 cf 00  0.408 -0.486  0.635 3
0504 pf 01  0.895 -0.890  1.262 4
0504 pf 02  0.436 -0.166  0.467 4
0504 pf 03  1.266 -0.897  1.551 4
0504 pf 04  0.730 -0.816  1.094 3
0504 pf 05  1.333 -0.842  1.577 4
0504 pf 06  0.795 -0.714  1.069 4
0504 pf 07  1.059 -0.260  1.091 4
0504 pf 08  1.907 -1.601  2.490 4
0504 pf 09  0.120 -1.146  1.152 3
0504 pf 10  0.966 -0.273  1.004 4
0528 em 00  0.941 -0.676  1.159 4
0528 cf 00  0.621 -0.361  0.719 4
0528 pf 01  1.023 -0.719  1.250 4
0528 pf 02  0.587  0.067  0.591 5
0528 pf 03  1.380 -0.608  1.508 4
0528 pf 04  0.832 -0.977  1.283 3
0528 pf 05  0.946 -1.021  1.392 3
0528 pf 06  0.667 -0.564  0.873 4
0528 pf 07  0.989 -0.342  1.046 4
0528 pf 08  1.954 -1.528  2.481 4
0528 pf 09  0.478 -1.216  1.306 3
0528 pf 10  0.761 -0.162  0.778 4
0552 em 00  0.990 -0.666  1.193 4
0552 cf 00  0.677 -0.443  0.809 4
0552 pf 01  1.500 -0.318  1.533 4
0552 pf 02  0.473 -0.098  0.483 4
0552 pf 03  1.490 -0.533  1.583 4
0552 pf 04  0.789 -1.122  1.371 3
0552 pf 05  0.875 -0.971  1.308 3
0552 pf 06  0.713 -0.454  0.845 4
0552 pf 07  0.829 -0.410  0.925 4
0552 pf 08  2.013 -1.330  2.413 4
0552 pf 09  0.671 -1.282  1.447 3
0552 pf 10  0.780 -0.391  0.872 4
0576 em 00  1.061 -0.647  1.243 4
0576 cf 00  0.748 -0.661  0.998 4
0576 pf 01  1.489 -0.176  1.499 4
0576 pf 02  0.404 -0.196  0.449 4
0576 pf 03  1.385 -0.565  1.496 4
0576 pf 04  0.811 -1.130  1.391 3
0576 pf 05  1.081 -0.968  1.451 4
0576 pf 06  0.936 -0.456  1.041 4
0576 pf 07  0.855 -0.437  0.960 4
0576 pf 08  2.286 -1.047  2.515 4
0576 pf 09  0.806 -1.151  1.405 3
0576 pf 10  0.803 -0.375  0.886 4
0600 em 00  1.141 -0.740  1.360 4
0600 cf 00  0.809 -0.722  1.084 4
0600 pf 01  1.410 -0.013  1.410 4
0600 pf 02  0.594 -0.541  0.804 4
0600 pf 03  1.347 -0.729  1.532 4
0600 pf 04  0.841 -1.250  1.506 3
0600 pf 05  1.239 -1.045  1.621 4
0600 pf 06  1.087 -0.605  1.244 4
0600 pf 07  0.687 -0.779  1.039 3
0600 pf 08  2.693 -1.123  2.917 4
0600 pf 09  0.970 -0.985  1.382 3
0600 pf 10  0.808 -0.400  0.901 4
0624 em 00  1.138 -0.721  1.348 4
0624 cf 00  0.852 -0.612  1.049 4
0624 pf 01  1.355  0.343  1.397 5
0624 pf 02  0.623 -0.759  0.982 3
0624 pf 03  1.009 -0.597  1.172 4
0624 pf 04  1.449 -1.227  1.899 4
0624 pf 05  1.387 -1.197  1.832 4
0624 pf 06  0.962 -0.511  1.089 4
0624 pf 07  0.538 -0.936  1.080 3
0624 pf 08  2.656 -0.902  2.805 4
0624 pf 09  1.288 -1.209  1.767 4
0624 pf 10  0.367 -0.386  0.533 3
0648 em 00  1.105 -0.790  1.358 4
0648 cf 00  0.818 -0.606  1.018 4
0648 pf 01  1.214  0.356  1.265 5
0648 pf 02  0.801 -1.228  1.466 3
0648 pf 03  0.896 -0.474  1.013 4
0648 pf 04  1.623 -1.355  2.114 4
0648 pf 05  1.530 -0.932  1.792 4
0648 pf 06  1.195 -0.720  1.395 4
0648 pf 07  0.289 -0.844  0.892 3
0648 pf 08  2.299 -0.907  2.471 4
0648 pf 09  1.151 -1.362  1.783 3
0648 pf 10  0.339 -0.618  0.705 3
0672 em 00  1.155 -0.738  1.370 4
0672 cf 00  0.760 -0.680  1.020 4
0672 pf 01  0.787  0.238  0.822 5
0672 pf 02  1.072 -1.296  1.682 3
0672 pf 03  0.903 -0.502  1.033 4
0672 pf 04  1.973 -0.963  2.196 4
0672 pf 05  1.644 -0.687  1.782 4
0672 pf 06  1.580 -0.607  1.693 4
0672 pf 07  0.502 -0.929  1.056 3
0672 pf 08  2.183 -0.638  2.274 4
0672 pf 09  0.978 -1.118  1.486 3
0672 pf 10  0.349 -0.898  0.963 3
0696 em 00  1.183 -0.805  1.431 4
0696 cf 00  0.697 -0.772  1.040 3
0696 pf 01  0.686 -0.185  0.711 4
0696 pf 02  1.167 -1.618  1.995 3
0696 pf 03  1.019 -0.610  1.188 4
0696 pf 04  2.155 -0.618  2.242 4
0696 pf 05  1.393 -0.528  1.490 4
0696 pf 06  1.626 -0.625  1.742 4
0696 pf 07  0.486 -1.115  1.216 3
0696 pf 08  2.036 -0.457  2.087 4
0696 pf 09  1.001 -1.150  1.524 3
0696 pf 10  0.785 -1.126  1.373 3
0720 em 00  1.136 -0.743  1.357 4
0720 cf 00  0.564 -0.702  0.901 3
0720 pf 01  0.378 -0.268  0.464 4
0720 pf 02  1.486 -1.714  2.268 3
0720 pf 03  0.907 -0.571  1.071 4
0720 pf 04  2.456 -0.430  2.493 4
0720 pf 05  1.088 -0.262  1.119 4
0720 pf 06  1.289 -0.622  1.431 4
0720 pf 07  0.461 -1.138  1.228 3
0720 pf 08  1.751  0.155  1.758 5
0720 pf 09  1.172 -1.258  1.720 3
0720 pf 10  0.994 -1.285  1.625 3
0744 em 00  1.096 -0.608  1.253 4
0744 cf 00  0.689 -0.444  0.820 4
0744 pf 01  0.079 -0.330  0.339 3
0744 pf 02  1.334 -1.241  1.821 4
0744 pf 03  1.007 -0.336  1.062 4
0744 pf 04  2.164 -0.146  2.169 4
0744 pf 05  1.076  0.029  1.076 5
0744 pf 06  1.386 -0.573  1.499 4
0744 pf 07  0.296 -1.262  1.296 3
0744 pf 08  1.713  0.109  1.716 5
0744 pf 09  1.347 -1.216  1.815 4
0744 pf 10  1.027 -1.191  1.573 3
0768 em 00  1.216 -0.541  1.331 4
0768 cf 00  0.731 -0.232  0.767 4
0768 pf 01  0.394 -0.596  0.715 3
0768 pf 02  1.242 -0.867  1.515 4
0768 pf 03  1.255 -0.532  1.363 4
0768 pf 04  2.115 -0.141  2.120 4
0768 pf 05  1.157  0.224  1.179 5
0768 pf 06  1.530 -0.634  1.656 4
0768 pf 07  0.347 -1.183  1.233 3
0768 pf 08  1.680  0.071  1.682 5
0768 pf 09  1.944 -1.031  2.200 4
0768 pf 10  1.028 -0.951  1.400 4
0792 em 00  1.301 -0.435  1.371 4
0792 cf 00  0.863 -0.208  0.887 4
0792 pf 01  0.718 -0.707  1.008 4
0792 pf 02  1.336 -0.452  1.411 4
0792 pf 03  1.264 -0.588  1.394 4
0792 pf 04  2.012 -0.127  2.016 4
0792 pf 05  1.078  0.160  1.090 5
0792 pf 06  1.852 -0.607  1.948 4
0792 pf 07  0.263 -0.947  0.983 3
0792 pf 08  1.363  0.173  1.374 5
0792 pf 09  2.458 -0.800  2.584 4
0792 pf 10  1.132 -0.603  1.282 4
0816 em 00  1.301 -0.254  1.325 4
0816 cf 00  0.979 -0.002  0.979 4
0816 pf 01  0.795 -0.559  0.972 4
0816 pf 02  1.177 -0.432  1.254 4
0816 pf 03  1.175 -0.134  1.183 4
0816 pf 04  2.099  0.151  2.105 5
0816 pf 05  1.147  0.292  1.184 5
0816 pf 06  1.645 -0.687  1.783 4
0816 pf 07  0.433 -0.947  1.041 3
0816 pf 08  1.153  0.400  1.220 5
0816 pf 09  2.593 -0.610  2.663 4
0816 pf 10  1.106 -0.210  1.126 4
0840 em 00  1.200 -0.206  1.218 4
0840 cf 00  0.813  0.083  0.817 5
0840 pf 01  1.142 -0.933  1.475 4
0840 pf 02  0.885 -0.570  1.052 4
0840 pf 03  1.075  0.032  1.076 5
0840 pf 04  1.620  0.368  1.661 5
0840 pf 05  1.214  0.170  1.225 5
0840 pf 06  1.431 -0.577  1.543 4
0840 pf 07  0.732 -0.962  1.209 3
0840 pf 08  0.793  0.847  1.161 6
0840 pf 09  2.406 -0.663  2.496 4
0840 pf 10  1.064 -0.019  1.064 4
0864 em 00  1.044 -0.262  1.076 4
0864 cf 00  0.616 -0.106  0.625 4
0864 pf 01  1.257 -1.172  1.718 4
0864 pf 02  0.580 -0.807  0.994 3
0864 pf 03  0.889  0.089  0.893 5
0864 pf 04  1.376  0.332  1.415 5
0864 pf 05  1.273  0.109  1.277 5
0864 pf 06  1.074 -0.500  1.184 4
0864 pf 07  0.943 -1.077  1.431 3
0864 pf 08  0.551  0.895  1.051 6
0864 pf 09  2.007 -0.616  2.099 4
0864 pf 10  0.905  0.026  0.905 5
0888 em 00  0.915 -0.417  1.006 4
0888 cf 00  0.405 -0.281  0.493 4
0888 pf 01  1.247 -1.301  1.803 3
0888 pf 02  0.471 -0.870  0.989 3
0888 pf 03  0.418 -0.171  0.452 4
0888 pf 04  1.071  0.150  1.082 5
0888 pf 05  1.183 -0.024  1.183 4
0888 pf 06  1.153 -0.605  1.302 4
0888 pf 07  0.858 -1.357  1.606 3
0888 pf 08  0.326  0.713  0.784 6
0888 pf 09  2.031 -0.385  2.067 4
0888 pf 10  0.883 -0.347  0.949 4
0912 em 00  0.915 -0.441  1.015 4
0912 cf 00  0.436 -0.435  0.617 4
0912 pf 01  1.122 -1.426  1.814 3
0912 pf 02  0.535 -0.750  0.922 3
0912 pf 03  0.334 -0.109  0.351 4
0912 pf 04  1.366  0.066  1.367 5
0912 pf 05  1.030 -0.032  1.031 4
0912 pf 06  1.166 -0.772  1.398 4
0912 pf 07  0.769 -1.502  1.687 3
0912 pf 08  0.138  0.438  0.459 6
0912 pf 09  2.077 -0.070  2.078 4
0912 pf 10  1.059 -0.134  1.068 4
0936 em 00  0.872 -0.518  1.014 4
0936 cf 00  0.617 -0.782  0.996 3
0936 pf 01  1.180 -1.542  1.941 3
0936 pf 02  0.623 -0.783  1.001 3
0936 pf 03  0.161 -0.249  0.297 3
0936 pf 04  1.471  0.247  1.491 5
0936 pf 05  0.724  0.105  0.732 5
0936 pf 06  1.079 -0.952  1.439 4
0936 pf 07  1.014 -1.519  1.826 3
0936 pf 08 -0.146 -0.007  0.146 1
0936 pf 09  1.965  0.119  1.969 5
0936 pf 10  0.886 -0.199  0.908 4
0960 em 00  0.970 -0.502  1.093 4
0960 cf 00  0.615 -1.027  1.197 3
0960 pf 01  1.297 -1.401  1.909 3
0960 pf 02  0.836 -0.894  1.224 3
0960 pf 03  0.389 -0.439  0.586 3
0960 pf 04  1.404  0.414  1.464 5
0960 pf 05  1.062  0.427  1.144 5
0960 pf 06  0.990 -0.766  1.251 4
0960 pf 07  1.387 -1.812  2.282 3
0960 pf 08 -0.200 -0.173  0.265 1
0960 pf 09  1.972  0.521  2.040 5
0960 pf 10  0.887 -0.241  0.919 4
0984 em 00  0.962 -0.533  1.100 4
0984 cf 00  0.680 -1.273  1.443 3
0984 pf 01  1.031 -1.023  1.453 4
0984 pf 02  0.730 -0.950  1.198 3
0984 pf 03  0.467 -0.666  0.814 3
0984 pf 04  1.313  0.291  1.345 5
0984 pf 05  1.117  0.365  1.175 5
0984 pf 06  1.173 -0.872  1.462 4
0984 pf 07  1.459 -1.917  2.410 3
0984 pf 08 -0.418 -0.207  0.466 1
0984 pf 09  2.177  0.711  2.290 5
0984 pf 10  0.813 -0.180  0.832 4
1008 em 00  1.066 -0.429  1.149 4
1008 cf 00  0.614 -1.332  1.467 3
1008 pf 01  1.003 -0.986  1.406 4
1008 pf 02  0.973 -0.772  1.242 4
1008 pf 03  0.838 -0.652  1.062 4
1008 pf 04  1.273  0.511  1.371 5
1008 pf 05  1.020  0.449  1.115 5
1008 pf 06  1.164 -0.881  1.460 4
1008 pf 07  1.748 -1.612  2.378 4
1008 pf 08 -0.276 -0.212  0.348 1
1008 pf 09  2.157  1.049  2.398 5
1008 pf 10  1.133 -0.143  1.142 4
1032 em 00  1.116 -0.419  1.192 4
1032 cf 00  0.741 -1.212  1.420 3
1032 pf 01  0.941 -0.895  1.298 4
1032 pf 02  1.312 -0.715  1.494 4
1032 pf 03  0.552 -1.036  1.174 3
1032 pf 04  1.308  0.679  1.474 5
1032 pf 05  0.981  0.462  1.084 5
1032 pf 06  1.166 -1.056  1.573 4
1032 pf 07  1.931 -1.520  2.457 4
1032 pf 08  0.255 -0.129  0.286 4
1032 pf 09  1.756  1.249  2.155 5
1032 pf 10  1.234 -0.284  1.266 4
1056 em 00  1.175 -0.409  1.244 4
1056 cf 00  1.016 -1.126  1.517 3
1056 pf 01  0.835 -0.933  1.252 3
1056 pf 02  1.859 -0.302  1.883 4
1056 pf 03  0.574 -1.040  1.188 3
1056 pf 04  1.070  0.829  1.354 5
1056 pf 05  1.045  0.370  1.109 5
1056 pf 06  0.816 -1.177  1.432 3
1056 pf 07  2.354 -1.343  2.710 4
1056 pf 08  0.420 -0.368  0.559 4
1056 pf 09  1.367  1.163  1.794 5
1056 pf 10  1.425 -0.398  1.479 4
1080 em 00  1.216 -0.374  1.272 4
1080 cf 00  1.341 -1.134  1.756 4
1080 pf 01  0.890 -0.846  1.228 4
1080 pf 02  2.265 -0.209  2.275 4
1080 pf 03  0.583 -0.942  1.108 3
1080 pf 04  0.617  0.944  1.128 6
1080 pf 05  1.037  0.380  1.105 5
1080 pf 06  1.071 -1.191  1.602 3
1080 pf 07  2.116 -1.285  2.475 4
1080 pf 08  0.607 -0.435  0.746 4
1080 pf 09  1.314  1.195  1.776 5
1080 pf 10  1.339 -0.438  1.409 4
1104 em 00  1.259 -0.323  1.300 4
1104 cf 00  1.382 -0.995  1.702 4
1104 pf 01  1.036 -0.713  1.257 4
1104 pf 02  1.988  0.081  1.990 5
1104 pf 03  0.874 -1.112  1.414 3
1104 pf 04  0.041  0.688  0.690 6
1104 pf 05  1.211  0.269  1.240 5
1104 pf 06  1.263 -1.006  1.615 4
1104 pf 07  2.110 -0.791  2.253 4
1104 pf 08  0.859 -0.232  0.890 4
1104 pf 09  1.446  0.928  1.718 5
1104 pf 10  1.418 -0.522  1.511 4
