ecmf prod rf 2012033100 20160331 11 046
0024 em 00 -1.008  1.365  1.697 7
0024 cf 00 -1.022  1.329  1.676 7
0024 pf 01 -1.053  1.455  1.796 7
0024 pf 02 -1.001  1.384  1.708 7
0024 pf 03 -0.999  1.180  1.546 7
0024 pf 04 -0.976  1.376  1.687 7
0024 pf 05 -0.917  1.339  1.623 7
0024 pf 06 -0.993  1.315  1.648 7
0024 pf 07 -0.952  1.312  1.621 7
0024 pf 08 -1.019  1.421  1.748 7
0024 pf 09 -1.066  1.259  1.650 7
0024 pf 10 -0.961  1.322  1.635 7
0048 em 00 -1.328  1.460  1.974 7
0048 cf 00 -1.328  1.384  1.918 7
0048 pf 01 -1.527  1.518  2.154 8
0048 pf 02 -1.317  1.481  1.982 7
0048 pf 03 -1.289  1.384  1.892 7
0048 pf 04 -1.119  1.561  1.920 7
0048 pf 05 -1.340  1.391  1.931 7
0048 pf 06 -1.257  1.450  1.919 7
0048 pf 07 -1.162  1.520  1.914 7
0048 pf 08 -1.322  1.296  1.851 8
0048 pf 09 -1.519  1.284  1.989 8
0048 pf 10 -1.244  1.484  1.936 7
0072 em 00 -1.716  1.712  2.424 8
0072 cf 00 -1.676  1.665  2.362 8
0072 pf 01 -2.069  1.637  2.639 8
0072 pf 02 -1.589  1.697  2.325 7
0072 pf 03 -1.697  1.523  2.281 8
0072 pf 04 -1.558  2.011  2.544 7
0072 pf 05 -1.653  1.477  2.217 8
0072 pf 06 -1.561  1.716  2.320 7
0072 pf 07 -1.434  1.895  2.376 7
0072 pf 08 -1.833  1.636  2.457 8
0072 pf 09 -1.820  1.549  2.390 8
0072 pf 10 -1.725  1.716  2.433 8
0096 em 00 -2.037  1.823  2.734 8
0096 cf 00 -2.028  1.759  2.685 8
0096 pf 01 -2.275  1.685  2.831 8
0096 pf 02 -1.813  1.918  2.639 7
0096 pf 03 -1.888  1.722  2.555 8
0096 pf 04 -2.024  1.994  2.841 8
0096 pf 05 -2.039  1.494  2.527 8
0096 pf 06 -1.889  1.793  2.604 8
0096 pf 07 -1.948  2.059  2.834 7
0096 pf 08 -2.032  1.737  2.673 8
0096 pf 09 -2.107  1.674  2.692 8
0096 pf 10 -2.057  1.967  2.846 8
0120 em 00 -2.175  1.809  2.829 8
0120 cf 00 -2.205  1.695  2.781 8
0120 pf 01 -2.291  1.662  2.831 8
0120 pf 02 -2.034  1.998  2.851 8
0120 pf 03 -1.948  1.809  2.659 8
0120 pf 04 -2.173  1.996  2.951 8
0120 pf 05 -2.029  1.520  2.535 8
0120 pf 06 -2.076  1.709  2.689 8
0120 pf 07 -1.907  1.955  2.732 7
0120 pf 08 -2.283  1.751  2.877 8
0120 pf 09 -2.443  1.685  2.968 8
0120 pf 10 -2.183  1.881  2.881 8
0144 em 00 -2.310  1.693  2.864 8
0144 cf 00 -2.258  1.568  2.749 8
0144 pf 01 -2.375  1.601  2.864 8
0144 pf 02 -2.295  1.928  2.997 8
0144 pf 03 -1.940  1.621  2.528 8
0144 pf 04 -2.517  1.949  3.184 8
0144 pf 05 -2.250  1.408  2.654 8
0144 pf 06 -2.050  1.642  2.627 8
0144 pf 07 -2.138  1.991  2.921 8
0144 pf 08 -2.450  1.699  2.981 8
0144 pf 09 -2.495  1.556  2.940 8
0144 pf 10 -2.295  1.460  2.720 8
0168 em 00 -2.491  1.478  2.896 8
0168 cf 00 -2.454  1.274  2.765 8
0168 pf 01 -2.492  1.233  2.780 8
0168 pf 02 -2.442  1.687  2.968 8
0168 pf 03 -2.282  1.425  2.691 8
0168 pf 04 -2.704  1.824  3.261 8
0168 pf 05 -2.213  1.317  2.576 8
0168 pf 06 -2.221  1.389  2.619 8
0168 pf 07 -2.571  1.803  3.140 8
0168 pf 08 -2.541  1.418  2.910 8
0168 pf 09 -2.729  1.243  2.998 8
0168 pf 10 -2.418  1.467  2.828 8
0192 em 00 -2.428  1.085  2.660 8
0192 cf 00 -2.426  0.859  2.574 8
0192 pf 01 -2.322  0.982  2.521 8
0192 pf 02 -2.281  1.185  2.571 8
0192 pf 03 -2.168  1.166  2.461 8
0192 pf 04 -2.688  1.426  3.042 8
0192 pf 05 -2.268  0.799  2.405 8
0192 pf 06 -2.090  1.031  2.330 8
0192 pf 07 -2.729  1.360  3.050 8
0192 pf 08 -2.463  0.998  2.658 8
0192 pf 09 -2.356  0.827  2.497 8
0192 pf 10 -2.583  1.172  2.837 8
0216 em 00 -2.420  0.679  2.513 8
0216 cf 00 -2.490  0.515  2.542 8
0216 pf 01 -2.281  0.519  2.339 8
0216 pf 02 -2.257  0.811  2.398 8
0216 pf 03 -2.092  0.672  2.197 8
0216 pf 04 -2.594  1.095  2.815 8
0216 pf 05 -2.130  0.398  2.167 8
0216 pf 06 -2.250  0.701  2.356 8
0216 pf 07 -2.805  0.987  2.974 8
0216 pf 08 -2.552  0.373  2.579 8
0216 pf 09 -2.133  0.484  2.187 8
0216 pf 10 -2.717  0.857  2.848 8
0240 em 00 -2.279  0.461  2.325 8
0240 cf 00 -2.298  0.238  2.310 8
0240 pf 01 -2.317  0.215  2.327 8
0240 pf 02 -2.003  0.473  2.058 8
0240 pf 03 -1.819  0.595  1.914 8
0240 pf 04 -2.704  0.696  2.792 8
0240 pf 05 -1.982  0.366  2.016 8
0240 pf 06 -2.218  0.686  2.322 8
0240 pf 07 -2.806  0.836  2.928 8
0240 pf 08 -2.120  0.095  2.123 8
0240 pf 09 -2.005  0.422  2.049 8
0240 pf 10 -2.535  0.406  2.567 8
0264 em 00 -2.155  0.138  2.160 8
0264 cf 00 -2.239 -0.158  2.244 1
0264 pf 01 -2.189 -0.155  2.195 1
0264 pf 02 -2.065  0.474  2.118 8
0264 pf 03 -1.661  0.307  1.690 8
0264 pf 04 -2.599  0.409  2.631 8
0264 pf 05 -1.816  0.172  1.824 8
0264 pf 06 -2.377  0.631  2.460 8
0264 pf 07 -2.495  0.315  2.514 8
0264 pf 08 -1.795 -0.408  1.841 1
0264 pf 09 -2.014  0.065  2.015 8
0264 pf 10 -2.256 -0.156  2.261 1
0288 em 00 -1.958 -0.142  1.963 1
0288 cf 00 -2.175 -0.539  2.241 1
0288 pf 01 -2.103 -0.378  2.137 1
0288 pf 02 -2.275  0.177  2.282 8
0288 pf 03 -1.270  0.064  1.272 8
0288 pf 04 -2.493 -0.248  2.505 1
0288 pf 05 -1.334 -0.008  1.334 1
0288 pf 06 -2.321  0.508  2.375 8
0288 pf 07 -1.958  0.033  1.958 8
0288 pf 08 -1.494 -0.722  1.659 1
0288 pf 09 -2.005 -0.201  2.015 1
0288 pf 10 -1.940 -0.265  1.958 1
0312 em 00 -1.860 -0.310  1.886 1
0312 cf 00 -1.904 -0.671  2.019 1
0312 pf 01 -2.018 -0.600  2.105 1
0312 pf 02 -2.384  0.031  2.384 8
0312 pf 03 -1.659 -0.022  1.659 1
0312 pf 04 -2.127 -0.629  2.218 1
0312 pf 05 -1.178 -0.046  1.179 1
0312 pf 06 -2.118  0.243  2.132 8
0312 pf 07 -1.877 -0.258  1.895 1
0312 pf 08 -1.388 -0.859  1.632 1
0312 pf 09 -1.797 -0.319  1.825 1
0312 pf 10 -1.834 -0.275  1.855 1
0336 em 00 -1.731 -0.357  1.767 1
0336 cf 00 -1.691 -0.560  1.782 1
0336 pf 01 -1.780 -0.686  1.908 1
0336 pf 02 -2.214 -0.142  2.218 1
0336 pf 03 -1.725 -0.180  1.734 1
0336 pf 04 -1.925 -0.770  2.073 1
0336 pf 05 -1.203  0.138  1.211 8
0336 pf 06 -1.960  0.124  1.964 8
0336 pf 07 -2.126 -0.095  2.128 1
0336 pf 08 -1.099 -0.846  1.387 1
0336 pf 09 -1.425 -0.525  1.518 1
0336 pf 10 -1.706 -0.394  1.751 1
0360 em 00 -1.557 -0.255  1.578 1
0360 cf 00 -1.446 -0.593  1.562 1
0360 pf 01 -1.745 -0.832  1.933 1
0360 pf 02 -2.132  0.094  2.134 8
0360 pf 03 -1.702 -0.001  1.702 1
0360 pf 04 -1.569 -0.723  1.728 1
0360 pf 05 -0.748  0.316  0.812 8
0360 pf 06 -2.048  0.044  2.049 8
0360 pf 07 -2.111  0.251  2.126 8
0360 pf 08 -0.851 -0.453  0.964 1
0360 pf 09 -1.038 -0.560  1.180 1
0360 pf 10 -1.570 -0.381  1.616 1
0384 em 00 -1.377 -0.231  1.396 1
0384 cf 00 -1.278 -0.495  1.371 1
0384 pf 01 -1.801 -0.519  1.874 1
0384 pf 02 -1.765 -0.266  1.785 1
0384 pf 03 -1.929 -0.441  1.978 1
0384 pf 04 -1.191 -0.762  1.414 1
0384 pf 05 -0.115  0.441  0.456 7
0384 pf 06 -1.967  0.288  1.988 8
0384 pf 07 -1.812  0.315  1.839 8
0384 pf 08 -0.724 -0.205  0.752 1
0384 pf 09 -0.998 -0.688  1.212 1
0384 pf 10 -1.403 -0.259  1.427 1
0408 em 00 -1.102 -0.304  1.143 1
0408 cf 00 -0.767 -0.733  1.061 1
0408 pf 01 -1.614 -0.236  1.631 1
0408 pf 02 -1.255 -0.322  1.295 1
0408 pf 03 -1.862 -0.785  2.021 1
0408 pf 04 -1.112 -0.842  1.395 1
0408 pf 05  0.134  0.256  0.289 6
0408 pf 06 -1.731  0.180  1.741 8
0408 pf 07 -1.535  0.110  1.539 8
0408 pf 08 -0.366 -0.046  0.369 1
0408 pf 09 -0.962 -0.727  1.206 1
0408 pf 10 -0.889 -0.256  0.926 1
0432 em 00 -0.780 -0.327  0.846 1
0432 cf 00 -0.336 -0.765  0.836 2
0432 pf 01 -1.341 -0.085  1.343 1
0432 pf 02 -0.903 -0.382  0.980 1
0432 pf 03 -1.530 -1.068  1.866 1
0432 pf 04 -0.729 -1.003  1.240 2
0432 pf 05  0.057  0.138  0.149 6
0432 pf 06 -1.293  0.265  1.320 8
0432 pf 07 -1.167  0.187  1.182 8
0432 pf 08  0.015  0.298  0.298 6
0432 pf 09 -0.808 -0.936  1.236 2
0432 pf 10 -0.424 -0.305  0.522 1
0456 em 00 -0.588 -0.337  0.677 1
0456 cf 00 -0.176 -0.660  0.683 2
0456 pf 01 -0.869 -0.265  0.908 1
0456 pf 02 -0.830 -0.286  0.878 1
0456 pf 03 -1.077 -1.328  1.710 2
0456 pf 04 -0.382 -0.955  1.028 2
0456 pf 05 -0.157  0.027  0.159 8
0456 pf 06 -1.045  0.033  1.045 8
0456 pf 07 -1.064  0.352  1.120 8
0456 pf 08  0.167  0.195  0.257 6
0456 pf 09 -0.631 -0.710  0.950 2
0456 pf 10 -0.299 -0.160  0.339 1
0480 em 00 -0.467 -0.393  0.611 1
0480 cf 00  0.056 -0.574  0.577 3
0480 pf 01 -0.311 -0.393  0.501 2
0480 pf 02 -0.764 -0.204  0.790 1
0480 pf 03 -0.824 -1.688  1.878 2
0480 pf 04 -0.065 -0.887  0.889 2
0480 pf 05 -0.160 -0.058  0.170 1
0480 pf 06 -0.778 -0.245  0.815 1
0480 pf 07 -1.214  0.239  1.237 8
0480 pf 08 -0.069  0.233  0.243 7
0480 pf 09 -0.711 -0.681  0.984 1
0480 pf 10 -0.177 -0.103  0.205 1
0504 em 00 -0.315 -0.453  0.552 2
0504 cf 00  0.372 -0.507  0.629 3
0504 pf 01  0.019 -0.673  0.673 3
0504 pf 02 -0.590 -0.260  0.644 1
0504 pf 03 -0.475 -1.667  1.734 2
0504 pf 04 -0.013 -0.930  0.930 2
0504 pf 05 -0.104 -0.132  0.168 2
0504 pf 06 -0.542 -0.420  0.686 1
0504 pf 07 -1.090  0.024  1.090 8
0504 pf 08 -0.195  0.195  0.276 8
0504 pf 09 -0.597 -0.737  0.948 2
0504 pf 10 -0.118  0.106  0.159 8
0528 em 00 -0.186 -0.544  0.575 2
0528 cf 00  0.711 -0.452  0.843 4
0528 pf 01  0.387 -0.629  0.739 3
0528 pf 02 -0.498 -0.604  0.783 2
0528 pf 03 -0.121 -1.596  1.601 2
0528 pf 04  0.153 -1.157  1.167 3
0528 pf 05 -0.233  0.093  0.251 8
0528 pf 06 -0.178 -0.379  0.419 2
0528 pf 07 -1.132 -0.302  1.171 1
0528 pf 08 -0.137 -0.043  0.144 1
0528 pf 09 -0.786 -0.684  1.042 1
0528 pf 10 -0.087 -0.225  0.242 2
0552 em 00 -0.116 -0.580  0.592 2
0552 cf 00  0.799 -0.475  0.930 4
0552 pf 01  0.581 -0.638  0.863 3
0552 pf 02 -0.523 -0.479  0.709 1
0552 pf 03  0.232 -1.423  1.442 3
0552 pf 04  0.494 -1.201  1.298 3
0552 pf 05 -0.478  0.004  0.478 8
0552 pf 06 -0.222 -0.465  0.515 2
0552 pf 07 -1.124 -0.558  1.255 1
0552 pf 08 -0.367 -0.166  0.403 1
0552 pf 09 -0.639 -0.806  1.028 2
0552 pf 10  0.109 -0.155  0.190 3
0576 em 00 -0.076 -0.676  0.680 2
0576 cf 00  0.786 -0.546  0.956 4
0576 pf 01  0.791 -0.659  1.030 4
0576 pf 02 -0.558 -0.551  0.784 1
0576 pf 03  0.365 -1.321  1.371 3
0576 pf 04  0.763 -1.273  1.484 3
0576 pf 05 -0.558  0.028  0.559 8
0576 pf 06 -0.364 -0.610  0.711 2
0576 pf 07 -0.947 -0.851  1.273 1
0576 pf 08 -0.414 -0.661  0.780 2
0576 pf 09 -0.369 -0.877  0.952 2
0576 pf 10 -0.165 -0.111  0.199 1
0600 em 00 -0.040 -0.647  0.648 2
0600 cf 00  0.662 -0.494  0.827 4
0600 pf 01  0.707 -0.418  0.822 4
0600 pf 02 -0.593 -0.451  0.745 1
0600 pf 03  0.764 -0.946  1.216 3
0600 pf 04  0.939 -1.449  1.726 3
0600 pf 05 -0.530  0.008  0.530 8
0600 pf 06 -0.350 -0.432  0.556 2
0600 pf 07 -1.062 -0.953  1.427 1
0600 pf 08 -0.461 -0.802  0.925 2
0600 pf 09 -0.050 -1.145  1.146 2
0600 pf 10 -0.295 -0.023  0.296 1
0624 em 00  0.102 -0.645  0.653 3
0624 cf 00  0.688 -0.306  0.753 4
0624 pf 01  0.704  0.102  0.711 5
0624 pf 02 -0.482 -0.634  0.797 2
0624 pf 03  1.022 -0.858  1.334 4
0624 pf 04  0.861 -1.521  1.748 3
0624 pf 05 -0.286  0.074  0.296 8
0624 pf 06  0.070 -0.598  0.602 3
0624 pf 07 -0.802 -1.127  1.383 2
0624 pf 08 -0.128 -0.927  0.936 2
0624 pf 09  0.078 -1.251  1.254 3
0624 pf 10 -0.462 -0.007  0.462 1
0648 em 00  0.344 -0.543  0.643 3
0648 cf 00  0.775  0.075  0.779 5
0648 pf 01  0.932  0.293  0.977 5
0648 pf 02 -0.522 -0.962  1.094 2
0648 pf 03  1.136 -0.642  1.305 4
0648 pf 04  1.296 -1.208  1.771 4
0648 pf 05 -0.029 -0.131  0.134 2
0648 pf 06  0.261 -0.663  0.712 3
0648 pf 07 -0.505 -1.074  1.186 2
0648 pf 08  0.082 -0.675  0.680 3
0648 pf 09  0.525 -0.981  1.113 3
0648 pf 10 -0.075  0.051  0.090 8
0672 em 00  0.496 -0.522  0.720 3
0672 cf 00  0.868  0.303  0.919 5
0672 pf 01  0.843  0.360  0.917 5
0672 pf 02 -0.091 -1.328  1.331 2
0672 pf 03  0.923 -0.551  1.075 4
0672 pf 04  1.569 -1.037  1.881 4
0672 pf 05  0.183 -0.148  0.235 4
0672 pf 06  0.305 -0.570  0.647 3
0672 pf 07 -0.064 -1.145  1.147 2
0672 pf 08  0.273 -0.584  0.645 3
0672 pf 09  0.653 -1.018  1.209 3
0672 pf 10  0.054  0.055  0.077 6
0696 em 00  0.503 -0.386  0.634 4
0696 cf 00  1.010  0.370  1.076 5
0696 pf 01  0.277  0.132  0.307 5
0696 pf 02  0.207 -1.385  1.400 3
0696 pf 03  1.021 -0.226  1.046 4
0696 pf 04  1.513 -0.821  1.722 4
0696 pf 05  0.131 -0.198  0.237 3
0696 pf 06  0.279 -0.065  0.286 4
0696 pf 07  0.009 -0.953  0.953 3
0696 pf 08  0.474 -0.126  0.490 4
0696 pf 09  0.520 -1.065  1.185 3
0696 pf 10  0.138  0.166  0.216 6
0720 em 00  0.517 -0.180  0.547 4
0720 cf 00  0.925  0.425  1.017 5
0720 pf 01  0.166  0.402  0.435 6
0720 pf 02  0.596 -1.164  1.308 3
0720 pf 03  1.167 -0.102  1.171 4
0720 pf 04  1.367 -0.402  1.425 4
0720 pf 05 -0.043 -0.120  0.127 2
0720 pf 06  0.175  0.426  0.460 6
0720 pf 07  0.089 -0.888  0.892 3
0720 pf 08  0.894  0.330  0.953 5
0720 pf 09  0.312 -1.087  1.131 3
0720 pf 10  0.041  0.264  0.268 6
0744 em 00  0.533 -0.011  0.533 4
0744 cf 00  0.699  0.826  1.082 6
0744 pf 01 -0.078  0.437  0.444 7
0744 pf 02  0.872 -1.171  1.460 3
0744 pf 03  1.250  0.015  1.250 5
0744 pf 04  1.492 -0.039  1.493 4
0744 pf 05  0.205  0.128  0.242 5
0744 pf 06 -0.002  0.334  0.334 7
0744 pf 07  0.233 -0.709  0.746 3
0744 pf 08  0.787  0.642  1.015 5
0744 pf 09  0.381 -0.918  0.994 3
0744 pf 10  0.002  0.388  0.388 6
0768 em 00  0.579  0.105  0.588 5
0768 cf 00  0.693  1.083  1.286 6
0768 pf 01 -0.076  0.288  0.298 7
0768 pf 02  1.002 -1.170  1.541 3
0768 pf 03  1.256 -0.006  1.256 4
0768 pf 04  1.456  0.382  1.505 5
0768 pf 05  0.411  0.101  0.424 5
0768 pf 06 -0.023  0.326  0.326 7
0768 pf 07  0.476 -0.506  0.695 3
0768 pf 08  0.571  1.055  1.200 6
0768 pf 09  0.561 -0.800  0.977 3
0768 pf 10 -0.019  0.460  0.460 7
0792 em 00  0.532  0.175  0.560 5
0792 cf 00  1.027  1.031  1.455 6
0792 pf 01 -0.308  0.226  0.382 8
0792 pf 02  1.359 -0.836  1.596 4
0792 pf 03  1.120  0.289  1.157 5
0792 pf 04  0.990  0.279  1.029 5
0792 pf 05  0.001 -0.006  0.006 3
0792 pf 06 -0.113  0.046  0.122 8
0792 pf 07  0.711 -0.457  0.845 4
0792 pf 08  0.395  1.380  1.435 6
0792 pf 09  0.639 -0.643  0.906 3
0792 pf 10 -0.049  0.639  0.640 7
0816 em 00  0.490  0.217  0.536 5
0816 cf 00  1.074  0.909  1.407 5
0816 pf 01 -0.053  0.093  0.107 7
0816 pf 02  1.613 -0.320  1.644 4
0816 pf 03  0.991  0.454  1.090 5
0816 pf 04  0.724  0.016  0.725 5
0816 pf 05 -0.114 -0.210  0.239 2
0816 pf 06 -0.348  0.200  0.401 8
0816 pf 07  0.648 -0.404  0.764 4
0816 pf 08  0.384  1.269  1.326 6
0816 pf 09  0.803 -0.318  0.864 4
0816 pf 10 -0.407  0.693  0.804 7
0840 em 00  0.474  0.398  0.619 5
0840 cf 00  0.924  1.021  1.377 6
0840 pf 01  0.335  0.518  0.617 6
0840 pf 02  1.451 -0.038  1.451 4
0840 pf 03  1.030  0.896  1.365 5
0840 pf 04  0.386 -0.119  0.404 4
0840 pf 05 -0.284 -0.036  0.286 1
0840 pf 06 -0.523  0.242  0.576 8
0840 pf 07  0.778 -0.300  0.834 4
0840 pf 08  0.346  1.294  1.339 6
0840 pf 09  1.004 -0.113  1.010 4
0840 pf 10 -0.309  0.993  1.040 7
0864 em 00  0.461  0.563  0.727 6
0864 cf 00  0.871  1.177  1.464 6
0864 pf 01  0.309  0.739  0.801 6
0864 pf 02  1.141  0.284  1.176 5
0864 pf 03  1.154  1.425  1.834 6
0864 pf 04  0.469 -0.008  0.469 4
0864 pf 05 -0.249  0.075  0.260 8
0864 pf 06 -0.482  0.427  0.644 8
0864 pf 07  0.505 -0.157  0.528 4
0864 pf 08  0.291  1.195  1.230 6
0864 pf 09  1.170  0.062  1.171 5
0864 pf 10 -0.190  0.901  0.921 7
0888 em 00  0.413  0.635  0.758 6
0888 cf 00  0.790  1.295  1.517 6
0888 pf 01  0.137  0.649  0.663 6
0888 pf 02  0.912  0.415  1.001 5
0888 pf 03  0.957  1.692  1.944 6
0888 pf 04  0.499 -0.025  0.500 4
0888 pf 05 -0.053  0.351  0.355 7
0888 pf 06 -0.463  0.319  0.563 8
0888 pf 07  0.612 -0.183  0.638 4
0888 pf 08  0.113  1.297  1.301 6
0888 pf 09  1.048  0.175  1.063 5
0888 pf 10 -0.045  0.911  0.912 7
0912 em 00  0.236  0.696  0.735 6
0912 cf 00  0.608  1.409  1.535 6
0912 pf 01 -0.143  0.670  0.685 7
0912 pf 02  0.576  0.658  0.874 6
0912 pf 03  0.364  1.679  1.718 6
0912 pf 04  0.744  0.055  0.746 5
0912 pf 05  0.020  0.458  0.458 6
0912 pf 06 -0.533  0.410  0.672 8
0912 pf 07  0.598 -0.160  0.618 4
0912 pf 08 -0.158  1.091  1.102 7
0912 pf 09  0.765  0.445  0.885 5
0912 pf 10 -0.264  0.878  0.917 7
0936 em 00 -0.006  0.728  0.728 7
0936 cf 00  0.262  1.432  1.456 6
0936 pf 01 -0.351  0.579  0.677 7
0936 pf 02  0.253  0.538  0.595 6
0936 pf 03 -0.330  1.541  1.576 7
0936 pf 04  0.773  0.115  0.781 5
0936 pf 05 -0.022  0.435  0.435 7
0936 pf 06 -0.546  0.566  0.786 7
0936 pf 07  0.106  0.050  0.118 5
0936 pf 08 -0.269  0.986  1.022 7
0936 pf 09  0.510  0.776  0.928 6
0936 pf 10 -0.480  0.905  1.024 7
0960 em 00 -0.093  0.717  0.723 7
0960 cf 00 -0.007  1.455  1.455 7
0960 pf 01 -0.421  0.388  0.573 8
0960 pf 02  0.253  0.312  0.401 6
0960 pf 03 -0.382  1.376  1.428 7
0960 pf 04  0.845  0.283  0.891 5
0960 pf 05 -0.041  0.315  0.317 7
0960 pf 06 -0.519  0.776  0.933 7
0960 pf 07  0.003  0.311  0.311 6
0960 pf 08 -0.222  0.902  0.929 7
0960 pf 09  0.184  0.896  0.915 6
0960 pf 10 -0.727  0.766  1.056 7
0984 em 00 -0.241  0.719  0.758 7
0984 cf 00 -0.283  1.519  1.545 7
0984 pf 01 -0.782  0.263  0.825 8
0984 pf 02  0.073  0.022  0.076 5
0984 pf 03 -0.345  1.244  1.291 7
0984 pf 04  0.695  0.497  0.854 5
0984 pf 05  0.052  0.314  0.318 6
0984 pf 06 -0.805  0.713  1.076 8
0984 pf 07  0.000  0.656  0.656 7
0984 pf 08 -0.500  0.797  0.941 7
0984 pf 09  0.105  0.941  0.947 6
0984 pf 10 -0.853  0.814  1.179 8
1008 em 00 -0.290  0.629  0.692 7
1008 cf 00 -0.490  1.543  1.619 7
1008 pf 01 -0.640  0.198  0.670 8
1008 pf 02 -0.070 -0.201  0.213 2
1008 pf 03 -0.312  1.239  1.278 7
1008 pf 04  0.501  0.634  0.808 6
1008 pf 05  0.143  0.212  0.255 6
1008 pf 06 -0.817  0.617  1.024 8
1008 pf 07 -0.020  0.496  0.496 7
1008 pf 08 -0.713  0.487  0.864 8
1008 pf 09  0.009  0.824  0.824 6
1008 pf 10 -0.730  0.775  1.064 7
1032 em 00 -0.348  0.497  0.607 7
1032 cf 00 -0.947  1.364  1.661 7
1032 pf 01 -0.596  0.039  0.597 8
1032 pf 02 -0.136 -0.249  0.283 2
1032 pf 03 -0.279  1.066  1.102 7
1032 pf 04  0.425  0.769  0.878 6
1032 pf 05  0.049  0.186  0.192 6
1032 pf 06 -0.846  0.539  1.003 8
1032 pf 07 -0.171  0.145  0.224 8
1032 pf 08 -0.873  0.245  0.907 8
1032 pf 09  0.097  0.815  0.821 6
1032 pf 10 -0.496  0.484  0.693 8
1056 em 00 -0.476  0.392  0.617 8
1056 cf 00 -1.337  1.023  1.683 8
1056 pf 01 -0.523 -0.327  0.617 1
1056 pf 02 -0.245 -0.356  0.432 2
1056 pf 03 -0.506  1.093  1.204 7
1056 pf 04  0.293  0.903  0.949 6
1056 pf 05  0.009  0.104  0.104 6
1056 pf 06 -0.770  0.272  0.817 8
1056 pf 07 -0.413  0.067  0.418 8
1056 pf 08 -0.795  0.072  0.798 8
1056 pf 09 -0.262  1.061  1.092 7
1056 pf 10 -0.624  0.352  0.716 8
1080 em 00 -0.533  0.404  0.669 8
1080 cf 00 -1.434  0.964  1.728 8
1080 pf 01 -0.649 -0.451  0.790 1
1080 pf 02 -0.029 -0.305  0.307 2
1080 pf 03 -0.442  1.136  1.219 7
1080 pf 04  0.021  1.163  1.163 6
1080 pf 05  0.133  0.596  0.611 6
1080 pf 06 -0.631  0.134  0.645 8
1080 pf 07 -0.518 -0.073  0.523 1
1080 pf 08 -0.703 -0.159  0.720 1
1080 pf 09 -0.572  1.149  1.283 7
1080 pf 10 -0.973  0.233  1.000 8
1104 em 00 -0.528  0.463  0.702 8
1104 cf 00 -1.478  0.873  1.717 8
1104 pf 01 -0.378 -0.522  0.645 2
1104 pf 02  0.127 -0.140  0.189 3
1104 pf 03 -0.192  1.318  1.332 7
1104 pf 04 -0.180  1.407  1.419 7
1104 pf 05  0.032  0.817  0.817 6
1104 pf 06 -0.914 -0.145  0.925 1
1104 pf 07 -0.320  0.178  0.366 8
1104 pf 08 -0.513 -0.209  0.554 1
1104 pf 09 -0.798  1.257  1.489 7
1104 pf 10 -1.097  0.230  1.121 8
