ecmf prod rf 1997110500 20151105 11 046
0024 em 00 -1.788 -0.240  1.804 1
0024 cf 00 -1.792 -0.299  1.816 1
0024 pf 01 -1.818 -0.198  1.829 1
0024 pf 02 -1.685 -0.185  1.696 1
0024 pf 03 -1.751 -0.294  1.775 1
0024 pf 04 -1.665 -0.171  1.674 1
0024 pf 05 -1.736 -0.284  1.759 1
0024 pf 06 -1.822 -0.278  1.843 1
0024 pf 07 -1.709 -0.095  1.711 1
0024 pf 08 -1.744 -0.423  1.794 1
0024 pf 09 -1.822 -0.369  1.859 1
0024 pf 10 -1.824 -0.240  1.840 1
0048 em 00 -1.955 -0.161  1.962 1
0048 cf 00 -1.910 -0.218  1.923 1
0048 pf 01 -1.967 -0.077  1.968 1
0048 pf 02 -1.921 -0.209  1.932 1
0048 pf 03 -1.877 -0.158  1.884 1
0048 pf 04 -2.016  0.024  2.016 8
0048 pf 05 -1.801 -0.203  1.812 1
0048 pf 06 -2.017 -0.196  2.027 1
0048 pf 07 -1.915 -0.116  1.919 1
0048 pf 08 -1.933 -0.280  1.953 1
0048 pf 09 -1.936 -0.286  1.957 1
0048 pf 10 -1.896 -0.206  1.908 1
0072 em 00 -2.005 -0.171  2.012 1
0072 cf 00 -1.951 -0.124  1.955 1
0072 pf 01 -2.119 -0.105  2.122 1
0072 pf 02 -2.026 -0.356  2.057 1
0072 pf 03 -2.019 -0.178  2.027 1
0072 pf 04 -1.963  0.020  1.963 8
0072 pf 05 -1.945 -0.193  1.954 1
0072 pf 06 -2.019 -0.225  2.031 1
0072 pf 07 -1.925 -0.121  1.928 1
0072 pf 08 -1.937 -0.350  1.968 1
0072 pf 09 -1.991 -0.141  1.996 1
0072 pf 10 -1.829 -0.218  1.842 1
0096 em 00 -2.049 -0.481  2.104 1
0096 cf 00 -1.995 -0.435  2.042 1
0096 pf 01 -2.159 -0.443  2.204 1
0096 pf 02 -1.829 -0.589  1.922 1
0096 pf 03 -2.226 -0.443  2.269 1
0096 pf 04 -2.229 -0.311  2.250 1
0096 pf 05 -1.818 -0.708  1.951 1
0096 pf 06 -2.049 -0.547  2.121 1
0096 pf 07 -1.948 -0.432  1.995 1
0096 pf 08 -1.956 -0.563  2.035 1
0096 pf 09 -2.156 -0.437  2.199 1
0096 pf 10 -1.805 -0.469  1.865 1
0120 em 00 -1.938 -0.860  2.121 1
0120 cf 00 -1.986 -0.779  2.134 1
0120 pf 01 -1.949 -0.956  2.170 1
0120 pf 02 -1.772 -1.015  2.042 1
0120 pf 03 -2.109 -0.788  2.251 1
0120 pf 04 -2.080 -0.720  2.201 1
0120 pf 05 -1.635 -1.116  1.979 1
0120 pf 06 -1.975 -1.036  2.230 1
0120 pf 07 -1.805 -0.748  1.954 1
0120 pf 08 -1.949 -0.946  2.167 1
0120 pf 09 -2.073 -0.596  2.157 1
0120 pf 10 -1.637 -0.816  1.829 1
0144 em 00 -1.948 -1.162  2.269 1
0144 cf 00 -2.024 -1.125  2.315 1
0144 pf 01 -1.847 -1.231  2.220 1
0144 pf 02 -1.804 -1.298  2.222 1
0144 pf 03 -2.181 -1.098  2.442 1
0144 pf 04 -2.127 -1.069  2.381 1
0144 pf 05 -1.543 -1.380  2.070 1
0144 pf 06 -2.185 -1.325  2.555 1
0144 pf 07 -1.617 -1.001  1.902 1
0144 pf 08 -1.932 -1.374  2.371 1
0144 pf 09 -2.060 -0.766  2.198 1
0144 pf 10 -1.778 -1.147  2.116 1
0168 em 00 -1.668 -1.336  2.137 1
0168 cf 00 -1.677 -1.353  2.155 1
0168 pf 01 -1.540 -1.420  2.095 1
0168 pf 02 -1.595 -1.363  2.098 1
0168 pf 03 -2.024 -1.453  2.491 1
0168 pf 04 -1.934 -1.350  2.359 1
0168 pf 05 -1.195 -1.392  1.834 2
0168 pf 06 -1.859 -1.420  2.339 1
0168 pf 07 -1.475 -1.155  1.873 1
0168 pf 08 -1.504 -1.618  2.209 2
0168 pf 09 -1.734 -0.815  1.916 1
0168 pf 10 -1.503 -1.371  2.035 1
0192 em 00 -1.332 -1.552  2.046 2
0192 cf 00 -1.355 -1.422  1.964 2
0192 pf 01 -1.331 -1.651  2.120 2
0192 pf 02 -1.219 -1.480  1.918 2
0192 pf 03 -1.525 -1.714  2.294 2
0192 pf 04 -1.448 -1.769  2.286 2
0192 pf 05 -0.688 -1.588  1.730 2
0192 pf 06 -1.612 -1.622  2.287 2
0192 pf 07 -1.064 -1.446  1.795 2
0192 pf 08 -1.406 -1.768  2.259 2
0192 pf 09 -1.548 -1.247  1.988 1
0192 pf 10 -1.178 -1.359  1.798 2
0216 em 00 -1.052 -1.801  2.086 2
0216 cf 00 -1.037 -1.659  1.957 2
0216 pf 01 -1.092 -1.994  2.274 2
0216 pf 02 -0.994 -1.745  2.009 2
0216 pf 03 -1.297 -1.794  2.214 2
0216 pf 04 -1.127 -2.088  2.372 2
0216 pf 05 -0.655 -1.731  1.851 2
0216 pf 06 -1.235 -1.918  2.281 2
0216 pf 07 -0.721 -1.584  1.740 2
0216 pf 08 -1.040 -2.047  2.296 2
0216 pf 09 -1.290 -1.525  1.998 2
0216 pf 10 -0.819 -1.656  1.847 2
0240 em 00 -0.926 -1.928  2.139 2
0240 cf 00 -0.961 -1.788  2.030 2
0240 pf 01 -0.901 -2.244  2.418 2
0240 pf 02 -0.887 -1.598  1.827 2
0240 pf 03 -1.241 -2.069  2.413 2
0240 pf 04 -0.785 -2.312  2.441 2
0240 pf 05 -0.494 -1.894  1.957 2
0240 pf 06 -1.184 -2.103  2.414 2
0240 pf 07 -0.556 -1.659  1.749 2
0240 pf 08 -0.793 -1.943  2.099 2
0240 pf 09 -1.205 -1.643  2.038 2
0240 pf 10 -0.913 -1.871  2.081 2
0264 em 00 -0.730 -1.906  2.041 2
0264 cf 00 -0.866 -1.741  1.944 2
0264 pf 01 -0.640 -2.150  2.243 2
0264 pf 02 -0.997 -1.419  1.735 2
0264 pf 03 -1.023 -1.997  2.243 2
0264 pf 04 -0.585 -2.222  2.297 2
0264 pf 05 -0.352 -1.937  1.968 2
0264 pf 06 -1.140 -2.014  2.315 2
0264 pf 07 -0.428 -1.644  1.699 2
0264 pf 08 -0.329 -2.014  2.041 2
0264 pf 09 -0.774 -1.788  1.948 2
0264 pf 10 -0.653 -1.931  2.039 2
0288 em 00 -0.468 -1.962  2.018 2
0288 cf 00 -0.573 -1.865  1.951 2
0288 pf 01 -0.403 -2.182  2.219 2
0288 pf 02 -0.753 -1.438  1.623 2
0288 pf 03 -0.621 -2.097  2.187 2
0288 pf 04 -0.348 -2.229  2.256 2
0288 pf 05 -0.137 -2.051  2.055 2
0288 pf 06 -0.862 -2.137  2.305 2
0288 pf 07 -0.330 -1.888  1.917 2
0288 pf 08 -0.050 -1.826  1.827 2
0288 pf 09 -0.401 -1.991  2.031 2
0288 pf 10 -0.484 -1.736  1.802 2
0312 em 00 -0.258 -1.968  1.985 2
0312 cf 00 -0.481 -1.978  2.036 2
0312 pf 01 -0.183 -1.989  1.997 2
0312 pf 02 -0.538 -1.418  1.516 2
0312 pf 03 -0.419 -2.137  2.178 2
0312 pf 04 -0.112 -1.939  1.942 2
0312 pf 05  0.152 -2.471  2.475 3
0312 pf 06 -0.644 -2.468  2.551 2
0312 pf 07 -0.276 -1.716  1.738 2
0312 pf 08  0.231 -1.601  1.617 3
0312 pf 09 -0.211 -2.011  2.022 2
0312 pf 10 -0.193 -1.779  1.789 2
0336 em 00 -0.155 -1.921  1.928 2
0336 cf 00 -0.391 -1.953  1.992 2
0336 pf 01  0.046 -1.827  1.828 3
0336 pf 02 -0.382 -1.386  1.438 2
0336 pf 03 -0.238 -2.209  2.222 2
0336 pf 04  0.157 -1.890  1.896 3
0336 pf 05  0.316 -2.381  2.402 3
0336 pf 06 -0.466 -2.707  2.746 2
0336 pf 07 -0.354 -1.603  1.642 2
0336 pf 08  0.236 -1.577  1.594 3
0336 pf 09 -0.332 -1.927  1.955 2
0336 pf 10 -0.131 -1.542  1.548 2
0360 em 00 -0.072 -1.882  1.883 2
0360 cf 00 -0.009 -1.916  1.916 2
0360 pf 01  0.085 -1.911  1.913 3
0360 pf 02 -0.522 -1.357  1.454 2
0360 pf 03  0.147 -2.302  2.307 3
0360 pf 04  0.135 -1.756  1.761 3
0360 pf 05  0.673 -2.242  2.341 3
0360 pf 06 -0.196 -2.801  2.808 2
0360 pf 07 -0.293 -1.536  1.564 2
0360 pf 08  0.057 -1.737  1.738 3
0360 pf 09 -0.472 -1.747  1.810 2
0360 pf 10 -0.229 -1.261  1.281 2
0384 em 00  0.015 -1.805  1.805 3
0384 cf 00  0.183 -1.892  1.900 3
0384 pf 01  0.063 -1.923  1.924 3
0384 pf 02 -0.678 -1.451  1.602 2
0384 pf 03  0.351 -2.128  2.157 3
0384 pf 04  0.269 -1.571  1.594 3
0384 pf 05  0.717 -1.893  2.024 3
0384 pf 06  0.115 -2.634  2.637 3
0384 pf 07 -0.139 -1.403  1.410 2
0384 pf 08  0.084 -1.945  1.946 3
0384 pf 09 -0.452 -1.679  1.739 2
0384 pf 10 -0.185 -1.162  1.176 2
0408 em 00  0.084 -1.734  1.736 3
0408 cf 00  0.163 -1.881  1.888 3
0408 pf 01  0.271 -1.740  1.761 3
0408 pf 02 -0.729 -1.399  1.578 2
0408 pf 03  0.566 -1.820  1.906 3
0408 pf 04  0.367 -1.653  1.693 3
0408 pf 05  0.592 -1.799  1.894 3
0408 pf 06  0.435 -2.386  2.425 3
0408 pf 07 -0.136 -1.506  1.513 2
0408 pf 08  0.070 -2.005  2.006 3
0408 pf 09 -0.313 -1.641  1.671 2
0408 pf 10 -0.203 -1.045  1.065 2
0432 em 00  0.157 -1.793  1.800 3
0432 cf 00  0.292 -1.950  1.972 3
0432 pf 01  0.356 -1.482  1.524 3
0432 pf 02 -0.593 -1.613  1.719 2
0432 pf 03  0.520 -1.756  1.831 3
0432 pf 04  0.446 -1.898  1.949 3
0432 pf 05  0.831 -1.567  1.774 3
0432 pf 06  0.745 -2.406  2.519 3
0432 pf 07 -0.329 -1.735  1.766 2
0432 pf 08  0.082 -2.035  2.037 3
0432 pf 09 -0.488 -1.756  1.823 2
0432 pf 10 -0.014 -1.297  1.297 2
0456 em 00  0.167 -1.667  1.676 3
0456 cf 00  0.272 -1.771  1.792 3
0456 pf 01  0.630 -1.249  1.399 3
0456 pf 02 -0.747 -1.704  1.861 2
0456 pf 03  0.313 -1.502  1.534 3
0456 pf 04  0.524 -1.808  1.883 3
0456 pf 05  0.632 -1.217  1.371 3
0456 pf 06  1.296 -2.164  2.522 3
0456 pf 07 -0.385 -1.660  1.704 2
0456 pf 08  0.067 -1.720  1.721 3
0456 pf 09 -0.547 -1.938  2.014 2
0456 pf 10 -0.133 -1.369  1.376 2
0480 em 00  0.179 -1.605  1.615 3
0480 cf 00  0.450 -1.711  1.769 3
0480 pf 01  0.337 -1.088  1.139 3
0480 pf 02 -0.757 -1.898  2.043 2
0480 pf 03  0.211 -1.248  1.266 3
0480 pf 04  0.353 -1.819  1.852 3
0480 pf 05  0.608 -1.465  1.586 3
0480 pf 06  1.363 -1.748  2.216 3
0480 pf 07 -0.366 -1.594  1.636 2
0480 pf 08  0.006 -1.535  1.535 3
0480 pf 09 -0.044 -1.937  1.937 2
0480 pf 10 -0.129 -1.360  1.366 2
0504 em 00  0.123 -1.537  1.542 3
0504 cf 00  0.675 -1.501  1.645 3
0504 pf 01  0.188 -0.951  0.970 3
0504 pf 02 -0.560 -1.905  1.985 2
0504 pf 03 -0.327 -1.244  1.286 2
0504 pf 04  0.348 -1.518  1.558 3
0504 pf 05  0.533 -1.532  1.622 3
0504 pf 06  0.977 -1.488  1.780 3
0504 pf 07 -0.206 -1.463  1.478 2
0504 pf 08 -0.216 -1.518  1.533 2
0504 pf 09  0.140 -2.079  2.084 3
0504 pf 10 -0.156 -1.459  1.467 2
0528 em 00  0.078 -1.465  1.467 3
0528 cf 00  0.690 -1.495  1.647 3
0528 pf 01 -0.264 -0.868  0.907 2
0528 pf 02  0.041 -2.234  2.234 3
0528 pf 03 -0.405 -1.175  1.243 2
0528 pf 04  0.366 -1.504  1.548 3
0528 pf 05  0.192 -1.637  1.648 3
0528 pf 06  0.552 -0.849  1.013 3
0528 pf 07 -0.443 -1.119  1.204 2
0528 pf 08 -0.068 -1.591  1.592 2
0528 pf 09  0.272 -1.916  1.935 3
0528 pf 10 -0.030 -1.499  1.499 2
0552 em 00  0.033 -1.480  1.480 3
0552 cf 00  0.370 -1.242  1.296 3
0552 pf 01 -0.400 -1.110  1.180 2
0552 pf 02  0.379 -2.067  2.101 3
0552 pf 03 -0.280 -1.401  1.429 2
0552 pf 04  0.424 -1.627  1.681 3
0552 pf 05 -0.095 -1.793  1.796 2
0552 pf 06  0.207 -0.526  0.565 3
0552 pf 07 -0.226 -0.939  0.966 2
0552 pf 08 -0.160 -1.628  1.636 2
0552 pf 09  0.219 -2.061  2.073 3
0552 pf 10 -0.003 -1.662  1.662 2
0576 em 00 -0.023 -1.456  1.457 2
0576 cf 00  0.124 -1.138  1.145 3
0576 pf 01 -0.712 -1.274  1.460 2
0576 pf 02  0.705 -2.084  2.200 3
0576 pf 03 -0.118 -1.167  1.173 2
0576 pf 04  0.327 -1.517  1.552 3
0576 pf 05 -0.119 -1.984  1.988 2
0576 pf 06 -0.091 -0.450  0.459 2
0576 pf 07  0.080 -0.854  0.857 3
0576 pf 08 -0.547 -1.700  1.785 2
0576 pf 09  0.242 -1.883  1.899 3
0576 pf 10 -0.052 -1.747  1.748 2
0600 em 00  0.004 -1.387  1.387 3
0600 cf 00  0.120 -0.951  0.958 3
0600 pf 01 -0.693 -1.587  1.731 2
0600 pf 02  0.909 -1.977  2.176 3
0600 pf 03 -0.079 -1.135  1.138 2
0600 pf 04  0.198 -1.291  1.306 3
0600 pf 05  0.134 -2.021  2.025 3
0600 pf 06 -0.273 -0.269  0.383 1
0600 pf 07  0.389 -0.901  0.981 3
0600 pf 08 -0.887 -1.548  1.784 2
0600 pf 09  0.404 -1.448  1.503 3
0600 pf 10 -0.072 -1.923  1.924 2
0624 em 00  0.031 -1.349  1.349 3
0624 cf 00  0.131 -1.123  1.131 3
0624 pf 01 -0.665 -1.915  2.027 2
0624 pf 02  0.841 -1.810  1.996 3
0624 pf 03  0.113 -0.846  0.853 3
0624 pf 04  0.413 -1.090  1.166 3
0624 pf 05  0.273 -2.003  2.022 3
0624 pf 06 -0.600  0.023  0.601 8
0624 pf 07  0.515 -1.020  1.142 3
0624 pf 08 -0.745 -1.538  1.709 2
0624 pf 09  0.199 -1.235  1.251 3
0624 pf 10 -0.028 -2.080  2.080 2
0648 em 00  0.040 -1.356  1.357 3
0648 cf 00 -0.116 -1.139  1.145 2
0648 pf 01 -0.387 -2.403  2.434 2
0648 pf 02  0.747 -1.750  1.902 3
0648 pf 03  0.493 -0.784  0.927 3
0648 pf 04  0.484 -0.881  1.005 3
0648 pf 05  0.351 -1.847  1.880 3
0648 pf 06 -0.846  0.060  0.848 8
0648 pf 07  0.394 -1.256  1.317 3
0648 pf 08 -0.879 -1.711  1.923 2
0648 pf 09  0.309 -1.176  1.216 3
0648 pf 10 -0.008 -1.886  1.886 2
0672 em 00 -0.089 -1.343  1.346 2
0672 cf 00 -0.640 -1.312  1.460 2
0672 pf 01 -0.141 -2.684  2.687 2
0672 pf 02  0.630 -1.486  1.613 3
0672 pf 03  0.466 -0.742  0.876 3
0672 pf 04  0.446 -0.630  0.772 3
0672 pf 05  0.020 -1.440  1.440 3
0672 pf 06 -0.467 -0.238  0.524 1
0672 pf 07 -0.062 -1.352  1.354 2
0672 pf 08 -1.263 -1.708  2.124 2
0672 pf 09  0.047 -1.180  1.181 3
0672 pf 10  0.121 -1.890  1.894 3
0696 em 00 -0.147 -1.283  1.292 2
0696 cf 00 -1.003 -1.268  1.616 2
0696 pf 01 -0.133 -2.471  2.475 2
0696 pf 02  0.611 -1.169  1.319 3
0696 pf 03  0.364 -0.727  0.813 3
0696 pf 04  0.277 -0.593  0.655 3
0696 pf 05  0.163 -1.351  1.361 3
0696 pf 06 -0.401 -0.254  0.474 1
0696 pf 07 -0.346 -1.318  1.363 2
0696 pf 08 -1.091 -1.925  2.213 2
0696 pf 09  0.013 -1.132  1.132 3
0696 pf 10  0.101 -1.803  1.806 3
0720 em 00 -0.177 -1.375  1.387 2
0720 cf 00 -0.886 -1.214  1.503 2
0720 pf 01  0.168 -2.657  2.662 3
0720 pf 02  0.228 -1.174  1.196 3
0720 pf 03  0.084 -0.407  0.415 3
0720 pf 04  0.298 -0.755  0.812 3
0720 pf 05  0.009 -1.420  1.420 3
0720 pf 06 -0.531 -0.572  0.781 2
0720 pf 07 -0.213 -1.655  1.668 2
0720 pf 08 -0.985 -1.844  2.091 2
0720 pf 09 -0.209 -1.408  1.424 2
0720 pf 10  0.250 -1.872  1.889 3
0744 em 00 -0.199 -1.361  1.376 2
0744 cf 00 -0.708 -1.094  1.303 2
0744 pf 01  0.312 -2.339  2.360 3
0744 pf 02 -0.030 -1.267  1.267 2
0744 pf 03 -0.027 -0.446  0.447 2
0744 pf 04  0.195 -0.612  0.642 3
0744 pf 05 -0.271 -1.549  1.573 2
0744 pf 06 -0.766 -1.108  1.347 2
0744 pf 07 -0.187 -1.571  1.582 2
0744 pf 08 -0.722 -1.680  1.829 2
0744 pf 09 -0.082 -1.282  1.285 2
0744 pf 10  0.248 -1.866  1.883 3
0768 em 00 -0.101 -1.326  1.330 2
0768 cf 00 -0.425 -1.047  1.130 2
0768 pf 01  0.419 -2.304  2.341 3
0768 pf 02 -0.219 -0.935  0.960 2
0768 pf 03 -0.052 -0.544  0.547 2
0768 pf 04  0.070 -0.599  0.603 3
0768 pf 05  0.235 -1.301  1.322 3
0768 pf 06 -0.702 -1.435  1.597 2
0768 pf 07 -0.149 -1.590  1.597 2
0768 pf 08 -0.279 -1.452  1.479 2
0768 pf 09 -0.020 -1.217  1.217 2
0768 pf 10  0.125 -1.995  1.999 3
0792 em 00 -0.130 -1.208  1.215 2
0792 cf 00 -0.597 -0.988  1.155 2
0792 pf 01  0.012 -2.222  2.222 3
0792 pf 02  0.035 -1.027  1.028 3
0792 pf 03 -0.285 -0.319  0.427 2
0792 pf 04  0.147 -0.228  0.271 3
0792 pf 05  0.073 -0.843  0.847 3
0792 pf 06 -0.121 -1.676  1.680 2
0792 pf 07 -0.116 -1.397  1.402 2
0792 pf 08 -0.144 -1.281  1.289 2
0792 pf 09 -0.041 -1.217  1.218 2
0792 pf 10 -0.306 -1.902  1.926 2
0816 em 00 -0.147 -1.255  1.263 2
0816 cf 00 -0.686 -1.026  1.234 2
0816 pf 01  0.062 -2.048  2.049 3
0816 pf 02 -0.087 -1.056  1.059 2
0816 pf 03 -0.494 -0.325  0.592 1
0816 pf 04  0.170 -0.535  0.562 3
0816 pf 05 -0.032 -1.000  1.000 2
0816 pf 06  0.166 -1.561  1.570 3
0816 pf 07 -0.074 -1.378  1.380 2
0816 pf 08 -0.220 -1.154  1.175 2
0816 pf 09 -0.009 -1.445  1.445 2
0816 pf 10 -0.326 -2.088  2.113 2
0840 em 00 -0.145 -1.214  1.222 2
0840 cf 00 -0.819 -0.905  1.221 2
0840 pf 01  0.126 -1.647  1.652 3
0840 pf 02 -0.124 -1.413  1.419 2
0840 pf 03 -0.771 -0.448  0.892 1
0840 pf 04 -0.080 -0.838  0.842 2
0840 pf 05 -0.203 -0.977  0.998 2
0840 pf 06  0.671 -1.589  1.725 3
0840 pf 07  0.012 -1.046  1.046 3
0840 pf 08 -0.128 -0.933  0.942 2
0840 pf 09  0.167 -1.403  1.412 3
0840 pf 10 -0.370 -1.925  1.960 2
0864 em 00 -0.244 -1.275  1.298 2
0864 cf 00 -0.823 -0.949  1.256 2
0864 pf 01  0.307 -1.359  1.393 3
0864 pf 02 -0.417 -1.516  1.572 2
0864 pf 03 -0.849 -0.698  1.099 1
0864 pf 04 -0.311 -1.150  1.191 2
0864 pf 05 -0.536 -1.329  1.433 2
0864 pf 06  0.416 -1.553  1.608 3
0864 pf 07 -0.015 -1.187  1.187 2
0864 pf 08 -0.226 -0.658  0.696 2
0864 pf 09  0.403 -1.382  1.440 3
0864 pf 10 -0.564 -1.979  2.058 2
0888 em 00 -0.374 -1.316  1.368 2
0888 cf 00 -0.646 -1.263  1.419 2
0888 pf 01  0.308 -1.682  1.710 3
0888 pf 02 -0.546 -1.976  2.050 2
0888 pf 03 -0.838 -1.095  1.379 2
0888 pf 04 -0.163 -1.099  1.111 2
0888 pf 05 -1.001 -1.328  1.663 2
0888 pf 06  0.239 -1.409  1.429 3
0888 pf 07 -0.241 -0.805  0.840 2
0888 pf 08 -0.427 -0.240  0.490 1
0888 pf 09  0.271 -1.184  1.215 3
0888 pf 10 -0.980 -2.136  2.350 2
0912 em 00 -0.336 -1.409  1.449 2
0912 cf 00 -0.361 -1.469  1.513 2
0912 pf 01  0.439 -2.066  2.112 3
0912 pf 02 -0.725 -2.080  2.203 2
0912 pf 03 -0.648 -1.631  1.755 2
0912 pf 04  0.158 -1.226  1.237 3
0912 pf 05 -0.737 -1.561  1.726 2
0912 pf 06 -0.253 -1.140  1.168 2
0912 pf 07 -0.110 -0.813  0.821 2
0912 pf 08 -0.853 -0.290  0.901 1
0912 pf 09  0.427 -1.125  1.204 3
0912 pf 10 -0.944 -1.825  2.055 2
0936 em 00 -0.181 -1.495  1.506 2
0936 cf 00 -0.103 -1.396  1.400 2
0936 pf 01  0.782 -1.779  1.944 3
0936 pf 02 -0.562 -2.462  2.525 2
0936 pf 03 -0.228 -2.166  2.178 2
0936 pf 04  0.300 -0.955  1.001 3
0936 pf 05 -0.556 -1.693  1.782 2
0936 pf 06 -0.025 -1.194  1.194 2
0936 pf 07 -0.322 -0.704  0.774 2
0936 pf 08 -1.286 -0.592  1.416 1
0936 pf 09  0.617 -1.287  1.427 3
0936 pf 10 -0.509 -1.947  2.012 2
0960 em 00 -0.137 -1.581  1.587 2
0960 cf 00 -0.100 -1.081  1.085 2
0960 pf 01  1.075 -1.681  1.996 3
0960 pf 02 -0.529 -2.788  2.838 2
0960 pf 03 -0.008 -2.317  2.317 2
0960 pf 04  0.419 -0.802  0.905 3
0960 pf 05 -0.525 -1.542  1.629 2
0960 pf 06 -0.079 -1.285  1.288 2
0960 pf 07 -0.562 -0.743  0.932 2
0960 pf 08 -1.269 -1.333  1.841 2
0960 pf 09  0.608 -1.247  1.387 3
0960 pf 10 -0.416 -2.274  2.312 2
0984 em 00 -0.030 -1.632  1.632 2
0984 cf 00 -0.007 -0.748  0.748 2
0984 pf 01  1.131 -1.797  2.123 3
0984 pf 02 -0.481 -2.729  2.771 2
0984 pf 03  0.298 -2.484  2.502 3
0984 pf 04  0.512 -1.040  1.159 3
0984 pf 05 -0.354 -1.495  1.536 2
0984 pf 06 -0.127 -1.274  1.280 2
0984 pf 07 -0.492 -0.706  0.860 2
0984 pf 08 -1.062 -1.573  1.898 2
0984 pf 09  0.669 -1.370  1.525 3
0984 pf 10 -0.303 -2.455  2.473 2
1008 em 00 -0.001 -1.642  1.642 3
1008 cf 00  0.281 -0.586  0.650 3
1008 pf 01  0.986 -1.804  2.056 3
1008 pf 02 -0.657 -2.495  2.580 2
1008 pf 03  0.503 -2.123  2.182 3
1008 pf 04  0.561 -0.894  1.056 3
1008 pf 05 -0.573 -1.263  1.387 2
1008 pf 06 -0.218 -1.199  1.219 2
1008 pf 07 -0.538 -1.435  1.532 2
1008 pf 08 -0.424 -2.089  2.132 2
1008 pf 09  0.719 -1.312  1.496 3
1008 pf 10 -0.513 -2.582  2.632 2
1032 em 00  0.047 -1.629  1.630 3
1032 cf 00  0.135 -0.426  0.447 3
1032 pf 01  0.946 -1.575  1.837 3
1032 pf 02 -0.342 -2.215  2.242 2
1032 pf 03  0.852 -2.126  2.291 3
1032 pf 04  0.752 -0.874  1.153 3
1032 pf 05 -0.779 -1.161  1.398 2
1032 pf 06 -0.114 -1.626  1.630 2
1032 pf 07 -0.704 -1.655  1.798 2
1032 pf 08 -0.308 -2.134  2.156 2
1032 pf 09  0.880 -1.402  1.655 3
1032 pf 10 -0.636 -2.474  2.554 2
1056 em 00  0.168 -1.518  1.528 3
1056 cf 00 -0.075 -0.418  0.425 2
1056 pf 01  0.845 -1.305  1.554 3
1056 pf 02 -0.181 -2.051  2.059 2
1056 pf 03  0.951 -1.592  1.855 3
1056 pf 04  0.597 -0.656  0.887 3
1056 pf 05 -0.496 -0.774  0.919 2
1056 pf 06  0.045 -1.418  1.419 3
1056 pf 07 -0.515 -1.989  2.054 2
1056 pf 08  0.220 -2.504  2.514 3
1056 pf 09  1.114 -1.363  1.761 3
1056 pf 10 -0.505 -2.413  2.465 2
1080 em 00  0.129 -1.488  1.494 3
1080 cf 00 -0.068 -0.470  0.475 2
1080 pf 01  0.975 -1.713  1.971 3
1080 pf 02  0.131 -1.735  1.740 3
1080 pf 03  0.904 -1.588  1.827 3
1080 pf 04  0.500 -0.266  0.566 4
1080 pf 05 -0.453 -0.783  0.905 2
1080 pf 06 -0.078 -1.611  1.613 2
1080 pf 07 -0.844 -2.258  2.410 2
1080 pf 08  0.358 -2.273  2.300 3
1080 pf 09  0.696 -1.211  1.397 3
1080 pf 10 -0.536 -2.266  2.329 2
1104 em 00  0.198 -1.515  1.528 3
1104 cf 00  0.008 -0.764  0.765 3
1104 pf 01  0.774 -1.978  2.124 3
1104 pf 02  0.253 -1.655  1.674 3
1104 pf 03  0.723 -1.109  1.324 3
1104 pf 04  0.657 -0.126  0.669 4
1104 pf 05 -0.171 -0.925  0.941 2
1104 pf 06  0.294 -1.772  1.796 3
1104 pf 07 -1.153 -2.211  2.494 2
1104 pf 08  0.836 -2.275  2.424 3
1104 pf 09  0.635 -1.216  1.372 3
1104 pf 10 -0.537 -2.455  2.513 2
