ecmf prod rf 1995111900 20151119 11 046
0024 em 00  1.122  0.469  1.216 5
0024 cf 00  1.095  0.475  1.194 5
0024 pf 01  1.000  0.471  1.105 5
0024 pf 02  1.132  0.478  1.229 5
0024 pf 03  1.242  0.571  1.367 5
0024 pf 04  1.057  0.356  1.116 5
0024 pf 05  1.218  0.490  1.313 5
0024 pf 06  1.065  0.492  1.174 5
0024 pf 07  1.024  0.512  1.145 5
0024 pf 08  1.117  0.411  1.191 5
0024 pf 09  1.073  0.383  1.139 5
0024 pf 10  1.083  0.519  1.201 5
0048 em 00  1.239  0.562  1.361 5
0048 cf 00  1.274  0.567  1.395 5
0048 pf 01  1.202  0.677  1.379 5
0048 pf 02  1.128  0.591  1.273 5
0048 pf 03  1.303  0.557  1.417 5
0048 pf 04  1.199  0.506  1.301 5
0048 pf 05  1.305  0.810  1.536 5
0048 pf 06  1.395  0.491  1.479 5
0048 pf 07  0.985  0.497  1.103 5
0048 pf 08  1.169  0.391  1.233 5
0048 pf 09  1.317  0.494  1.406 5
0048 pf 10  1.090  0.594  1.242 5
0072 em 00  1.215  0.714  1.410 5
0072 cf 00  1.214  0.634  1.369 5
0072 pf 01  0.979  0.765  1.243 5
0072 pf 02  1.160  0.669  1.339 5
0072 pf 03  1.384  0.797  1.597 5
0072 pf 04  1.168  0.688  1.355 5
0072 pf 05  1.196  0.952  1.529 5
0072 pf 06  1.494  0.745  1.669 5
0072 pf 07  1.117  0.530  1.236 5
0072 pf 08  1.156  0.764  1.385 5
0072 pf 09  1.250  0.768  1.467 5
0072 pf 10  1.011  0.491  1.124 5
0096 em 00  1.291  0.933  1.592 5
0096 cf 00  1.263  0.912  1.558 5
0096 pf 01  0.955  0.926  1.330 5
0096 pf 02  1.182  0.753  1.401 5
0096 pf 03  1.375  0.875  1.630 5
0096 pf 04  1.158  0.753  1.382 5
0096 pf 05  1.228  1.297  1.786 6
0096 pf 06  1.434  1.046  1.775 5
0096 pf 07  1.484  0.872  1.721 5
0096 pf 08  1.151  0.957  1.496 5
0096 pf 09  1.405  1.229  1.867 5
0096 pf 10  1.317  0.540  1.424 5
0120 em 00  1.070  0.891  1.392 5
0120 cf 00  0.979  0.923  1.345 5
0120 pf 01  0.477  0.979  1.089 6
0120 pf 02  1.069  0.612  1.231 5
0120 pf 03  1.096  0.842  1.382 5
0120 pf 04  1.188  0.729  1.394 5
0120 pf 05  1.068  1.305  1.686 6
0120 pf 06  1.022  0.919  1.375 5
0120 pf 07  1.640  0.855  1.850 5
0120 pf 08  0.883  0.894  1.257 6
0120 pf 09  1.267  1.117  1.689 5
0120 pf 10  0.875  0.511  1.014 5
0144 em 00  0.970  0.959  1.364 5
0144 cf 00  0.843  0.951  1.271 6
0144 pf 01  0.406  0.902  0.989 6
0144 pf 02  1.154  0.830  1.422 5
0144 pf 03  1.192  0.984  1.546 5
0144 pf 04  1.237  0.804  1.475 5
0144 pf 05  0.808  1.251  1.490 6
0144 pf 06  0.928  0.903  1.295 5
0144 pf 07  1.502  1.065  1.842 5
0144 pf 08  0.794  0.904  1.203 6
0144 pf 09  0.919  1.287  1.581 6
0144 pf 10  0.706  0.524  0.880 5
0168 em 00  0.815  0.927  1.235 6
0168 cf 00  0.712  0.842  1.103 6
0168 pf 01  0.360  0.812  0.888 6
0168 pf 02  0.999  0.948  1.377 5
0168 pf 03  1.066  1.207  1.610 6
0168 pf 04  1.236  0.738  1.440 5
0168 pf 05  0.576  1.205  1.336 6
0168 pf 06  0.854  0.763  1.145 5
0168 pf 07  1.264  1.033  1.632 5
0168 pf 08  0.631  0.825  1.039 6
0168 pf 09  0.526  1.178  1.290 6
0168 pf 10  0.584  0.515  0.779 5
0192 em 00  0.680  0.973  1.187 6
0192 cf 00  0.553  0.650  0.853 6
0192 pf 01  0.293  0.939  0.984 6
0192 pf 02  0.922  1.272  1.571 6
0192 pf 03  0.930  1.134  1.467 6
0192 pf 04  1.173  0.927  1.495 5
0192 pf 05  0.139  1.270  1.277 6
0192 pf 06  0.873  0.857  1.223 5
0192 pf 07  1.050  1.169  1.572 6
0192 pf 08  0.580  0.722  0.926 6
0192 pf 09  0.246  1.268  1.291 6
0192 pf 10  0.574  0.360  0.677 5
0216 em 00  0.650  0.911  1.119 6
0216 cf 00  0.528  0.649  0.836 6
0216 pf 01  0.291  0.760  0.814 6
0216 pf 02  1.018  1.267  1.626 6
0216 pf 03  0.831  0.884  1.213 6
0216 pf 04  1.089  1.166  1.596 6
0216 pf 05  0.199  1.221  1.238 6
0216 pf 06  0.748  0.864  1.143 6
0216 pf 07  0.854  1.309  1.563 6
0216 pf 08  0.650  0.572  0.866 5
0216 pf 09  0.083  0.985  0.988 6
0216 pf 10  0.723  0.193  0.748 5
0240 em 00  0.655  0.908  1.120 6
0240 cf 00  0.631  0.572  0.852 5
0240 pf 01  0.328  0.564  0.652 6
0240 pf 02  0.748  1.366  1.557 6
0240 pf 03  0.891  0.802  1.198 5
0240 pf 04  0.829  1.140  1.410 6
0240 pf 05  0.505  1.094  1.204 6
0240 pf 06  0.572  0.827  1.005 6
0240 pf 07  0.726  1.743  1.889 6
0240 pf 08  0.682  0.715  0.988 6
0240 pf 09  0.234  1.076  1.101 6
0240 pf 10  0.886 -0.077  0.889 4
0264 em 00  0.573  1.150  1.285 6
0264 cf 00  0.531  0.636  0.829 6
0264 pf 01  0.278  0.567  0.632 6
0264 pf 02  0.257  1.684  1.703 6
0264 pf 03  0.623  1.096  1.261 6
0264 pf 04  0.690  1.382  1.544 6
0264 pf 05  0.405  0.984  1.064 6
0264 pf 06  0.824  1.167  1.429 6
0264 pf 07  0.704  1.963  2.086 6
0264 pf 08  0.590  1.149  1.292 6
0264 pf 09  0.217  1.130  1.151 6
0264 pf 10  1.004  0.682  1.214 5
0288 em 00  0.559  1.403  1.511 6
0288 cf 00  0.376  0.876  0.953 6
0288 pf 01  0.384  0.697  0.796 6
0288 pf 02  0.255  1.888  1.905 6
0288 pf 03  0.604  1.597  1.708 6
0288 pf 04  0.633  1.378  1.517 6
0288 pf 05  0.446  0.685  0.817 6
0288 pf 06  1.057  1.667  1.974 6
0288 pf 07  0.353  2.118  2.147 6
0288 pf 08  0.916  1.624  1.864 6
0288 pf 09  0.116  1.645  1.650 6
0288 pf 10  0.832  0.999  1.300 6
0312 em 00  0.555  1.528  1.625 6
0312 cf 00  0.513  1.110  1.222 6
0312 pf 01  0.370  0.937  1.008 6
0312 pf 02  0.352  1.710  1.746 6
0312 pf 03  0.645  1.970  2.073 6
0312 pf 04  0.350  1.296  1.342 6
0312 pf 05  0.623  0.736  0.964 6
0312 pf 06  1.164  1.973  2.291 6
0312 pf 07  0.122  2.132  2.136 6
0312 pf 08  1.040  1.493  1.820 6
0312 pf 09  0.153  1.840  1.847 6
0312 pf 10  0.634  1.306  1.452 6
0336 em 00  0.508  1.529  1.612 6
0336 cf 00  0.781  1.066  1.321 6
0336 pf 01  0.505  0.987  1.109 6
0336 pf 02  0.494  1.193  1.291 6
0336 pf 03  0.815  2.091  2.244 6
0336 pf 04  0.135  1.272  1.279 6
0336 pf 05  0.650  0.635  0.909 5
0336 pf 06  1.083  2.290  2.533 6
0336 pf 07 -0.400  2.385  2.418 7
0336 pf 08  0.676  1.455  1.605 6
0336 pf 09  0.060  1.719  1.720 6
0336 pf 10  0.669  1.416  1.566 6
0360 em 00  0.422  1.348  1.413 6
0360 cf 00  0.827  0.770  1.130 5
0360 pf 01  0.666  0.778  1.024 6
0360 pf 02  0.360  0.874  0.945 6
0360 pf 03  0.712  1.688  1.832 6
0360 pf 04 -0.087  0.861  0.866 7
0360 pf 05  0.404  0.594  0.718 6
0360 pf 06  0.996  2.435  2.631 6
0360 pf 07 -0.710  2.160  2.274 7
0360 pf 08  0.256  1.672  1.692 6
0360 pf 09  0.150  1.358  1.367 6
0360 pf 10  0.952  1.322  1.629 6
0384 em 00  0.363  1.216  1.269 6
0384 cf 00  0.812  0.260  0.853 5
0384 pf 01  0.813  0.543  0.978 5
0384 pf 02  0.325  0.779  0.844 6
0384 pf 03  0.196  1.644  1.656 6
0384 pf 04 -0.196  0.578  0.610 7
0384 pf 05  0.600  0.863  1.051 6
0384 pf 06  0.781  2.562  2.679 6
0384 pf 07 -0.819  1.943  2.108 7
0384 pf 08  0.340  1.802  1.833 6
0384 pf 09 -0.078  0.977  0.980 7
0384 pf 10  1.091  1.118  1.562 6
0408 em 00  0.286  1.153  1.188 6
0408 cf 00  0.647  0.284  0.707 5
0408 pf 01  0.505  0.368  0.625 5
0408 pf 02  0.387  0.788  0.878 6
0408 pf 03 -0.361  1.759  1.796 7
0408 pf 04  0.127  0.374  0.395 6
0408 pf 05  0.468  0.812  0.937 6
0408 pf 06  0.741  2.543  2.649 6
0408 pf 07 -0.825  1.382  1.609 7
0408 pf 08  0.251  1.977  1.993 6
0408 pf 09  0.105  1.102  1.107 6
0408 pf 10  0.973  1.014  1.405 6
0432 em 00  0.268  1.127  1.158 6
0432 cf 00  0.634  0.165  0.655 5
0432 pf 01  0.747  0.351  0.825 5
0432 pf 02  0.079  0.902  0.906 6
0432 pf 03 -0.644  1.580  1.706 7
0432 pf 04  0.106  0.050  0.117 5
0432 pf 05  0.417  1.255  1.322 6
0432 pf 06  0.822  2.523  2.653 6
0432 pf 07 -0.652  1.305  1.459 7
0432 pf 08  0.296  2.055  2.076 6
0432 pf 09  0.140  1.320  1.327 6
0432 pf 10  0.888  0.674  1.115 5
0456 em 00  0.277  1.237  1.268 6
0456 cf 00  1.002  0.184  1.018 5
0456 pf 01  0.918  0.459  1.026 5
0456 pf 02 -0.106  1.274  1.279 7
0456 pf 03 -0.498  1.431  1.515 7
0456 pf 04  0.510  0.212  0.552 5
0456 pf 05  0.062  1.486  1.488 6
0456 pf 06  0.606  2.471  2.544 6
0456 pf 07 -0.607  1.213  1.356 7
0456 pf 08  0.370  2.367  2.396 6
0456 pf 09  0.089  1.585  1.587 6
0456 pf 10  0.575  0.719  0.920 6
0480 em 00  0.300  1.350  1.383 6
0480 cf 00  1.185  0.272  1.216 5
0480 pf 01  1.062  0.384  1.129 5
0480 pf 02 -0.197  1.589  1.601 7
0480 pf 03 -0.495  0.868  0.999 7
0480 pf 04  0.605  0.464  0.762 5
0480 pf 05  0.039  1.735  1.736 6
0480 pf 06  0.655  2.634  2.714 6
0480 pf 07 -0.444  1.210  1.289 7
0480 pf 08  0.372  2.602  2.628 6
0480 pf 09 -0.211  1.996  2.007 7
0480 pf 10  0.554  0.870  1.031 6
0504 em 00  0.223  1.372  1.390 6
0504 cf 00  1.363  0.614  1.495 5
0504 pf 01  1.144  0.426  1.221 5
0504 pf 02 -0.628  2.009  2.105 7
0504 pf 03 -0.632  0.565  0.848 8
0504 pf 04  0.713  0.567  0.911 5
0504 pf 05 -0.113  1.537  1.541 7
0504 pf 06  0.348  2.684  2.706 6
0504 pf 07 -0.379  1.331  1.384 7
0504 pf 08  0.247  2.585  2.596 6
0504 pf 09 -0.504  1.967  2.031 7
0504 pf 10  0.677  0.569  0.885 5
0528 em 00  0.150  1.316  1.324 6
0528 cf 00  1.296  0.765  1.505 5
0528 pf 01  1.387  0.896  1.652 5
0528 pf 02 -0.829  2.050  2.211 7
0528 pf 03 -0.815  0.683  1.063 8
0528 pf 04  0.577  0.468  0.743 5
0528 pf 05 -0.042  1.309  1.309 7
0528 pf 06  0.196  2.535  2.543 6
0528 pf 07 -0.492  1.013  1.126 7
0528 pf 08  0.053  1.882  1.882 6
0528 pf 09 -0.776  2.089  2.229 7
0528 pf 10  0.862  0.538  1.016 5
0552 em 00  0.041  1.361  1.361 6
0552 cf 00  1.162  1.069  1.579 5
0552 pf 01  1.138  1.595  1.960 6
0552 pf 02 -0.882  1.689  1.905 7
0552 pf 03 -0.447  0.736  0.861 7
0552 pf 04  0.545  0.673  0.866 6
0552 pf 05  0.017  1.230  1.230 6
0552 pf 06 -0.260  2.380  2.394 7
0552 pf 07 -0.675  0.983  1.192 7
0552 pf 08  0.112  1.573  1.577 6
0552 pf 09 -0.994  2.549  2.736 7
0552 pf 10  0.512  0.254  0.572 5
0576 em 00  0.064  1.399  1.401 6
0576 cf 00  1.280  1.262  1.798 5
0576 pf 01  0.643  2.135  2.230 6
0576 pf 02 -0.498  1.348  1.437 7
0576 pf 03 -0.192  0.723  0.748 7
0576 pf 04  0.437  1.034  1.122 6
0576 pf 05 -0.039  1.197  1.198 7
0576 pf 06 -0.466  2.255  2.303 7
0576 pf 07 -0.393  0.989  1.064 7
0576 pf 08  0.236  1.627  1.644 6
0576 pf 09 -1.211  2.427  2.713 7
0576 pf 10  0.709  0.132  0.721 5
0600 em 00  0.081  1.367  1.369 6
0600 cf 00  1.046  1.251  1.631 6
0600 pf 01  0.409  2.447  2.481 6
0600 pf 02 -0.144  1.353  1.360 7
0600 pf 03 -0.182  0.582  0.610 7
0600 pf 04  0.373  0.870  0.947 6
0600 pf 05  0.252  1.035  1.065 6
0600 pf 06 -0.769  2.165  2.297 7
0600 pf 07 -0.030  1.064  1.064 7
0600 pf 08  0.120  1.475  1.479 6
0600 pf 09 -1.226  2.226  2.541 7
0600 pf 10  0.885  0.304  0.936 5
0624 em 00  0.045  1.330  1.330 6
0624 cf 00  0.650  1.256  1.415 6
0624 pf 01  0.251  2.651  2.663 6
0624 pf 02 -0.150  1.310  1.318 7
0624 pf 03 -0.561  0.792  0.971 7
0624 pf 04  0.317  1.006  1.055 6
0624 pf 05  0.591  0.999  1.161 6
0624 pf 06 -0.939  2.140  2.337 7
0624 pf 07 -0.042  0.790  0.791 7
0624 pf 08  0.192  1.167  1.183 6
0624 pf 09 -0.937  1.899  2.117 7
0624 pf 10  0.989  0.343  1.046 5
0648 em 00 -0.100  1.348  1.351 7
0648 cf 00 -0.017  1.356  1.356 7
0648 pf 01 -0.432  3.058  3.089 7
0648 pf 02  0.168  1.151  1.163 6
0648 pf 03 -0.697  0.843  1.094 7
0648 pf 04  0.295  0.761  0.816 6
0648 pf 05  0.473  0.910  1.025 6
0648 pf 06 -1.040  2.251  2.480 7
0648 pf 07 -0.304  1.016  1.060 7
0648 pf 08  0.259  1.201  1.229 6
0648 pf 09 -0.935  1.621  1.872 7
0648 pf 10  1.005  0.400  1.081 5
0672 em 00 -0.330  1.246  1.289 7
0672 cf 00 -0.597  1.402  1.524 7
0672 pf 01 -1.149  3.231  3.429 7
0672 pf 02  0.278  0.874  0.917 6
0672 pf 03 -0.979  0.996  1.396 7
0672 pf 04  0.281  0.792  0.840 6
0672 pf 05  0.145  0.819  0.831 6
0672 pf 06 -1.240  1.738  2.135 7
0672 pf 07 -0.390  1.041  1.112 7
0672 pf 08  0.128  0.890  0.899 6
0672 pf 09 -0.967  1.444  1.738 7
0672 pf 10  0.765  0.244  0.803 5
0696 em 00 -0.484  1.225  1.317 7
0696 cf 00 -0.812  1.245  1.486 7
0696 pf 01 -1.522  3.411  3.735 7
0696 pf 02  0.233  0.991  1.018 6
0696 pf 03 -1.148  0.728  1.359 8
0696 pf 04  0.027  0.891  0.892 6
0696 pf 05  0.040  0.899  0.899 6
0696 pf 06 -1.111  1.431  1.812 7
0696 pf 07 -0.389  1.232  1.292 7
0696 pf 08 -0.112  0.793  0.801 7
0696 pf 09 -1.002  1.304  1.645 7
0696 pf 10  0.392  0.327  0.510 5
0720 em 00 -0.534  1.099  1.222 7
0720 cf 00 -0.712  0.925  1.167 7
0720 pf 01 -1.637  3.352  3.731 7
0720 pf 02  0.195  0.610  0.640 6
0720 pf 03 -1.477  0.335  1.515 8
0720 pf 04  0.155  0.851  0.865 6
0720 pf 05  0.240  1.156  1.180 6
0720 pf 06 -1.284  1.308  1.833 7
0720 pf 07 -0.127  0.945  0.953 7
0720 pf 08 -0.173  0.734  0.754 7
0720 pf 09 -1.200  1.020  1.575 8
0720 pf 10  0.087  0.639  0.645 6
0744 em 00 -0.577  0.935  1.099 7
0744 cf 00 -0.804  0.488  0.941 8
0744 pf 01 -2.049  3.170  3.774 7
0744 pf 02  0.297  0.357  0.464 6
0744 pf 03 -1.435  0.499  1.520 8
0744 pf 04  0.127  0.901  0.910 6
0744 pf 05  0.187  1.213  1.228 6
0744 pf 06 -1.391  1.006  1.716 8
0744 pf 07  0.135  0.617  0.632 6
0744 pf 08 -0.254  0.841  0.879 7
0744 pf 09 -1.280  0.602  1.414 8
0744 pf 10  0.080  0.387  0.395 6
0768 em 00 -0.549  0.789  0.961 7
0768 cf 00 -0.740  0.179  0.761 8
0768 pf 01 -2.698  2.725  3.835 7
0768 pf 02  0.409  0.252  0.480 5
0768 pf 03 -0.697  0.304  0.760 8
0768 pf 04  0.132  1.025  1.033 6
0768 pf 05  0.461  1.260  1.342 6
0768 pf 06 -1.383  0.657  1.532 8
0768 pf 07  0.162  0.550  0.574 6
0768 pf 08 -0.338  0.435  0.551 7
0768 pf 09 -1.525  0.449  1.590 8
0768 pf 10  0.154  0.658  0.676 6
0792 em 00 -0.622  0.673  0.917 7
0792 cf 00 -0.583  0.087  0.590 8
0792 pf 01 -2.953  2.238  3.705 8
0792 pf 02  0.454  0.270  0.528 5
0792 pf 03 -0.650  0.078  0.655 8
0792 pf 04 -0.189  1.024  1.042 7
0792 pf 05  0.482  1.448  1.526 6
0792 pf 06 -1.212  0.753  1.427 8
0792 pf 07 -0.147  0.763  0.777 7
0792 pf 08 -0.379  0.146  0.406 8
0792 pf 09 -1.580 -0.111  1.584 1
0792 pf 10 -0.078  0.546  0.551 7
0816 em 00 -0.566  0.524  0.771 8
0816 cf 00 -0.480  0.012  0.480 8
0816 pf 01 -2.661  1.797  3.211 8
0816 pf 02  0.533 -0.075  0.538 4
0816 pf 03 -0.256 -0.265  0.368 2
0816 pf 04 -0.453  1.025  1.121 7
0816 pf 05  0.680  1.037  1.240 6
0816 pf 06 -1.341  0.616  1.476 8
0816 pf 07  0.156  0.796  0.811 6
0816 pf 08 -0.685  0.363  0.776 8
0816 pf 09 -1.834 -0.394  1.876 1
0816 pf 10  0.138  0.718  0.732 6
0840 em 00 -0.606  0.549  0.817 8
0840 cf 00 -0.500 -0.004  0.500 1
0840 pf 01 -2.512  1.388  2.870 8
0840 pf 02  0.528  0.280  0.598 5
0840 pf 03 -0.241 -0.457  0.517 2
0840 pf 04 -0.695  1.448  1.606 7
0840 pf 05  0.614  1.145  1.299 6
0840 pf 06 -0.938  0.561  1.093 8
0840 pf 07 -0.111  0.850  0.858 7
0840 pf 08 -0.983  0.286  1.023 8
0840 pf 09 -2.038 -0.705  2.157 1
0840 pf 10  0.240  1.117  1.142 6
0864 em 00 -0.621  0.405  0.741 8
0864 cf 00 -0.120 -0.189  0.224 2
0864 pf 01 -2.298  1.409  2.696 8
0864 pf 02  0.762  0.171  0.781 5
0864 pf 03 -0.006 -0.612  0.612 2
0864 pf 04 -0.975  1.068  1.446 7
0864 pf 05  0.449  1.112  1.199 6
0864 pf 06 -0.849  0.504  0.987 8
0864 pf 07 -0.458  0.702  0.838 7
0864 pf 08 -1.656  0.045  1.657 8
0864 pf 09 -1.680 -1.244  2.090 1
0864 pf 10  0.046  1.355  1.356 6
0888 em 00 -0.674  0.254  0.721 8
0888 cf 00  0.068 -0.524  0.529 3
0888 pf 01 -2.536  1.468  2.930 8
0888 pf 02  0.701 -0.364  0.790 4
0888 pf 03  0.191 -0.439  0.478 3
0888 pf 04 -0.963  0.910  1.325 8
0888 pf 05  0.202  1.029  1.049 6
0888 pf 06 -0.823  0.436  0.931 8
0888 pf 07 -0.686  0.258  0.733 8
0888 pf 08 -1.817  0.177  1.826 8
0888 pf 09 -1.611 -1.498  2.200 1
0888 pf 10 -0.079  1.193  1.195 7
0912 em 00 -0.635  0.156  0.654 8
0912 cf 00  0.333 -0.412  0.529 3
0912 pf 01 -2.460  0.933  2.631 8
0912 pf 02  0.480 -0.386  0.616 4
0912 pf 03  0.170 -0.299  0.344 3
0912 pf 04 -1.068  0.698  1.276 8
0912 pf 05  0.015  1.010  1.010 6
0912 pf 06 -0.743  0.126  0.754 8
0912 pf 07 -0.835  0.232  0.866 8
0912 pf 08 -1.838  0.140  1.843 8
0912 pf 09 -1.269 -1.732  2.147 2
0912 pf 10  0.303  1.238  1.275 6
0936 em 00 -0.570  0.185  0.599 8
0936 cf 00  0.407 -0.278  0.493 4
0936 pf 01 -2.336  0.182  2.343 8
0936 pf 02  0.657  0.028  0.658 5
0936 pf 03  0.267  0.165  0.314 5
0936 pf 04 -1.226  0.659  1.392 8
0936 pf 05 -0.281  1.273  1.304 7
0936 pf 06 -0.537  0.094  0.545 8
0936 pf 07 -0.997  0.424  1.083 8
0936 pf 08 -1.965 -0.199  1.975 1
0936 pf 09 -0.954 -1.612  1.873 2
0936 pf 10  0.776  1.128  1.369 6
0960 em 00 -0.491  0.196  0.529 8
0960 cf 00  0.397 -0.318  0.509 4
0960 pf 01 -2.074 -0.282  2.093 1
0960 pf 02  0.873  0.133  0.883 5
0960 pf 03  0.275  0.219  0.351 5
0960 pf 04 -0.993  0.550  1.135 8
0960 pf 05 -0.189  1.190  1.205 7
0960 pf 06 -0.493  0.118  0.507 8
0960 pf 07 -1.583  0.473  1.652 8
0960 pf 08 -2.039 -0.152  2.045 1
0960 pf 09 -0.401 -1.579  1.629 2
0960 pf 10  0.914  1.609  1.850 6
0984 em 00 -0.400  0.128  0.420 8
0984 cf 00  0.437 -0.340  0.554 4
0984 pf 01 -1.750 -0.625  1.858 1
0984 pf 02  0.965  0.512  1.092 5
0984 pf 03  0.255  0.799  0.839 6
0984 pf 04 -0.733 -0.054  0.735 1
0984 pf 05 -0.198  0.872  0.894 7
0984 pf 06 -0.309  0.168  0.352 8
0984 pf 07 -1.774  0.504  1.844 8
0984 pf 08 -1.936 -0.282  1.956 1
0984 pf 09  0.020 -1.746  1.747 3
0984 pf 10  0.727  1.433  1.607 6
1008 em 00 -0.437 -0.004  0.437 1
1008 cf 00  0.226 -0.633  0.672 3
1008 pf 01 -1.392 -0.985  1.706 1
1008 pf 02  0.798  0.894  1.198 6
1008 pf 03  0.114  0.754  0.762 6
1008 pf 04 -0.537 -0.583  0.793 2
1008 pf 05 -0.610  0.668  0.905 7
1008 pf 06 -0.174  0.045  0.180 8
1008 pf 07 -2.092  0.579  2.171 8
1008 pf 08 -1.864 -0.743  2.006 1
1008 pf 09  0.414 -1.508  1.564 3
1008 pf 10  0.432  1.347  1.415 6
1032 em 00 -0.497 -0.023  0.498 1
1032 cf 00 -0.042 -0.686  0.688 2
1032 pf 01 -1.064 -0.929  1.413 1
1032 pf 02  0.470  0.897  1.013 6
1032 pf 03 -0.165  0.934  0.948 7
1032 pf 04 -0.484 -0.672  0.829 2
1032 pf 05 -0.736  0.531  0.908 8
1032 pf 06 -0.392 -0.100  0.404 1
1032 pf 07 -1.884  0.286  1.906 8
1032 pf 08 -1.767 -0.911  1.988 1
1032 pf 09  0.791 -0.992  1.269 3
1032 pf 10 -0.053  1.282  1.283 7
1056 em 00 -0.638 -0.029  0.639 1
1056 cf 00 -0.104 -0.591  0.600 2
1056 pf 01 -0.926 -0.666  1.140 1
1056 pf 02  0.301  0.916  0.965 6
1056 pf 03 -0.823  0.944  1.252 7
1056 pf 04 -0.522 -0.426  0.674 1
1056 pf 05 -0.778  0.840  1.145 7
1056 pf 06 -0.820 -0.368  0.899 1
1056 pf 07 -1.816 -0.110  1.820 1
1056 pf 08 -1.838 -1.374  2.295 1
1056 pf 09  0.972 -0.670  1.180 4
1056 pf 10 -0.509  1.096  1.209 7
1080 em 00 -0.653 -0.146  0.669 1
1080 cf 00 -0.001 -0.405  0.405 2
1080 pf 01 -0.381 -0.605  0.715 2
1080 pf 02 -0.322  0.956  1.009 7
1080 pf 03 -1.481  1.020  1.799 8
1080 pf 04 -0.284 -0.714  0.769 2
1080 pf 05 -0.889  0.585  1.064 8
1080 pf 06 -0.744 -0.330  0.814 1
1080 pf 07 -1.545 -0.835  1.756 1
1080 pf 08 -1.531 -1.322  2.023 1
1080 pf 09  0.955 -0.759  1.219 4
1080 pf 10 -0.788  0.767  1.100 8
1104 em 00 -0.608 -0.199  0.640 1
1104 cf 00  0.173 -0.157  0.233 4
1104 pf 01  0.057 -0.709  0.712 3
1104 pf 02 -0.747  1.078  1.312 7
1104 pf 03 -1.717  0.888  1.933 8
1104 pf 04 -0.109 -0.626  0.635 2
1104 pf 05 -1.138  0.501  1.243 8
1104 pf 06 -0.706 -0.487  0.858 1
1104 pf 07 -0.912 -1.337  1.619 2
1104 pf 08 -0.934 -1.598  1.851 2
1104 pf 09  0.583 -0.616  0.848 3
1104 pf 10 -1.070  0.856  1.370 8
