ecmf prod rf 2005110900 20231109 11 046
0024 em 00  0.677  0.871  1.103 6
0024 cf 00  0.597  0.865  1.051 6
0024 pf 01  0.639  0.731  0.971 6
0024 pf 02  0.692  0.995  1.212 6
0024 pf 03  0.627  0.816  1.029 6
0024 pf 04  0.647  0.855  1.072 6
0024 pf 05  0.647  0.784  1.016 6
0024 pf 06  0.676  0.829  1.069 6
0024 pf 07  0.707  0.870  1.121 6
0024 pf 08  0.673  0.852  1.085 6
0024 pf 09  0.670  0.911  1.131 6
0024 pf 10  0.743  0.975  1.225 6
0048 em 00  0.719  0.717  1.015 5
0048 cf 00  0.679  0.689  0.967 6
0048 pf 01  0.572  0.668  0.880 6
0048 pf 02  0.727  0.728  1.029 6
0048 pf 03  0.512  0.753  0.911 6
0048 pf 04  0.631  0.822  1.036 6
0048 pf 05  0.755  0.639  0.989 5
0048 pf 06  0.798  0.513  0.948 5
0048 pf 07  0.874  0.798  1.183 5
0048 pf 08  0.759  0.490  0.903 5
0048 pf 09  0.881  0.709  1.131 5
0048 pf 10  0.561  0.970  1.121 6
0072 em 00  0.639  0.661  0.919 6
0072 cf 00  0.565  0.546  0.785 5
0072 pf 01  0.426  0.359  0.557 5
0072 pf 02  0.637  0.738  0.975 6
0072 pf 03  0.208  0.675  0.706 6
0072 pf 04  0.398  1.004  1.079 6
0072 pf 05  0.829  0.577  1.010 5
0072 pf 06  1.011  0.400  1.087 5
0072 pf 07  0.641  0.916  1.118 6
0072 pf 08  0.840  0.381  0.922 5
0072 pf 09  0.789  0.721  1.068 5
0072 pf 10  0.540  0.825  0.985 6
0096 em 00  0.583  0.618  0.850 6
0096 cf 00  0.523  0.446  0.688 5
0096 pf 01  0.353  0.317  0.475 5
0096 pf 02  0.639  0.714  0.959 6
0096 pf 03  0.107  0.648  0.656 6
0096 pf 04  0.341  0.841  0.908 6
0096 pf 05  0.804  0.449  0.921 5
0096 pf 06  1.144  0.465  1.235 5
0096 pf 07  0.329  0.869  0.929 6
0096 pf 08  0.747  0.479  0.888 5
0096 pf 09  0.710  0.565  0.907 5
0096 pf 10  0.561  0.890  1.052 6
0120 em 00  0.409  0.741  0.847 6
0120 cf 00  0.338  0.555  0.650 6
0120 pf 01  0.097  0.184  0.208 6
0120 pf 02  0.438  1.078  1.164 6
0120 pf 03  0.003  0.733  0.733 6
0120 pf 04  0.061  0.994  0.995 6
0120 pf 05  0.941  0.855  1.271 5
0120 pf 06  0.774  0.567  0.960 5
0120 pf 07  0.007  0.818  0.818 6
0120 pf 08  0.670  0.686  0.959 6
0120 pf 09  0.548  0.618  0.826 6
0120 pf 10  0.513  0.955  1.084 6
0144 em 00  0.367  0.901  0.973 6
0144 cf 00  0.272  0.729  0.778 6
0144 pf 01 -0.037  0.272  0.274 7
0144 pf 02  0.170  1.235  1.246 6
0144 pf 03 -0.081  0.450  0.457 7
0144 pf 04 -0.090  1.182  1.186 7
0144 pf 05  0.855  0.899  1.241 6
0144 pf 06  0.932  1.051  1.404 6
0144 pf 07 -0.147  0.761  0.775 7
0144 pf 08  0.949  1.135  1.479 6
0144 pf 09  0.517  0.752  0.913 6
0144 pf 10  0.599  1.328  1.457 6
0168 em 00  0.078  0.931  0.934 6
0168 cf 00  0.074  0.793  0.796 6
0168 pf 01 -0.232  0.375  0.441 7
0168 pf 02 -0.134  1.154  1.162 7
0168 pf 03 -0.184  0.285  0.340 7
0168 pf 04 -0.515  0.932  1.064 7
0168 pf 05  0.518  1.042  1.164 6
0168 pf 06  0.614  1.203  1.351 6
0168 pf 07 -0.553  0.475  0.729 8
0168 pf 08  0.475  1.594  1.664 6
0168 pf 09  0.364  0.797  0.876 6
0168 pf 10  0.349  1.444  1.486 6
0192 em 00 -0.216  1.114  1.134 7
0192 cf 00 -0.195  1.002  1.020 7
0192 pf 01 -0.382  0.814  0.899 7
0192 pf 02 -0.404  1.194  1.260 7
0192 pf 03 -0.394  0.124  0.414 8
0192 pf 04 -0.902  0.942  1.304 7
0192 pf 05 -0.081  1.318  1.320 7
0192 pf 06  0.200  1.807  1.818 6
0192 pf 07 -0.671  0.302  0.736 8
0192 pf 08  0.194  2.077  2.086 6
0192 pf 09  0.151  1.066  1.077 6
0192 pf 10  0.054  1.464  1.465 6
0216 em 00 -0.412  1.369  1.430 7
0216 cf 00 -0.321  1.273  1.313 7
0216 pf 01 -0.368  1.006  1.071 7
0216 pf 02 -0.600  1.560  1.672 7
0216 pf 03 -0.440  0.300  0.532 8
0216 pf 04 -0.993  0.978  1.393 8
0216 pf 05 -0.417  1.509  1.565 7
0216 pf 06 -0.251  1.902  1.918 7
0216 pf 07 -0.528  0.550  0.763 7
0216 pf 08 -0.269  2.437  2.452 7
0216 pf 09 -0.284  1.604  1.629 7
0216 pf 10 -0.074  1.806  1.808 7
0240 em 00 -0.620  1.379  1.512 7
0240 cf 00 -0.500  1.419  1.505 7
0240 pf 01 -0.423  1.035  1.118 7
0240 pf 02 -0.662  1.689  1.814 7
0240 pf 03 -0.495  0.354  0.608 8
0240 pf 04 -1.060  0.934  1.413 8
0240 pf 05 -0.806  1.324  1.550 7
0240 pf 06 -0.484  2.059  2.115 7
0240 pf 07 -0.305  0.585  0.660 7
0240 pf 08 -0.932  2.336  2.515 7
0240 pf 09 -0.694  1.542  1.691 7
0240 pf 10 -0.411  1.740  1.788 7
0264 em 00 -0.799  1.274  1.504 7
0264 cf 00 -0.799  1.336  1.557 7
0264 pf 01 -0.539  1.076  1.204 7
0264 pf 02 -0.709  1.752  1.890 7
0264 pf 03 -0.421  0.527  0.675 7
0264 pf 04 -1.344  0.804  1.567 8
0264 pf 05 -0.783  0.882  1.180 7
0264 pf 06 -0.790  1.735  1.906 7
0264 pf 07 -0.394  0.569  0.692 7
0264 pf 08 -1.188  1.791  2.149 7
0264 pf 09 -1.031  1.471  1.796 7
0264 pf 10 -0.709  1.893  2.022 7
0288 em 00 -1.050  1.074  1.502 7
0288 cf 00 -1.109  1.180  1.620 7
0288 pf 01 -0.938  0.865  1.276 8
0288 pf 02 -1.026  1.615  1.913 7
0288 pf 03 -0.425  0.562  0.705 7
0288 pf 04 -1.508  0.738  1.679 8
0288 pf 05 -0.780  0.417  0.885 8
0288 pf 06 -0.904  1.459  1.716 7
0288 pf 07 -0.443  0.597  0.743 7
0288 pf 08 -1.536  1.660  2.261 7
0288 pf 09 -1.438  1.017  1.761 8
0288 pf 10 -1.349  1.546  2.052 7
0312 em 00 -1.246  0.893  1.533 8
0312 cf 00 -1.221  0.951  1.548 8
0312 pf 01 -1.359  0.641  1.503 8
0312 pf 02 -1.400  1.401  1.981 7
0312 pf 03 -0.351  0.537  0.642 7
0312 pf 04 -1.596  0.925  1.845 8
0312 pf 05 -0.784  0.190  0.807 8
0312 pf 06 -1.293  1.304  1.837 7
0312 pf 07 -0.510  0.200  0.548 8
0312 pf 08 -1.959  1.384  2.399 8
0312 pf 09 -1.502  0.717  1.664 8
0312 pf 10 -1.595  1.454  2.159 8
0336 em 00 -1.418  0.778  1.617 8
0336 cf 00 -1.490  0.685  1.640 8
0336 pf 01 -1.539  0.686  1.685 8
0336 pf 02 -1.733  1.103  2.055 8
0336 pf 03 -0.370  0.848  0.925 7
0336 pf 04 -1.726  0.679  1.854 8
0336 pf 05 -0.655  0.425  0.781 8
0336 pf 06 -1.818  1.103  2.126 8
0336 pf 07 -0.378  0.078  0.386 8
0336 pf 08 -2.151  1.258  2.492 8
0336 pf 09 -1.482  0.415  1.539 8
0336 pf 10 -2.076  1.183  2.390 8
0360 em 00 -1.510  0.732  1.678 8
0360 cf 00 -1.891  0.410  1.934 8
0360 pf 01 -1.446  0.948  1.729 8
0360 pf 02 -2.111  0.987  2.330 8
0360 pf 03 -0.697  0.949  1.177 7
0360 pf 04 -1.659  0.490  1.730 8
0360 pf 05 -0.631  0.782  1.004 7
0360 pf 06 -2.321  0.878  2.482 8
0360 pf 07 -0.544 -0.007  0.544 1
0360 pf 08 -2.077  1.105  2.353 8
0360 pf 09 -1.222  0.171  1.233 8
0360 pf 10 -1.807  1.262  2.204 8
0384 em 00 -1.465  0.657  1.606 8
0384 cf 00 -1.942  0.101  1.945 8
0384 pf 01 -1.356  0.844  1.597 8
0384 pf 02 -2.411  0.946  2.590 8
0384 pf 03 -0.907  1.035  1.377 7
0384 pf 04 -1.433  0.379  1.482 8
0384 pf 05 -0.483  0.846  0.974 7
0384 pf 06 -2.476  0.773  2.594 8
0384 pf 07 -0.465 -0.070  0.471 1
0384 pf 08 -2.062  0.874  2.240 8
0384 pf 09 -0.848  0.037  0.848 8
0384 pf 10 -1.550  1.414  2.098 8
0408 em 00 -1.390  0.555  1.497 8
0408 cf 00 -1.638 -0.268  1.660 1
0408 pf 01 -1.487  0.835  1.706 8
0408 pf 02 -2.104  0.925  2.299 8
0408 pf 03 -0.951  0.883  1.298 8
0408 pf 04 -1.445  0.509  1.532 8
0408 pf 05 -0.475  0.540  0.719 7
0408 pf 06 -2.533  0.287  2.549 8
0408 pf 07 -0.205  0.509  0.549 7
0408 pf 08 -2.089  0.534  2.157 8
0408 pf 09 -0.567 -0.238  0.615 1
0408 pf 10 -1.618  1.522  2.221 8
0432 em 00 -1.308  0.445  1.381 8
0432 cf 00 -1.480 -0.612  1.601 1
0432 pf 01 -1.655  0.944  1.905 8
0432 pf 02 -1.746  0.537  1.826 8
0432 pf 03 -1.302  0.719  1.487 8
0432 pf 04 -1.342  0.258  1.367 8
0432 pf 05 -0.622  0.283  0.684 8
0432 pf 06 -2.604 -0.094  2.606 1
0432 pf 07 -0.002  0.822  0.822 7
0432 pf 08 -1.803  0.594  1.898 8
0432 pf 09  0.030 -0.448  0.449 3
0432 pf 10 -1.675  1.834  2.484 7
0456 em 00 -1.272  0.245  1.296 8
0456 cf 00 -1.387 -0.877  1.641 1
0456 pf 01 -1.797  0.793  1.964 8
0456 pf 02 -1.589  0.332  1.623 8
0456 pf 03 -1.441  0.214  1.456 8
0456 pf 04 -1.132  0.114  1.138 8
0456 pf 05 -1.064  0.108  1.070 8
0456 pf 06 -2.698 -0.408  2.729 1
0456 pf 07  0.092  0.868  0.873 6
0456 pf 08 -1.465  0.078  1.467 8
0456 pf 09  0.256 -0.145  0.294 4
0456 pf 10 -1.580  1.574  2.230 8
0480 em 00 -1.155  0.139  1.164 8
0480 cf 00 -0.792 -0.961  1.245 2
0480 pf 01 -1.503  0.756  1.682 8
0480 pf 02 -1.605  0.379  1.649 8
0480 pf 03 -1.302  0.061  1.304 8
0480 pf 04 -0.824 -0.298  0.876 1
0480 pf 05 -1.351 -0.059  1.352 1
0480 pf 06 -2.726 -0.776  2.835 1
0480 pf 07 -0.061  1.112  1.114 7
0480 pf 08 -1.140 -0.209  1.160 1
0480 pf 09  0.199 -0.058  0.208 4
0480 pf 10 -1.431  1.555  2.114 7
0504 em 00 -0.955  0.056  0.956 8
0504 cf 00 -0.430 -1.090  1.172 2
0504 pf 01 -1.260  0.193  1.275 8
0504 pf 02 -1.312  0.601  1.443 8
0504 pf 03 -1.142 -0.071  1.145 1
0504 pf 04 -0.771 -0.320  0.835 1
0504 pf 05 -1.380 -0.159  1.389 1
0504 pf 06 -2.466 -0.979  2.653 1
0504 pf 07 -0.024  1.195  1.195 7
0504 pf 08 -0.401 -0.256  0.476 1
0504 pf 09  0.448  0.027  0.449 5
0504 pf 10 -1.607  1.469  2.177 8
0528 em 00 -0.731  0.002  0.731 8
0528 cf 00 -0.329 -0.897  0.956 2
0528 pf 01 -0.571 -0.284  0.638 1
0528 pf 02 -1.093  0.707  1.302 8
0528 pf 03 -0.966 -0.008  0.966 1
0528 pf 04 -0.847 -0.389  0.932 1
0528 pf 05 -0.935 -0.341  0.995 1
0528 pf 06 -2.384 -1.399  2.764 1
0528 pf 07 -0.038  1.025  1.026 7
0528 pf 08 -0.017 -0.152  0.153 2
0528 pf 09  0.788  0.379  0.874 5
0528 pf 10 -1.502  1.408  2.059 8
0552 em 00 -0.604 -0.036  0.606 1
0552 cf 00 -0.153 -0.746  0.761 2
0552 pf 01 -0.130 -0.271  0.300 2
0552 pf 02 -1.113  0.814  1.379 8
0552 pf 03 -0.885 -0.089  0.889 1
0552 pf 04 -1.026 -0.189  1.043 1
0552 pf 05 -0.892 -0.726  1.150 1
0552 pf 06 -1.987 -1.746  2.645 1
0552 pf 07  0.072  0.725  0.729 6
0552 pf 08  0.142  0.050  0.151 5
0552 pf 09  0.965  0.686  1.184 5
0552 pf 10 -1.525  1.181  1.929 8
0576 em 00 -0.489 -0.182  0.521 1
0576 cf 00 -0.146 -0.778  0.791 2
0576 pf 01 -0.028 -0.509  0.509 2
0576 pf 02 -1.473  0.450  1.540 8
0576 pf 03 -0.692 -0.391  0.795 1
0576 pf 04 -0.820 -0.287  0.869 1
0576 pf 05 -0.713 -0.913  1.159 2
0576 pf 06 -1.729 -1.647  2.388 1
0576 pf 07  0.226  0.420  0.477 6
0576 pf 08  0.345  0.507  0.613 6
0576 pf 09  1.073  0.539  1.201 5
0576 pf 10 -1.326  0.724  1.511 8
0600 em 00 -0.418 -0.244  0.484 1
0600 cf 00 -0.331 -0.624  0.706 2
0600 pf 01 -0.043 -0.838  0.839 2
0600 pf 02 -1.484  0.193  1.496 8
0600 pf 03 -0.430 -0.665  0.791 2
0600 pf 04 -0.657 -0.353  0.746 1
0600 pf 05 -0.603 -1.194  1.337 2
0600 pf 06 -1.208 -1.490  1.918 2
0600 pf 07  0.089  0.300  0.313 6
0600 pf 08  0.298  0.653  0.717 6
0600 pf 09  0.822  0.799  1.146 5
0600 pf 10 -0.986  0.655  1.184 8
0624 em 00 -0.437 -0.245  0.501 1
0624 cf 00 -0.284 -0.496  0.571 2
0624 pf 01 -0.188 -0.783  0.805 2
0624 pf 02 -1.458  0.035  1.459 8
0624 pf 03 -0.294 -1.132  1.169 2
0624 pf 04 -0.632 -0.351  0.723 1
0624 pf 05 -0.652 -0.945  1.148 2
0624 pf 06 -0.923 -1.285  1.582 2
0624 pf 07 -0.158  0.248  0.294 7
0624 pf 08  0.120  0.699  0.709 6
0624 pf 09  0.548  0.908  1.060 6
0624 pf 10 -0.824  0.521  0.975 8
0648 em 00 -0.344 -0.183  0.390 1
0648 cf 00  0.021 -0.423  0.423 3
0648 pf 01 -0.125 -0.673  0.684 2
0648 pf 02 -1.121 -0.308  1.162 1
0648 pf 03 -0.265 -1.093  1.125 2
0648 pf 04 -0.598 -0.308  0.673 1
0648 pf 05 -0.556 -0.925  1.079 2
0648 pf 06 -0.503 -1.268  1.364 2
0648 pf 07 -0.008  0.214  0.215 7
0648 pf 08 -0.186  1.151  1.166 7
0648 pf 09  0.318  1.178  1.220 6
0648 pf 10 -0.727  0.553  0.914 8
0672 em 00 -0.285 -0.133  0.315 1
0672 cf 00  0.175 -0.377  0.416 3
0672 pf 01  0.233 -0.408  0.469 3
0672 pf 02 -1.094 -0.399  1.164 1
0672 pf 03  0.190 -0.973  0.991 3
0672 pf 04 -0.954 -0.447  1.053 1
0672 pf 05 -0.553 -0.969  1.116 2
0672 pf 06 -0.444 -1.175  1.256 2
0672 pf 07  0.370  0.153  0.401 5
0672 pf 08 -0.527  1.379  1.476 7
0672 pf 09 -0.043  1.210  1.211 7
0672 pf 10 -0.480  0.622  0.786 7
0696 em 00 -0.330 -0.014  0.330 1
0696 cf 00  0.138  0.127  0.187 5
0696 pf 01  0.365  0.109  0.381 5
0696 pf 02 -1.352 -0.452  1.426 1
0696 pf 03  0.849 -0.872  1.217 3
0696 pf 04 -0.874 -0.720  1.132 1
0696 pf 05 -0.558 -0.821  0.992 2
0696 pf 06 -0.725 -1.185  1.390 2
0696 pf 07  0.606  0.197  0.637 5
0696 pf 08 -0.836  1.418  1.646 7
0696 pf 09 -0.711  1.437  1.604 7
0696 pf 10 -0.548  0.673  0.868 7
0720 em 00 -0.422  0.113  0.436 8
0720 cf 00 -0.054  0.520  0.523 7
0720 pf 01  0.340  0.546  0.643 6
0720 pf 02 -1.259 -0.293  1.292 1
0720 pf 03  1.116 -1.061  1.540 4
0720 pf 04 -0.829 -0.852  1.189 2
0720 pf 05 -0.415 -0.287  0.505 1
0720 pf 06 -0.857 -0.986  1.306 2
0720 pf 07  0.553  0.346  0.652 5
0720 pf 08 -1.312  1.544  2.027 7
0720 pf 09 -1.124  1.386  1.785 7
0720 pf 10 -0.804  0.410  0.903 8
0744 em 00 -0.536  0.238  0.587 8
0744 cf 00 -0.172  0.673  0.694 7
0744 pf 01 -0.217  0.808  0.836 7
0744 pf 02 -1.191 -0.200  1.208 1
0744 pf 03  1.468 -0.955  1.752 4
0744 pf 04 -0.735 -0.830  1.108 2
0744 pf 05 -0.413 -0.039  0.414 1
0744 pf 06 -0.988 -0.503  1.109 1
0744 pf 07  0.417  0.599  0.730 6
0744 pf 08 -1.650  1.601  2.299 8
0744 pf 09 -1.486  1.267  1.952 8
0744 pf 10 -0.931  0.211  0.955 8
0768 em 00 -0.544  0.235  0.592 8
0768 cf 00 -0.352  0.574  0.673 7
0768 pf 01 -0.564  0.882  1.047 7
0768 pf 02 -0.910 -0.364  0.980 1
0768 pf 03  1.707 -0.498  1.778 4
0768 pf 04 -0.459 -0.920  1.028 2
0768 pf 05 -0.306  0.214  0.373 8
0768 pf 06 -0.951 -0.447  1.051 1
0768 pf 07  0.208  0.761  0.789 6
0768 pf 08 -2.038  1.483  2.521 8
0768 pf 09 -1.773  0.748  1.924 8
0768 pf 10 -0.565  0.143  0.582 8
0792 em 00 -0.519  0.159  0.542 8
0792 cf 00 -0.650  0.612  0.893 8
0792 pf 01 -0.628  1.034  1.210 7
0792 pf 02 -0.678 -0.711  0.983 2
0792 pf 03  1.870 -0.237  1.885 4
0792 pf 04 -0.324 -1.157  1.201 2
0792 pf 05  0.126  0.471  0.487 6
0792 pf 06 -0.898 -0.692  1.133 1
0792 pf 07  0.035  0.819  0.819 6
0792 pf 08 -2.386  0.946  2.567 8
0792 pf 09 -1.472  0.689  1.626 8
0792 pf 10 -0.751 -0.059  0.753 1
0816 em 00 -0.580  0.081  0.586 8
0816 cf 00 -0.776  0.530  0.940 8
0816 pf 01 -1.036  0.843  1.336 8
0816 pf 02 -0.822 -1.109  1.380 2
0816 pf 03  1.777  0.029  1.777 5
0816 pf 04  0.053 -0.993  0.994 3
0816 pf 05  0.134  0.529  0.546 6
0816 pf 06 -1.092 -0.728  1.312 1
0816 pf 07 -0.048  0.958  0.959 7
0816 pf 08 -2.552  0.610  2.624 8
0816 pf 09 -1.203  0.383  1.263 8
0816 pf 10 -0.879 -0.195  0.900 1
0840 em 00 -0.577  0.002  0.577 8
0840 cf 00 -0.668  0.405  0.781 8
0840 pf 01 -1.603  0.751  1.771 8
0840 pf 02 -0.828 -1.416  1.641 2
0840 pf 03  1.654  0.739  1.812 5
0840 pf 04  0.256 -0.807  0.847 3
0840 pf 05  0.203  0.515  0.553 6
0840 pf 06 -1.078 -0.857  1.377 1
0840 pf 07  0.062  0.669  0.672 6
0840 pf 08 -2.642  0.123  2.645 8
0840 pf 09 -0.693  0.275  0.745 8
0840 pf 10 -1.053 -0.395  1.125 1
0864 em 00 -0.586 -0.062  0.589 1
0864 cf 00 -0.579  0.131  0.593 8
0864 pf 01 -1.565  0.488  1.640 8
0864 pf 02 -0.697 -1.911  2.034 2
0864 pf 03  1.191  1.153  1.657 5
0864 pf 04  0.442 -0.381  0.584 4
0864 pf 05  0.133  0.642  0.655 6
0864 pf 06 -1.204 -0.927  1.520 1
0864 pf 07 -0.023  0.598  0.599 7
0864 pf 08 -2.592 -0.319  2.612 1
0864 pf 09 -0.386  0.302  0.490 8
0864 pf 10 -1.179 -0.467  1.268 1
0888 em 00 -0.509 -0.199  0.546 1
0888 cf 00 -0.615  0.200  0.646 8
0888 pf 01 -1.693  0.262  1.713 8
0888 pf 02 -0.576 -2.323  2.393 2
0888 pf 03  0.575  1.000  1.153 6
0888 pf 04  0.547 -0.339  0.644 4
0888 pf 05  0.036  0.434  0.435 6
0888 pf 06 -1.045 -0.799  1.316 1
0888 pf 07  0.482  0.679  0.833 6
0888 pf 08 -2.373 -0.867  2.526 1
0888 pf 09  0.036  0.493  0.495 6
0888 pf 10 -0.982 -0.940  1.360 1
0912 em 00 -0.329 -0.256  0.417 1
0912 cf 00 -0.339  0.439  0.555 7
0912 pf 01 -1.878 -0.016  1.878 1
0912 pf 02 -0.227 -2.737  2.746 2
0912 pf 03  0.236  1.105  1.130 6
0912 pf 04  0.333 -0.331  0.470 4
0912 pf 05  0.153  0.438  0.464 6
0912 pf 06 -0.691 -0.856  1.100 2
0912 pf 07  0.950  0.821  1.255 5
0912 pf 08 -1.971 -0.934  2.181 1
0912 pf 09  0.507  0.364  0.624 5
0912 pf 10 -0.723 -1.112  1.326 2
0936 em 00 -0.310 -0.358  0.474 2
0936 cf 00 -0.015  0.530  0.530 7
0936 pf 01 -1.884 -0.326  1.912 1
0936 pf 02  0.032 -2.946  2.947 3
0936 pf 03 -0.211  1.354  1.370 7
0936 pf 04  0.268 -0.378  0.463 3
0936 pf 05  0.077  0.478  0.484 6
0936 pf 06 -0.478 -0.963  1.075 2
0936 pf 07  0.946  0.862  1.280 5
0936 pf 08 -1.867 -1.148  2.191 1
0936 pf 09  0.484  0.158  0.509 5
0936 pf 10 -0.792 -1.571  1.759 2
0960 em 00 -0.280 -0.281  0.397 2
0960 cf 00  0.169  0.212  0.271 6
0960 pf 01 -1.900 -0.631  2.002 1
0960 pf 02  0.224 -2.879  2.888 3
0960 pf 03 -0.770  1.366  1.568 7
0960 pf 04  0.113 -0.123  0.167 3
0960 pf 05  0.069  0.580  0.584 6
0960 pf 06 -0.109 -0.695  0.704 2
0960 pf 07  0.864  1.154  1.441 6
0960 pf 08 -1.623 -0.896  1.854 1
0960 pf 09  0.580  0.131  0.594 5
0960 pf 10 -0.724 -1.330  1.515 2
0984 em 00 -0.269 -0.307  0.408 2
0984 cf 00  0.114  0.036  0.119 5
0984 pf 01 -1.804 -1.153  2.141 1
0984 pf 02 -0.028 -2.887  2.887 2
0984 pf 03 -1.072  1.151  1.573 7
0984 pf 04 -0.079  0.188  0.204 7
0984 pf 05 -0.177  0.396  0.434 7
0984 pf 06 -0.087 -0.433  0.442 2
0984 pf 07  1.214  1.548  1.967 6
0984 pf 08 -1.147 -0.921  1.471 1
0984 pf 09  0.694  0.059  0.696 5
0984 pf 10 -0.616 -1.377  1.509 2
1008 em 00 -0.202 -0.212  0.293 2
1008 cf 00 -0.169  0.077  0.186 8
1008 pf 01 -1.759 -1.437  2.272 1
1008 pf 02 -0.100 -2.704  2.706 2
1008 pf 03 -0.993  0.879  1.326 8
1008 pf 04 -0.300  0.678  0.741 7
1008 pf 05 -0.100  0.677  0.684 7
1008 pf 06 -0.018 -0.282  0.282 2
1008 pf 07  1.130  1.715  2.054 6
1008 pf 08 -0.428 -0.621  0.754 2
1008 pf 09  0.919  0.149  0.931 5
1008 pf 10 -0.432 -1.488  1.549 2
1032 em 00 -0.264 -0.035  0.266 1
1032 cf 00 -0.274  0.556  0.620 7
1032 pf 01 -1.921 -1.680  2.552 1
1032 pf 02 -0.263 -2.367  2.381 2
1032 pf 03 -0.998  0.838  1.303 8
1032 pf 04 -0.552  0.862  1.023 7
1032 pf 05 -0.085  0.695  0.701 7
1032 pf 06  0.013 -0.041  0.043 3
1032 pf 07  0.780  1.660  1.834 6
1032 pf 08 -0.120 -0.188  0.223 2
1032 pf 09  0.976  0.641  1.168 5
1032 pf 10 -0.471 -1.380  1.458 2
1056 em 00 -0.327  0.012  0.327 8
1056 cf 00 -0.346  0.427  0.550 7
1056 pf 01 -1.774 -1.788  2.519 2
1056 pf 02 -0.130 -1.962  1.967 2
1056 pf 03 -1.380  0.749  1.570 8
1056 pf 04 -0.838  0.602  1.031 8
1056 pf 05 -0.128  0.222  0.256 7
1056 pf 06 -0.349  0.009  0.349 8
1056 pf 07  0.242  1.594  1.613 6
1056 pf 08  0.225  0.372  0.435 6
1056 pf 09  1.155  1.182  1.652 6
1056 pf 10 -0.246 -1.305  1.328 2
1080 em 00 -0.342  0.021  0.342 8
1080 cf 00 -0.504  0.459  0.682 8
1080 pf 01 -1.429 -2.022  2.476 2
1080 pf 02  0.083 -2.101  2.102 3
1080 pf 03 -1.361  0.496  1.448 8
1080 pf 04 -0.764  0.326  0.830 8
1080 pf 05  0.295  0.249  0.386 5
1080 pf 06 -0.788 -0.033  0.789 1
1080 pf 07 -0.287  1.733  1.756 7
1080 pf 08  0.118  0.888  0.896 6
1080 pf 09  1.217  1.580  1.994 6
1080 pf 10 -0.318 -1.352  1.389 2
1104 em 00 -0.411 -0.003  0.411 1
1104 cf 00 -0.746  0.313  0.809 8
1104 pf 01 -1.001 -1.994  2.231 2
1104 pf 02  0.257 -1.875  1.893 3
1104 pf 03 -1.141  0.473  1.235 8
1104 pf 04 -0.757 -0.106  0.764 1
1104 pf 05  0.611  0.162  0.632 5
1104 pf 06 -1.043 -0.192  1.061 1
1104 pf 07 -0.616  1.906  2.003 7
1104 pf 08 -0.361  0.872  0.944 7
1104 pf 09  0.830  1.509  1.722 6
1104 pf 10 -0.535 -1.102  1.225 2
