ecmf prod rf 2002031500 20210315 11 046
0024 em 00 -0.576 -1.324  1.444 2
0024 cf 00 -0.554 -1.354  1.463 2
0024 pf 01 -0.452 -1.441  1.510 2
0024 pf 02 -0.570 -1.306  1.425 2
0024 pf 03 -0.585 -1.101  1.247 2
0024 pf 04 -0.667 -1.303  1.464 2
0024 pf 05 -0.644 -1.502  1.634 2
0024 pf 06 -0.433 -1.311  1.380 2
0024 pf 07 -0.637 -1.208  1.366 2
0024 pf 08 -0.555 -1.373  1.480 2
0024 pf 09 -0.581 -1.315  1.438 2
0024 pf 10 -0.502 -1.331  1.422 2
0048 em 00 -0.688 -1.547  1.693 2
0048 cf 00 -0.640 -1.564  1.690 2
0048 pf 01 -0.545 -1.749  1.832 2
0048 pf 02 -0.673 -1.411  1.563 2
0048 pf 03 -0.797 -1.072  1.335 2
0048 pf 04 -0.843 -1.759  1.950 2
0048 pf 05 -0.530 -1.748  1.827 2
0048 pf 06 -0.518 -1.393  1.486 2
0048 pf 07 -0.862 -1.512  1.741 2
0048 pf 08 -0.678 -1.634  1.769 2
0048 pf 09 -0.655 -1.581  1.711 2
0048 pf 10 -0.667 -1.548  1.685 2
0072 em 00 -0.865 -1.670  1.881 2
0072 cf 00 -0.851 -1.647  1.854 2
0072 pf 01 -0.747 -1.680  1.838 2
0072 pf 02 -0.767 -1.273  1.486 2
0072 pf 03 -1.087 -1.272  1.674 2
0072 pf 04 -1.044 -1.907  2.174 2
0072 pf 05 -0.472 -1.806  1.867 2
0072 pf 06 -0.656 -1.585  1.716 2
0072 pf 07 -1.109 -1.794  2.109 2
0072 pf 08 -1.018 -1.902  2.157 2
0072 pf 09 -0.768 -1.768  1.927 2
0072 pf 10 -0.787 -1.658  1.835 2
0096 em 00 -0.843 -1.753  1.945 2
0096 cf 00 -0.862 -1.808  2.003 2
0096 pf 01 -0.681 -1.616  1.753 2
0096 pf 02 -0.885 -1.310  1.581 2
0096 pf 03 -1.120 -1.528  1.895 2
0096 pf 04 -0.978 -2.162  2.373 2
0096 pf 05 -0.357 -1.746  1.782 2
0096 pf 06 -0.713 -1.610  1.761 2
0096 pf 07 -1.073 -1.856  2.144 2
0096 pf 08 -0.799 -2.080  2.228 2
0096 pf 09 -0.704 -1.906  2.032 2
0096 pf 10 -0.881 -1.554  1.787 2
0120 em 00 -0.528 -1.555  1.642 2
0120 cf 00 -0.587 -1.634  1.736 2
0120 pf 01 -0.289 -1.122  1.159 2
0120 pf 02 -0.727 -1.091  1.311 2
0120 pf 03 -0.873 -1.430  1.676 2
0120 pf 04 -0.748 -1.881  2.024 2
0120 pf 05 -0.230 -1.402  1.421 2
0120 pf 06 -0.497 -1.278  1.371 2
0120 pf 07 -0.631 -1.999  2.096 2
0120 pf 08 -0.377 -2.051  2.085 2
0120 pf 09 -0.129 -1.943  1.947 2
0120 pf 10 -0.530 -1.171  1.286 2
0144 em 00 -0.438 -1.507  1.570 2
0144 cf 00 -0.593 -1.624  1.729 2
0144 pf 01 -0.308 -1.050  1.094 2
0144 pf 02 -0.744 -1.154  1.373 2
0144 pf 03 -0.601 -1.379  1.504 2
0144 pf 04 -0.564 -1.808  1.894 2
0144 pf 05 -0.433 -1.276  1.348 2
0144 pf 06 -0.452 -1.338  1.412 2
0144 pf 07 -0.527 -1.933  2.003 2
0144 pf 08  0.047 -1.985  1.985 3
0144 pf 09  0.053 -1.849  1.850 3
0144 pf 10 -0.515 -1.084  1.201 2
0168 em 00 -0.303 -1.424  1.456 2
0168 cf 00 -0.438 -1.433  1.499 2
0168 pf 01 -0.058 -1.034  1.036 2
0168 pf 02 -0.655 -1.174  1.344 2
0168 pf 03 -0.449 -1.139  1.225 2
0168 pf 04 -0.361 -1.756  1.793 2
0168 pf 05 -0.749 -1.090  1.322 2
0168 pf 06 -0.283 -1.151  1.185 2
0168 pf 07 -0.342 -1.818  1.850 2
0168 pf 08  0.375 -1.980  2.015 3
0168 pf 09  0.178 -1.905  1.914 3
0168 pf 10 -0.379 -1.070  1.135 2
0192 em 00 -0.081 -1.427  1.429 2
0192 cf 00 -0.316 -1.489  1.522 2
0192 pf 01  0.086 -1.106  1.109 3
0192 pf 02 -0.171 -1.236  1.248 2
0192 pf 03 -0.190 -1.259  1.273 2
0192 pf 04 -0.082 -1.790  1.792 2
0192 pf 05 -0.550 -0.971  1.116 2
0192 pf 06 -0.109 -1.438  1.442 2
0192 pf 07  0.100 -1.680  1.683 3
0192 pf 08  0.464 -1.540  1.609 3
0192 pf 09  0.171 -1.883  1.890 3
0192 pf 10 -0.158 -1.152  1.163 2
0216 em 00  0.107 -1.409  1.413 3
0216 cf 00 -0.275 -1.557  1.581 2
0216 pf 01  0.209 -1.264  1.281 3
0216 pf 02  0.221 -1.426  1.443 3
0216 pf 03 -0.117 -1.318  1.324 2
0216 pf 04  0.093 -1.643  1.646 3
0216 pf 05 -0.384 -0.746  0.839 2
0216 pf 06  0.259 -1.157  1.185 3
0216 pf 07  0.052 -1.870  1.871 3
0216 pf 08  0.571 -1.487  1.593 3
0216 pf 09  0.705 -1.580  1.730 3
0216 pf 10 -0.052 -1.277  1.278 2
0240 em 00  0.220 -1.321  1.339 3
0240 cf 00 -0.096 -1.593  1.596 2
0240 pf 01  0.171 -1.239  1.250 3
0240 pf 02  0.281 -1.409  1.436 3
0240 pf 03  0.075 -1.248  1.250 3
0240 pf 04  0.450 -1.469  1.537 3
0240 pf 05 -0.185 -0.718  0.741 2
0240 pf 06  0.302 -0.853  0.905 3
0240 pf 07  0.088 -1.841  1.843 3
0240 pf 08  0.501 -1.395  1.482 3
0240 pf 09  1.320 -1.272  1.833 4
0240 pf 10 -0.406 -1.292  1.355 2
0264 em 00  0.296 -1.275  1.309 3
0264 cf 00 -0.069 -1.598  1.599 2
0264 pf 01  0.253 -1.219  1.245 3
0264 pf 02  0.409 -1.180  1.249 3
0264 pf 03  0.162 -1.411  1.421 3
0264 pf 04  0.634 -1.632  1.751 3
0264 pf 05 -0.109 -0.844  0.851 2
0264 pf 06  0.012 -0.417  0.417 3
0264 pf 07  0.310 -1.686  1.714 3
0264 pf 08  0.624 -1.516  1.639 3
0264 pf 09  1.625 -1.097  1.960 4
0264 pf 10 -0.549 -1.218  1.336 2
0288 em 00  0.448 -1.161  1.244 3
0288 cf 00  0.055 -1.541  1.542 3
0288 pf 01  0.019 -1.169  1.169 3
0288 pf 02  0.437 -0.917  1.016 3
0288 pf 03  0.287 -1.242  1.275 3
0288 pf 04  0.717 -1.211  1.407 3
0288 pf 05  0.038 -0.964  0.965 3
0288 pf 06 -0.052 -0.318  0.322 2
0288 pf 07  0.471 -1.756  1.818 3
0288 pf 08  1.114 -1.595  1.945 3
0288 pf 09  1.883 -0.787  2.041 4
0288 pf 10 -0.052 -1.068  1.070 2
0312 em 00  0.454 -1.038  1.133 3
0312 cf 00  0.168 -1.329  1.340 3
0312 pf 01  0.017 -1.351  1.351 3
0312 pf 02  0.578 -0.651  0.870 3
0312 pf 03  0.160 -1.211  1.221 3
0312 pf 04  1.022 -0.834  1.319 4
0312 pf 05  0.049 -1.146  1.147 3
0312 pf 06 -0.303 -0.077  0.312 1
0312 pf 07  0.530 -1.787  1.864 3
0312 pf 08  0.972 -1.475  1.767 3
0312 pf 09  1.639 -0.318  1.669 4
0312 pf 10  0.139 -1.046  1.055 3
0336 em 00  0.482 -0.958  1.073 3
0336 cf 00  0.425 -1.238  1.309 3
0336 pf 01 -0.039 -1.592  1.592 2
0336 pf 02  0.500 -0.455  0.676 4
0336 pf 03  0.049 -1.203  1.204 3
0336 pf 04  0.862 -0.889  1.238 3
0336 pf 05  0.289 -0.791  0.842 3
0336 pf 06 -0.418  0.097  0.429 8
0336 pf 07  0.774 -1.887  2.040 3
0336 pf 08  0.880 -1.267  1.542 3
0336 pf 09  1.548  0.031  1.548 5
0336 pf 10  0.403 -1.149  1.218 3
0360 em 00  0.484 -0.936  1.053 3
0360 cf 00  0.707 -1.219  1.409 3
0360 pf 01  0.374 -1.812  1.850 3
0360 pf 02  0.576 -0.138  0.592 4
0360 pf 03 -0.251 -1.198  1.224 2
0360 pf 04  0.409 -1.148  1.219 3
0360 pf 05  0.381 -0.478  0.611 3
0360 pf 06 -0.806  0.190  0.829 8
0360 pf 07  1.191 -1.745  2.113 3
0360 pf 08  0.757 -1.242  1.455 3
0360 pf 09  1.301  0.099  1.305 5
0360 pf 10  0.644 -1.447  1.584 3
0384 em 00  0.411 -0.911  0.999 3
0384 cf 00  0.910 -1.166  1.479 3
0384 pf 01  0.572 -1.901  1.985 3
0384 pf 02  0.420 -0.286  0.508 4
0384 pf 03 -0.410 -1.161  1.231 2
0384 pf 04 -0.102 -1.372  1.376 2
0384 pf 05  0.118 -0.268  0.293 3
0384 pf 06 -0.994  0.151  1.005 8
0384 pf 07  1.585 -1.528  2.201 4
0384 pf 08  0.696 -0.970  1.194 3
0384 pf 09  0.865  0.306  0.918 5
0384 pf 10  0.861 -1.710  1.915 3
0408 em 00  0.363 -0.806  0.884 3
0408 cf 00  1.136 -0.759  1.367 4
0408 pf 01  0.738 -1.729  1.880 3
0408 pf 02  0.219 -0.621  0.659 3
0408 pf 03 -0.566 -1.119  1.254 2
0408 pf 04 -0.083 -1.503  1.505 2
0408 pf 05 -0.168 -0.203  0.264 2
0408 pf 06 -1.360  0.193  1.374 8
0408 pf 07  1.664 -1.250  2.081 4
0408 pf 08  0.682 -0.909  1.136 3
0408 pf 09  0.369  0.628  0.728 6
0408 pf 10  1.377 -1.511  2.044 3
0432 em 00  0.342 -0.788  0.859 3
0432 cf 00  1.407 -0.493  1.491 4
0432 pf 01  0.573 -1.997  2.078 3
0432 pf 02  0.088 -0.700  0.706 3
0432 pf 03 -0.626 -1.195  1.349 2
0432 pf 04  0.137 -1.631  1.637 3
0432 pf 05 -0.207 -0.208  0.293 2
0432 pf 06 -1.448 -0.038  1.449 1
0432 pf 07  1.708 -1.056  2.008 4
0432 pf 08  0.424 -0.703  0.821 3
0432 pf 09  0.057  0.641  0.643 6
0432 pf 10  1.684 -1.228  2.084 4
0456 em 00  0.286 -0.776  0.827 3
0456 cf 00  1.220 -0.423  1.291 4
0456 pf 01  0.791 -1.771  1.939 3
0456 pf 02  0.249 -0.705  0.748 3
0456 pf 03 -0.315 -1.240  1.279 2
0456 pf 04  0.446 -1.544  1.608 3
0456 pf 05 -0.441 -0.289  0.527 1
0456 pf 06 -1.311 -0.150  1.320 1
0456 pf 07  1.458 -1.089  1.819 4
0456 pf 08  0.096 -0.707  0.713 3
0456 pf 09 -0.524  0.583  0.783 7
0456 pf 10  1.569 -1.114  1.925 4
0480 em 00  0.254 -0.805  0.844 3
0480 cf 00  1.093 -0.523  1.212 4
0480 pf 01  0.954 -1.653  1.908 3
0480 pf 02  0.381 -0.717  0.811 3
0480 pf 03 -0.170 -1.282  1.294 2
0480 pf 04  0.458 -1.451  1.522 3
0480 pf 05 -0.367 -0.214  0.424 1
0480 pf 06 -1.159 -0.633  1.321 1
0480 pf 07  1.425 -0.875  1.673 4
0480 pf 08 -0.012 -0.767  0.767 2
0480 pf 09 -0.973  0.327  1.027 8
0480 pf 10  1.265 -0.977  1.598 4
0504 em 00  0.272 -0.711  0.762 3
0504 cf 00  1.016 -0.361  1.078 4
0504 pf 01  1.145 -1.644  2.003 3
0504 pf 02  0.224 -0.644  0.682 3
0504 pf 03  0.380 -1.240  1.297 3
0504 pf 04  0.580 -1.170  1.306 3
0504 pf 05 -0.228 -0.245  0.334 2
0504 pf 06 -1.229 -0.954  1.555 1
0504 pf 07  1.233 -0.463  1.317 4
0504 pf 08  0.009 -0.554  0.554 3
0504 pf 09 -1.142  0.020  1.142 8
0504 pf 10  1.137 -0.484  1.236 4
0528 em 00  0.262 -0.703  0.750 3
0528 cf 00  0.707 -0.407  0.815 4
0528 pf 01  0.977 -1.489  1.781 3
0528 pf 02 -0.120 -0.798  0.807 2
0528 pf 03  0.645 -1.213  1.374 3
0528 pf 04  0.660 -0.970  1.173 3
0528 pf 05  0.029 -0.106  0.110 3
0528 pf 06 -0.824 -0.965  1.269 2
0528 pf 07  0.935 -0.082  0.939 4
0528 pf 08  0.003 -0.750  0.750 3
0528 pf 09 -1.307 -0.678  1.472 1
0528 pf 10  1.335 -0.133  1.341 4
0552 em 00  0.258 -0.622  0.673 3
0552 cf 00  0.401 -0.461  0.611 3
0552 pf 01  0.918 -1.182  1.497 3
0552 pf 02 -0.216 -0.671  0.705 2
0552 pf 03  1.135 -1.045  1.543 4
0552 pf 04  0.896 -0.962  1.315 3
0552 pf 05  0.032  0.156  0.160 6
0552 pf 06 -0.757 -0.719  1.044 1
0552 pf 07  0.414  0.127  0.433 5
0552 pf 08 -0.170 -0.784  0.803 2
0552 pf 09 -1.073 -1.246  1.644 2
0552 pf 10  1.411  0.097  1.415 5
0576 em 00  0.317 -0.632  0.707 3
0576 cf 00  0.404 -0.554  0.685 3
0576 pf 01  1.096 -0.900  1.418 4
0576 pf 02 -0.148 -0.679  0.695 2
0576 pf 03  1.348 -1.009  1.683 4
0576 pf 04  1.185 -1.032  1.572 4
0576 pf 05 -0.112  0.504  0.516 7
0576 pf 06 -0.505 -0.588  0.776 2
0576 pf 07  0.030  0.039  0.049 6
0576 pf 08 -0.297 -0.914  0.961 2
0576 pf 09 -0.724 -1.782  1.923 2
0576 pf 10  1.342  0.135  1.348 5
0600 em 00  0.375 -0.628  0.731 3
0600 cf 00  0.215 -0.649  0.684 3
0600 pf 01  1.034 -0.963  1.413 4
0600 pf 02 -0.135 -0.596  0.611 2
0600 pf 03  1.286 -1.002  1.630 4
0600 pf 04  1.408 -0.964  1.707 4
0600 pf 05 -0.335  0.576  0.666 7
0600 pf 06 -0.349 -0.688  0.772 2
0600 pf 07  0.118  0.111  0.162 5
0600 pf 08  0.003 -1.001  1.001 3
0600 pf 09 -0.280 -1.914  1.935 2
0600 pf 10  1.271  0.370  1.324 5
0624 em 00  0.411 -0.665  0.781 3
0624 cf 00 -0.069 -0.701  0.704 2
0624 pf 01  0.774 -1.327  1.536 3
0624 pf 02 -0.035 -0.611  0.612 2
0624 pf 03  1.151 -0.782  1.392 4
0624 pf 04  2.139 -0.529  2.203 4
0624 pf 05 -0.614  0.381  0.722 8
0624 pf 06 -0.208 -1.032  1.052 2
0624 pf 07  0.013 -0.020  0.023 3
0624 pf 08  0.132 -0.890  0.900 3
0624 pf 09  0.314 -2.106  2.129 3
0624 pf 10  1.019  0.529  1.148 5
0648 em 00  0.301 -0.668  0.733 3
0648 cf 00 -0.233 -0.589  0.633 2
0648 pf 01  0.554 -1.400  1.506 3
0648 pf 02 -0.079 -0.610  0.615 2
0648 pf 03  1.044 -0.823  1.329 4
0648 pf 04  2.239 -0.109  2.242 4
0648 pf 05 -1.160  0.316  1.202 8
0648 pf 06 -0.606 -1.197  1.341 2
0648 pf 07 -0.166 -0.401  0.434 2
0648 pf 08 -0.181 -0.759  0.780 2
0648 pf 09  1.060 -2.105  2.357 3
0648 pf 10  0.933  0.576  1.097 5
0672 em 00  0.321 -0.547  0.634 3
0672 cf 00  0.030 -0.490  0.490 3
0672 pf 01  0.440 -0.916  1.017 3
0672 pf 02 -0.160 -0.487  0.512 2
0672 pf 03  1.078 -0.844  1.369 4
0672 pf 04  2.022  0.259  2.038 5
0672 pf 05 -1.132  0.282  1.167 8
0672 pf 06 -0.522 -1.255  1.359 2
0672 pf 07 -0.242 -0.389  0.458 2
0672 pf 08 -0.337 -0.753  0.825 2
0672 pf 09  1.747 -1.923  2.598 3
0672 pf 10  0.680  0.789  1.042 6
0696 em 00  0.412 -0.466  0.622 3
0696 cf 00  0.422 -0.361  0.555 4
0696 pf 01  0.677 -0.698  0.972 3
0696 pf 02 -0.064 -0.273  0.281 2
0696 pf 03  0.744 -1.013  1.256 3
0696 pf 04  1.709  0.490  1.778 5
0696 pf 05 -1.075  0.369  1.137 8
0696 pf 06 -0.386 -1.213  1.273 2
0696 pf 07 -0.088 -0.334  0.345 2
0696 pf 08 -0.037 -0.678  0.679 2
0696 pf 09  2.254 -1.798  2.883 4
0696 pf 10  0.401  0.650  0.764 6
0720 em 00  0.406 -0.355  0.539 4
0720 cf 00  0.622 -0.277  0.681 4
0720 pf 01  0.483 -0.669  0.825 3
0720 pf 02 -0.239  0.059  0.246 8
0720 pf 03  0.629 -0.919  1.113 3
0720 pf 04  1.470  0.797  1.672 5
0720 pf 05 -0.965  0.156  0.978 8
0720 pf 06 -0.215 -1.069  1.091 2
0720 pf 07 -0.083 -0.374  0.383 2
0720 pf 08  0.416 -0.656  0.777 3
0720 pf 09  2.304 -1.360  2.675 4
0720 pf 10  0.022  0.637  0.637 6
0744 em 00  0.401 -0.310  0.507 4
0744 cf 00  0.710  0.036  0.711 5
0744 pf 01  0.084 -0.991  0.994 3
0744 pf 02 -0.314  0.043  0.316 8
0744 pf 03  0.648 -1.037  1.223 3
0744 pf 04  1.223  0.999  1.579 5
0744 pf 05 -0.587 -0.113  0.598 1
0744 pf 06 -0.219 -1.003  1.027 2
0744 pf 07  0.362 -0.477  0.599 3
0744 pf 08  0.600 -0.518  0.793 4
0744 pf 09  2.072 -0.943  2.276 4
0744 pf 10 -0.217  0.821  0.849 7
0768 em 00  0.433 -0.176  0.468 4
0768 cf 00  0.911  0.223  0.938 5
0768 pf 01 -0.337 -1.000  1.055 2
0768 pf 02 -0.474  0.093  0.483 8
0768 pf 03  0.752 -0.789  1.090 3
0768 pf 04  0.959  1.090  1.451 6
0768 pf 05 -0.261  0.165  0.309 8
0768 pf 06 -0.079 -1.102  1.104 2
0768 pf 07  0.724 -0.408  0.831 4
0768 pf 08  0.741 -0.444  0.864 4
0768 pf 09  2.044 -0.360  2.076 4
0768 pf 10 -0.255  0.783  0.824 7
0792 em 00  0.412 -0.094  0.423 4
0792 cf 00  0.908  0.550  1.061 5
0792 pf 01 -0.517 -1.155  1.265 2
0792 pf 02 -0.667 -0.100  0.675 1
0792 pf 03  0.685 -0.866  1.104 3
0792 pf 04  0.738  1.062  1.293 6
0792 pf 05 -0.197  0.614  0.645 7
0792 pf 06 -0.097 -1.141  1.145 2
0792 pf 07  0.884 -0.200  0.907 4
0792 pf 08  0.927 -0.509  1.058 4
0792 pf 09  2.158  0.271  2.175 5
0792 pf 10 -0.350  0.630  0.721 7
0816 em 00  0.361 -0.028  0.362 4
0816 cf 00  0.770  0.823  1.127 6
0816 pf 01 -0.514 -1.071  1.188 2
0816 pf 02 -0.796 -0.369  0.877 1
0816 pf 03  0.719 -0.467  0.858 4
0816 pf 04  0.548  0.977  1.121 6
0816 pf 05  0.133  0.959  0.968 6
0816 pf 06  0.000 -1.268  1.268 2
0816 pf 07  0.620 -0.231  0.662 4
0816 pf 08  0.801 -0.725  1.080 4
0816 pf 09  1.995  0.806  2.152 5
0816 pf 10 -0.372  0.442  0.578 7
0840 em 00  0.300 -0.037  0.302 4
0840 cf 00  0.622  0.837  1.043 6
0840 pf 01 -0.297 -1.183  1.220 2
0840 pf 02 -0.823 -0.316  0.882 1
0840 pf 03  0.768 -0.205  0.795 4
0840 pf 04  0.202  1.012  1.032 6
0840 pf 05  0.241  1.150  1.175 6
0840 pf 06 -0.071 -1.585  1.586 2
0840 pf 07  0.387 -0.478  0.615 3
0840 pf 08  0.901 -0.844  1.234 4
0840 pf 09  1.725  1.223  2.115 5
0840 pf 10 -0.447  0.157  0.474 8
0864 em 00  0.226  0.012  0.227 5
0864 cf 00  0.402  0.889  0.976 6
0864 pf 01 -0.246 -1.040  1.069 2
0864 pf 02 -0.789 -0.408  0.889 1
0864 pf 03  0.637  0.026  0.638 5
0864 pf 04 -0.177  1.044  1.059 7
0864 pf 05  0.374  0.953  1.024 6
0864 pf 06  0.155 -1.494  1.502 3
0864 pf 07  0.263 -0.294  0.394 3
0864 pf 08  1.016 -1.042  1.456 3
0864 pf 09  1.395  1.635  2.149 6
0864 pf 10 -0.656  0.047  0.657 8
0888 em 00  0.191  0.155  0.245 5
0888 cf 00  0.100  0.902  0.907 6
0888 pf 01 -0.140 -0.719  0.732 2
0888 pf 02 -0.705 -0.826  1.086 2
0888 pf 03  0.639  0.325  0.717 5
0888 pf 04 -0.107  0.967  0.973 7
0888 pf 05  0.501  0.951  1.075 6
0888 pf 06  0.165 -1.108  1.120 3
0888 pf 07  0.055 -0.072  0.091 3
0888 pf 08  1.149 -0.832  1.418 4
0888 pf 09  1.027  2.171  2.402 6
0888 pf 10 -0.705  0.085  0.710 8
0912 em 00  0.145  0.166  0.220 6
0912 cf 00 -0.095  0.932  0.937 7
0912 pf 01 -0.294 -0.432  0.523 2
0912 pf 02 -0.659 -1.191  1.361 2
0912 pf 03  0.642  0.581  0.866 5
0912 pf 04  0.070  0.593  0.597 6
0912 pf 05  0.419  0.881  0.976 6
0912 pf 06  0.159 -0.776  0.792 3
0912 pf 07  0.137  0.056  0.148 5
0912 pf 08  1.134 -0.906  1.451 4
0912 pf 09  0.468  1.951  2.007 6
0912 pf 10 -0.509  0.245  0.565 8
0936 em 00  0.074  0.137  0.155 6
0936 cf 00 -0.167  0.861  0.877 7
0936 pf 01 -0.395 -0.221  0.453 1
0936 pf 02 -0.391 -1.288  1.346 2
0936 pf 03  0.334  0.586  0.674 6
0936 pf 04  0.122  0.228  0.259 6
0936 pf 05  0.006  0.808  0.808 6
0936 pf 06  0.534 -0.732  0.906 3
0936 pf 07 -0.034  0.078  0.085 7
0936 pf 08  1.258 -0.595  1.392 4
0936 pf 09 -0.056  1.702  1.703 7
0936 pf 10 -0.528  0.181  0.558 8
0960 em 00 -0.143 -0.000  0.143 1
0960 cf 00 -0.254  0.709  0.753 7
0960 pf 01 -0.857 -0.371  0.933 1
0960 pf 02 -0.116 -1.588  1.592 2
0960 pf 03  0.085  0.283  0.296 6
0960 pf 04 -0.106  0.051  0.117 8
0960 pf 05 -0.511  0.700  0.867 7
0960 pf 06  0.614 -0.739  0.961 3
0960 pf 07 -0.437  0.168  0.468 8
0960 pf 08  1.135 -0.463  1.226 4
0960 pf 09 -0.312  1.271  1.309 7
0960 pf 10 -0.931  0.099  0.937 8
0984 em 00 -0.235 -0.052  0.241 1
0984 cf 00 -0.284  0.453  0.535 7
0984 pf 01 -0.979 -0.302  1.025 1
0984 pf 02  0.131 -1.435  1.441 3
0984 pf 03  0.169  0.302  0.346 6
0984 pf 04  0.086 -0.157  0.179 3
0984 pf 05 -0.823  0.765  1.124 8
0984 pf 06  0.614 -0.782  0.994 3
0984 pf 07 -0.444  0.106  0.456 8
0984 pf 08  0.711 -0.281  0.765 4
0984 pf 09 -0.751  1.094  1.327 7
0984 pf 10 -1.118 -0.210  1.138 1
1008 em 00 -0.284 -0.175  0.333 1
1008 cf 00 -0.463  0.260  0.531 8
1008 pf 01 -0.912 -0.402  0.997 1
1008 pf 02  0.462 -1.350  1.427 3
1008 pf 03  0.002  0.374  0.374 6
1008 pf 04  0.171 -0.238  0.293 3
1008 pf 05 -1.027  0.661  1.221 8
1008 pf 06  0.516 -0.682  0.855 3
1008 pf 07 -0.324 -0.348  0.476 2
1008 pf 08  0.437 -0.449  0.626 3
1008 pf 09 -1.083  0.732  1.307 8
1008 pf 10 -1.003 -0.335  1.058 1
1032 em 00 -0.273 -0.144  0.308 1
1032 cf 00 -0.686  0.341  0.766 8
1032 pf 01 -0.739 -0.401  0.841 1
1032 pf 02  0.584 -1.186  1.322 3
1032 pf 03  0.264  0.537  0.598 6
1032 pf 04  0.042 -0.144  0.150 3
1032 pf 05 -1.111  0.563  1.245 8
1032 pf 06  0.304 -0.231  0.382 4
1032 pf 07 -0.379 -0.621  0.727 2
1032 pf 08  0.429 -0.451  0.622 3
1032 pf 09 -1.141  0.503  1.247 8
1032 pf 10 -0.690 -0.333  0.766 1
1056 em 00 -0.260 -0.161  0.306 1
1056 cf 00 -0.773  0.363  0.854 8
1056 pf 01 -0.677 -0.392  0.783 1
1056 pf 02  0.727 -1.122  1.337 3
1056 pf 03  0.133  0.528  0.544 6
1056 pf 04  0.091 -0.076  0.118 4
1056 pf 05 -1.085  0.522  1.204 8
1056 pf 06  0.041  0.068  0.079 6
1056 pf 07 -0.481 -0.780  0.916 2
1056 pf 08  0.539 -0.595  0.803 3
1056 pf 09 -0.844  0.326  0.905 8
1056 pf 10 -0.664 -0.435  0.794 1
1080 em 00 -0.235 -0.090  0.252 1
1080 cf 00 -0.695  0.364  0.785 8
1080 pf 01 -0.527 -0.462  0.701 1
1080 pf 02  0.867 -0.845  1.211 4
1080 pf 03  0.047  0.582  0.584 6
1080 pf 04  0.161 -0.140  0.213 4
1080 pf 05 -1.158  0.587  1.298 8
1080 pf 06 -0.333  0.331  0.470 8
1080 pf 07 -0.289 -0.750  0.803 2
1080 pf 08  0.484 -0.231  0.536 4
1080 pf 09 -0.457  0.132  0.475 8
1080 pf 10 -0.834 -0.391  0.921 1
1104 em 00 -0.220  0.005  0.220 8
1104 cf 00 -0.749  0.300  0.807 8
1104 pf 01 -0.501 -0.472  0.688 1
1104 pf 02  1.262 -0.485  1.352 4
1104 pf 03 -0.345  1.002  1.060 7
1104 pf 04  0.334  0.109  0.352 5
1104 pf 05 -1.244  0.547  1.359 8
1104 pf 06 -0.662  0.294  0.724 8
1104 pf 07 -0.404 -0.622  0.742 2
1104 pf 08  0.425 -0.195  0.467 4
1104 pf 09 -0.218  0.258  0.338 7
1104 pf 10 -0.462 -0.525  0.699 2
