ecmf prod rf 2008031800 20210318 11 046
0024 em 00  0.709 -1.843  1.975 3
0024 cf 00  0.729 -1.805  1.947 3
0024 pf 01  0.731 -1.788  1.931 3
0024 pf 02  0.530 -1.860  1.934 3
0024 pf 03  0.795 -1.781  1.950 3
0024 pf 04  0.700 -1.797  1.929 3
0024 pf 05  0.609 -1.886  1.982 3
0024 pf 06  0.823 -1.832  2.008 3
0024 pf 07  0.719 -1.689  1.836 3
0024 pf 08  0.681 -1.821  1.944 3
0024 pf 09  0.877 -1.820  2.020 3
0024 pf 10  0.689 -1.868  1.991 3
0048 em 00  0.679 -1.750  1.877 3
0048 cf 00  0.766 -1.667  1.834 3
0048 pf 01  0.547 -1.946  2.021 3
0048 pf 02  0.415 -1.897  1.942 3
0048 pf 03  0.632 -1.584  1.705 3
0048 pf 04  0.662 -1.718  1.841 3
0048 pf 05  0.916 -1.644  1.882 3
0048 pf 06  0.745 -1.723  1.877 3
0048 pf 07  0.605 -1.535  1.650 3
0048 pf 08  0.611 -1.734  1.839 3
0048 pf 09  0.827 -1.623  1.822 3
0048 pf 10  0.809 -1.849  2.018 3
0072 em 00  0.800 -1.522  1.719 3
0072 cf 00  0.798 -1.408  1.619 3
0072 pf 01  0.768 -1.745  1.907 3
0072 pf 02  0.741 -2.002  2.135 3
0072 pf 03  0.647 -1.319  1.470 3
0072 pf 04  0.814 -1.568  1.767 3
0072 pf 05  1.023 -1.630  1.925 3
0072 pf 06  0.781 -1.402  1.605 3
0072 pf 07  0.676 -1.098  1.290 3
0072 pf 08  0.601 -1.416  1.538 3
0072 pf 09  0.856 -1.279  1.539 3
0072 pf 10  1.115 -1.534  1.896 3
0096 em 00  0.682 -1.219  1.397 3
0096 cf 00  0.596 -1.050  1.208 3
0096 pf 01  0.746 -1.373  1.563 3
0096 pf 02  0.802 -1.718  1.896 3
0096 pf 03  0.382 -1.203  1.263 3
0096 pf 04  0.786 -1.285  1.507 3
0096 pf 05  0.960 -1.319  1.631 3
0096 pf 06  0.624 -1.079  1.246 3
0096 pf 07  0.392 -0.726  0.825 3
0096 pf 08  0.365 -1.129  1.186 3
0096 pf 09  0.835 -0.978  1.286 3
0096 pf 10  1.007 -1.218  1.581 3
0120 em 00  0.522 -0.854  1.000 3
0120 cf 00  0.424 -0.766  0.875 3
0120 pf 01  0.639 -0.906  1.109 3
0120 pf 02  0.951 -1.386  1.681 3
0120 pf 03  0.266 -0.951  0.988 3
0120 pf 04  0.725 -0.635  0.963 4
0120 pf 05  0.769 -1.210  1.433 3
0120 pf 06  0.371 -0.643  0.742 3
0120 pf 07 -0.061 -0.423  0.427 2
0120 pf 08  0.245 -0.831  0.866 3
0120 pf 09  0.651 -0.756  0.997 3
0120 pf 10  0.777 -0.591  0.976 4
0144 em 00  0.370 -0.484  0.609 3
0144 cf 00  0.284 -0.510  0.584 3
0144 pf 01  0.324 -0.386  0.504 3
0144 pf 02  0.998 -1.055  1.453 3
0144 pf 03  0.057 -0.737  0.739 3
0144 pf 04  0.666 -0.211  0.699 4
0144 pf 05  1.043 -0.960  1.418 4
0144 pf 06  0.143 -0.395  0.420 3
0144 pf 07 -0.241  0.105  0.263 8
0144 pf 08 -0.037 -0.497  0.499 2
0144 pf 09  0.456 -0.257  0.523 4
0144 pf 10  0.423 -0.155  0.451 4
0168 em 00  0.272 -0.197  0.336 4
0168 cf 00  0.263 -0.256  0.367 4
0168 pf 01 -0.065 -0.213  0.222 2
0168 pf 02  1.087 -0.856  1.383 4
0168 pf 03  0.222 -0.620  0.659 3
0168 pf 04  0.523  0.203  0.561 5
0168 pf 05  1.327 -0.642  1.474 4
0168 pf 06  0.076 -0.208  0.221 3
0168 pf 07 -0.861  0.256  0.899 8
0168 pf 08 -0.055  0.125  0.137 7
0168 pf 09  0.315  0.130  0.341 5
0168 pf 10  0.230  0.140  0.269 5
0192 em 00  0.259 -0.081  0.272 4
0192 cf 00  0.357 -0.041  0.360 4
0192 pf 01 -0.187 -0.157  0.244 1
0192 pf 02  1.298 -0.747  1.497 4
0192 pf 03  0.354 -0.557  0.660 3
0192 pf 04  0.245  0.473  0.533 6
0192 pf 05  1.529 -0.582  1.636 4
0192 pf 06  0.085 -0.196  0.214 3
0192 pf 07 -1.066  0.402  1.139 8
0192 pf 08 -0.091  0.085  0.125 8
0192 pf 09  0.238  0.362  0.433 6
0192 pf 10  0.101  0.298  0.315 6
0216 em 00  0.204  0.021  0.205 5
0216 cf 00  0.413  0.206  0.461 5
0216 pf 01 -0.223 -0.147  0.267 1
0216 pf 02  1.522 -0.425  1.581 4
0216 pf 03  0.441 -0.426  0.613 4
0216 pf 04  0.224  0.343  0.409 6
0216 pf 05  1.345 -0.237  1.366 4
0216 pf 06 -0.173 -0.267  0.318 2
0216 pf 07 -1.049  0.410  1.126 8
0216 pf 08  0.008  0.153  0.153 6
0216 pf 09 -0.139  0.492  0.511 7
0216 pf 10 -0.137  0.401  0.424 7
0240 em 00 -0.043  0.212  0.217 7
0240 cf 00  0.161  0.525  0.549 6
0240 pf 01 -0.383 -0.076  0.390 1
0240 pf 02  1.500  0.040  1.501 5
0240 pf 03  0.223 -0.147  0.268 4
0240 pf 04  0.056  0.394  0.398 6
0240 pf 05  1.157  0.089  1.160 5
0240 pf 06 -0.638 -0.232  0.679 1
0240 pf 07 -1.139  0.362  1.195 8
0240 pf 08 -0.416  0.549  0.689 7
0240 pf 09 -0.577  0.764  0.957 7
0240 pf 10 -0.436  0.358  0.564 8
0264 em 00 -0.191  0.446  0.485 7
0264 cf 00  0.002  0.810  0.810 6
0264 pf 01 -0.333  0.188  0.383 8
0264 pf 02  1.405  0.596  1.527 5
0264 pf 03  0.242  0.094  0.260 5
0264 pf 04 -0.216  0.522  0.565 7
0264 pf 05  1.303  0.586  1.429 5
0264 pf 06 -0.670 -0.232  0.709 1
0264 pf 07 -1.245  0.550  1.361 8
0264 pf 08 -0.873  0.857  1.223 8
0264 pf 09 -1.074  0.962  1.442 8
0264 pf 10 -0.679  0.256  0.726 8
0288 em 00 -0.225  0.565  0.609 7
0288 cf 00 -0.072  0.936  0.939 7
0288 pf 01 -0.114  0.494  0.507 7
0288 pf 02  1.309  0.688  1.479 5
0288 pf 03  0.422  0.400  0.582 5
0288 pf 04 -0.320  0.767  0.831 7
0288 pf 05  1.246  1.021  1.611 5
0288 pf 06 -0.699 -0.178  0.722 1
0288 pf 07 -1.338  0.595  1.464 8
0288 pf 08 -0.920  0.627  1.114 8
0288 pf 09 -1.087  0.710  1.299 8
0288 pf 10 -1.024  0.406  1.101 8
0312 em 00 -0.313  0.547  0.630 7
0312 cf 00 -0.308  0.864  0.917 7
0312 pf 01 -0.014  0.863  0.863 7
0312 pf 02  1.081  0.743  1.312 5
0312 pf 03  0.343  0.240  0.419 5
0312 pf 04 -0.536  0.929  1.072 7
0312 pf 05  1.256  1.340  1.837 6
0312 pf 06 -0.621 -0.154  0.640 1
0312 pf 07 -1.534  0.583  1.641 8
0312 pf 08 -1.034  0.043  1.035 8
0312 pf 09 -0.969  0.432  1.061 8
0312 pf 10 -1.296  0.343  1.340 8
0336 em 00 -0.529  0.578  0.784 7
0336 cf 00 -0.561  0.985  1.133 7
0336 pf 01 -0.209  0.991  1.013 7
0336 pf 02  0.606  1.036  1.200 6
0336 pf 03  0.127 -0.117  0.172 4
0336 pf 04 -0.736  1.153  1.368 7
0336 pf 05  0.987  1.675  1.944 6
0336 pf 06 -0.522 -0.109  0.534 1
0336 pf 07 -1.861  0.395  1.902 8
0336 pf 08 -1.291 -0.371  1.344 1
0336 pf 09 -1.161  0.643  1.327 8
0336 pf 10 -1.407  0.218  1.424 8
0360 em 00 -0.762  0.707  1.039 8
0360 cf 00 -0.609  1.057  1.220 7
0360 pf 01 -0.394  1.140  1.206 7
0360 pf 02 -0.103  1.368  1.372 7
0360 pf 03 -0.270  0.069  0.279 8
0360 pf 04 -1.187  1.326  1.780 7
0360 pf 05  0.524  2.020  2.087 6
0360 pf 06 -0.410  0.089  0.420 8
0360 pf 07 -2.000  0.276  2.019 8
0360 pf 08 -1.422 -0.146  1.430 1
0360 pf 09 -1.381  0.913  1.655 8
0360 pf 10 -1.298 -0.219  1.317 1
0384 em 00 -0.899  0.821  1.217 8
0384 cf 00 -0.696  1.012  1.229 7
0384 pf 01 -0.611  1.436  1.560 7
0384 pf 02 -0.649  1.507  1.641 7
0384 pf 03 -0.462  0.022  0.462 8
0384 pf 04 -1.566  1.542  2.197 8
0384 pf 05  0.182  2.300  2.308 6
0384 pf 06 -0.648  0.388  0.755 8
0384 pf 07 -1.858  0.200  1.869 8
0384 pf 08 -1.157 -0.121  1.163 1
0384 pf 09 -1.399  0.987  1.712 8
0384 pf 10 -1.196 -0.169  1.208 1
0408 em 00 -0.930  0.787  1.218 8
0408 cf 00 -0.895  0.812  1.208 8
0408 pf 01 -0.664  1.294  1.454 7
0408 pf 02 -1.088  1.287  1.685 7
0408 pf 03 -0.336 -0.176  0.379 1
0408 pf 04 -1.993  1.530  2.512 8
0408 pf 05 -0.291  2.481  2.498 7
0408 pf 06 -0.508  0.716  0.878 7
0408 pf 07 -1.427  0.128  1.433 8
0408 pf 08 -1.174 -0.194  1.190 1
0408 pf 09 -1.009  0.810  1.293 8
0408 pf 10 -1.002 -0.036  1.003 1
0432 em 00 -1.043  0.696  1.253 8
0432 cf 00 -1.043  0.696  1.254 8
0432 pf 01 -0.784  1.267  1.490 7
0432 pf 02 -1.559  0.995  1.849 8
0432 pf 03 -0.216 -0.434  0.484 2
0432 pf 04 -2.728  1.406  3.069 8
0432 pf 05 -0.457  2.112  2.161 7
0432 pf 06 -0.528  0.957  1.093 7
0432 pf 07 -1.091  0.092  1.095 8
0432 pf 08 -1.414 -0.136  1.420 1
0432 pf 09 -0.866  0.575  1.040 8
0432 pf 10 -0.920  0.070  0.923 8
0456 em 00 -1.116  0.580  1.257 8
0456 cf 00 -1.109  0.456  1.200 8
0456 pf 01 -0.808  1.074  1.343 7
0456 pf 02 -1.765  0.701  1.899 8
0456 pf 03 -0.283 -0.580  0.646 2
0456 pf 04 -2.839  0.994  3.008 8
0456 pf 05 -0.983  1.771  2.026 7
0456 pf 06 -0.640  0.960  1.154 7
0456 pf 07 -1.036  0.327  1.087 8
0456 pf 08 -1.451  0.077  1.453 8
0456 pf 09 -0.957  0.572  1.115 8
0456 pf 10 -0.520 -0.063  0.523 1
0480 em 00 -1.211  0.473  1.300 8
0480 cf 00 -1.299  0.336  1.341 8
0480 pf 01 -0.979  0.817  1.276 8
0480 pf 02 -1.634  0.487  1.705 8
0480 pf 03 -0.388 -0.558  0.679 2
0480 pf 04 -2.893  0.462  2.930 8
0480 pf 05 -1.338  1.496  2.007 7
0480 pf 06 -0.766  0.898  1.180 7
0480 pf 07 -0.972  0.478  1.083 8
0480 pf 08 -1.474 -0.008  1.474 1
0480 pf 09 -1.237  0.723  1.433 8
0480 pf 10 -0.392 -0.025  0.393 1
0504 em 00 -1.204  0.353  1.254 8
0504 cf 00 -1.466  0.209  1.481 8
0504 pf 01 -1.117  0.570  1.254 8
0504 pf 02 -1.608  0.372  1.650 8
0504 pf 03 -0.221 -0.614  0.653 2
0504 pf 04 -2.551 -0.136  2.555 1
0504 pf 05 -1.483  1.320  1.985 8
0504 pf 06 -0.674  0.673  0.952 8
0504 pf 07 -0.993  0.590  1.155 8
0504 pf 08 -1.415 -0.056  1.416 1
0504 pf 09 -1.462  0.820  1.676 8
0504 pf 10 -0.222  0.029  0.224 8
0528 em 00 -1.132  0.231  1.155 8
0528 cf 00 -1.488  0.099  1.491 8
0528 pf 01 -1.226  0.772  1.449 8
0528 pf 02 -1.657  0.238  1.674 8
0528 pf 03 -0.043 -0.862  0.863 2
0528 pf 04 -2.390 -0.561  2.455 1
0528 pf 05 -1.220  1.214  1.721 8
0528 pf 06 -0.477  0.500  0.691 7
0528 pf 07 -0.832  0.482  0.962 8
0528 pf 08 -1.643 -0.304  1.671 1
0528 pf 09 -1.379  0.795  1.592 8
0528 pf 10 -0.025  0.049  0.055 7
0552 em 00 -0.957  0.118  0.964 8
0552 cf 00 -1.320  0.249  1.343 8
0552 pf 01 -1.245  0.859  1.513 8
0552 pf 02 -1.410  0.078  1.413 8
0552 pf 03  0.222 -0.827  0.857 3
0552 pf 04 -2.058 -0.510  2.120 1
0552 pf 05 -1.046  0.898  1.379 8
0552 pf 06 -0.252  0.547  0.602 7
0552 pf 07 -0.453  0.281  0.533 8
0552 pf 08 -1.516 -0.696  1.668 1
0552 pf 09 -1.468  0.529  1.560 8
0552 pf 10  0.072 -0.206  0.218 3
0576 em 00 -0.713  0.061  0.716 8
0576 cf 00 -0.923  0.318  0.976 8
0576 pf 01 -1.266  0.660  1.428 8
0576 pf 02 -1.107 -0.097  1.112 1
0576 pf 03  0.369 -0.645  0.743 3
0576 pf 04 -1.322 -0.382  1.376 1
0576 pf 05 -0.678  0.848  1.086 7
0576 pf 06 -0.158  0.638  0.657 7
0576 pf 07 -0.361  0.233  0.430 8
0576 pf 08 -0.988 -0.932  1.358 1
0576 pf 09 -1.500  0.225  1.516 8
0576 pf 10  0.138 -0.307  0.336 3
0600 em 00 -0.549  0.099  0.558 8
0600 cf 00 -0.806  0.187  0.827 8
0600 pf 01 -1.354  0.756  1.551 8
0600 pf 02 -0.735 -0.343  0.811 1
0600 pf 03  0.641 -0.425  0.769 4
0600 pf 04 -0.620 -0.375  0.724 1
0600 pf 05 -0.524  0.970  1.103 7
0600 pf 06 -0.189  0.766  0.789 7
0600 pf 07 -0.644  0.430  0.775 8
0600 pf 08 -0.622 -0.723  0.954 2
0600 pf 09 -1.437  0.241  1.457 8
0600 pf 10  0.302 -0.490  0.576 3
0624 em 00 -0.439  0.242  0.501 8
0624 cf 00 -0.646  0.134  0.660 8
0624 pf 01 -1.373  0.905  1.644 8
0624 pf 02 -0.514 -0.233  0.564 1
0624 pf 03  0.815 -0.133  0.825 4
0624 pf 04 -0.263 -0.230  0.349 1
0624 pf 05 -0.595  1.193  1.334 7
0624 pf 06 -0.328  0.742  0.811 7
0624 pf 07 -0.500  0.823  0.963 7
0624 pf 08 -0.278 -0.434  0.515 2
0624 pf 09 -1.212  0.225  1.233 8
0624 pf 10  0.120 -0.447  0.463 3
0648 em 00 -0.374  0.345  0.509 8
0648 cf 00 -0.641  0.007  0.641 8
0648 pf 01 -1.350  0.813  1.576 8
0648 pf 02 -0.525 -0.172  0.552 1
0648 pf 03  0.938  0.123  0.946 5
0648 pf 04 -0.213  0.017  0.214 8
0648 pf 05 -0.848  1.103  1.391 7
0648 pf 06 -0.223  0.742  0.775 7
0648 pf 07 -0.338  1.161  1.210 7
0648 pf 08 -0.004 -0.148  0.148 2
0648 pf 09 -0.992  0.205  1.013 8
0648 pf 10  0.128 -0.184  0.224 3
0672 em 00 -0.382  0.370  0.532 8
0672 cf 00 -0.670  0.066  0.673 8
0672 pf 01 -1.284  0.638  1.434 8
0672 pf 02 -0.703 -0.125  0.714 1
0672 pf 03  0.716  0.426  0.834 5
0672 pf 04 -0.104  0.165  0.196 7
0672 pf 05 -1.193  0.928  1.511 8
0672 pf 06 -0.314  0.701  0.768 7
0672 pf 07 -0.394  1.396  1.451 7
0672 pf 08  0.240 -0.317  0.398 3
0672 pf 09 -0.787 -0.031  0.787 1
0672 pf 10  0.319  0.077  0.328 5
0696 em 00 -0.423  0.432  0.605 7
0696 cf 00 -0.700  0.245  0.742 8
0696 pf 01 -1.352  0.452  1.426 8
0696 pf 02 -0.495 -0.185  0.529 1
0696 pf 03  0.494  0.519  0.717 6
0696 pf 04  0.118  0.424  0.440 6
0696 pf 05 -1.417  1.089  1.787 8
0696 pf 06 -0.337  0.651  0.733 7
0696 pf 07 -0.745  1.547  1.717 7
0696 pf 08  0.271 -0.330  0.426 3
0696 pf 09 -0.969  0.084  0.972 8
0696 pf 10  0.483  0.066  0.488 5
0720 em 00 -0.375  0.474  0.605 7
0720 cf 00 -0.504  0.347  0.612 8
0720 pf 01 -1.126  0.153  1.136 8
0720 pf 02 -0.214 -0.087  0.232 1
0720 pf 03  0.336  0.557  0.651 6
0720 pf 04  0.216  0.616  0.653 6
0720 pf 05 -1.100  0.907  1.426 8
0720 pf 06 -0.414  0.669  0.787 7
0720 pf 07 -1.099  1.487  1.849 7
0720 pf 08  0.780  0.020  0.780 5
0720 pf 09 -1.257  0.169  1.268 8
0720 pf 10  0.272  0.160  0.316 5
0744 em 00 -0.332  0.413  0.530 7
0744 cf 00 -0.272  0.207  0.342 8
0744 pf 01 -1.125 -0.037  1.126 1
0744 pf 02 -0.143 -0.169  0.221 2
0744 pf 03  0.297  0.620  0.687 6
0744 pf 04  0.455  0.568  0.728 6
0744 pf 05 -0.774  0.586  0.971 8
0744 pf 06 -0.328  0.551  0.642 7
0744 pf 07 -1.304  1.436  1.940 7
0744 pf 08  0.898  0.248  0.931 5
0744 pf 09 -1.427  0.002  1.427 8
0744 pf 10  0.125  0.318  0.341 6
0768 em 00 -0.305  0.316  0.439 7
0768 cf 00 -0.299 -0.021  0.300 1
0768 pf 01 -0.981 -0.094  0.985 1
0768 pf 02  0.041 -0.261  0.265 3
0768 pf 03  0.489  0.559  0.743 6
0768 pf 04  0.209  0.525  0.566 6
0768 pf 05 -0.367  0.186  0.412 8
0768 pf 06 -0.272  0.257  0.374 8
0768 pf 07 -1.140  1.341  1.760 7
0768 pf 08  0.737  0.252  0.778 5
0768 pf 09 -1.274  0.047  1.275 8
0768 pf 10 -0.390  0.501  0.635 7
0792 em 00 -0.221  0.285  0.361 7
0792 cf 00  0.026 -0.047  0.054 3
0792 pf 01 -0.838  0.002  0.838 8
0792 pf 02 -0.242 -0.242  0.342 2
0792 pf 03  0.549  0.663  0.861 6
0792 pf 04  0.213  0.459  0.505 6
0792 pf 05 -0.206 -0.111  0.234 1
0792 pf 06 -0.017  0.128  0.130 7
0792 pf 07 -1.009  1.067  1.469 7
0792 pf 08  0.651  0.656  0.924 6
0792 pf 09 -0.992 -0.052  0.994 1
0792 pf 10 -0.467  0.424  0.631 8
0816 em 00 -0.171  0.255  0.307 7
0816 cf 00  0.209  0.074  0.222 5
0816 pf 01 -0.595  0.032  0.596 8
0816 pf 02 -0.076 -0.379  0.387 2
0816 pf 03  0.567  0.586  0.815 6
0816 pf 04  0.550  0.561  0.786 6
0816 pf 05 -0.265 -0.159  0.309 1
0816 pf 06  0.019  0.109  0.111 6
0816 pf 07 -1.181  0.738  1.392 8
0816 pf 08  0.608  1.043  1.208 6
0816 pf 09 -0.788 -0.234  0.822 1
0816 pf 10 -0.827  0.262  0.867 8
0840 em 00 -0.064  0.212  0.221 7
0840 cf 00  0.160  0.170  0.233 6
0840 pf 01 -0.300  0.054  0.305 8
0840 pf 02  0.208 -0.800  0.826 3
0840 pf 03  0.506  0.523  0.727 6
0840 pf 04  0.575  0.696  0.903 6
0840 pf 05 -0.032  0.051  0.061 7
0840 pf 06  0.213  0.043  0.217 5
0840 pf 07 -1.077  0.556  1.213 8
0840 pf 08  0.619  1.187  1.339 6
0840 pf 09 -0.663 -0.389  0.768 1
0840 pf 10 -0.774  0.116  0.782 8
0864 em 00  0.021  0.165  0.166 6
0864 cf 00 -0.012  0.300  0.301 7
0864 pf 01  0.242 -0.040  0.245 4
0864 pf 02  0.486 -1.189  1.284 3
0864 pf 03  0.324  0.212  0.387 5
0864 pf 04  0.312  0.977  1.025 6
0864 pf 05  0.394  0.641  0.753 6
0864 pf 06  0.424 -0.199  0.469 4
0864 pf 07 -0.983  0.300  1.028 8
0864 pf 08  0.356  1.058  1.116 6
0864 pf 09 -0.395 -0.339  0.520 1
0864 pf 10 -0.787  0.003  0.787 8
0888 em 00  0.054  0.144  0.154 6
0888 cf 00 -0.136  0.440  0.460 7
0888 pf 01  0.399 -0.061  0.404 4
0888 pf 02  0.680 -1.453  1.604 3
0888 pf 03  0.057 -0.086  0.103 3
0888 pf 04  0.100  1.306  1.310 6
0888 pf 05  0.329  0.683  0.758 6
0888 pf 06  0.687 -0.321  0.759 4
0888 pf 07 -0.841  0.122  0.850 8
0888 pf 08  0.138  1.122  1.131 6
0888 pf 09 -0.002 -0.233  0.233 2
0888 pf 10 -0.655  0.011  0.655 8
0912 em 00  0.126  0.117  0.172 5
0912 cf 00 -0.540  0.317  0.626 8
0912 pf 01  0.483 -0.100  0.493 4
0912 pf 02  1.117 -1.576  1.931 3
0912 pf 03  0.055 -0.318  0.322 3
0912 pf 04  0.174  1.480  1.490 6
0912 pf 05  0.131  0.579  0.593 6
0912 pf 06  0.740 -0.303  0.800 4
0912 pf 07 -0.625  0.109  0.635 8
0912 pf 08  0.288  1.040  1.079 6
0912 pf 09  0.470 -0.237  0.526 4
0912 pf 10 -0.787  0.240  0.823 8
0936 em 00  0.195  0.206  0.284 6
0936 cf 00 -0.765  0.372  0.850 8
0936 pf 01  0.502 -0.260  0.566 4
0936 pf 02  1.439 -1.192  1.869 4
0936 pf 03  0.006 -0.025  0.026 3
0936 pf 04  0.242  1.515  1.534 6
0936 pf 05 -0.120  0.475  0.490 7
0936 pf 06  0.928 -0.104  0.934 4
0936 pf 07 -0.627  0.320  0.704 8
0936 pf 08  0.239  0.925  0.956 6
0936 pf 09  0.977  0.038  0.978 5
0936 pf 10 -0.580  0.171  0.604 8
0960 em 00  0.200  0.207  0.288 6
0960 cf 00 -0.757  0.335  0.828 8
0960 pf 01  0.668 -0.113  0.678 4
0960 pf 02  1.300 -0.934  1.601 4
0960 pf 03 -0.238 -0.007  0.238 1
0960 pf 04  0.107  1.619  1.623 6
0960 pf 05 -0.437  0.500  0.664 7
0960 pf 06  0.974 -0.108  0.980 4
0960 pf 07 -0.764  0.498  0.912 8
0960 pf 08  0.286  0.656  0.715 6
0960 pf 09  1.345 -0.083  1.348 4
0960 pf 10 -0.205 -0.102  0.229 1
0984 em 00  0.177  0.220  0.283 6
0984 cf 00 -0.624  0.361  0.721 8
0984 pf 01  1.067  0.185  1.083 5
0984 pf 02  1.518 -0.551  1.615 4
0984 pf 03 -0.268 -0.120  0.294 1
0984 pf 04 -0.333  1.763  1.794 7
0984 pf 05 -0.621  0.159  0.641 8
0984 pf 06  0.567  0.062  0.570 5
0984 pf 07 -0.981  0.288  1.022 8
0984 pf 08  0.184  0.618  0.645 6
0984 pf 09  1.391  0.087  1.394 5
0984 pf 10  0.143 -0.394  0.419 3
1008 em 00  0.144  0.330  0.360 6
1008 cf 00 -0.349  0.464  0.580 7
1008 pf 01  0.931  0.493  1.053 5
1008 pf 02  1.490  0.042  1.491 5
1008 pf 03 -0.325  0.007  0.325 8
1008 pf 04 -0.766  1.871  2.022 7
1008 pf 05 -0.546  0.005  0.546 8
1008 pf 06  0.324  0.084  0.334 5
1008 pf 07 -0.897  0.140  0.908 8
1008 pf 08  0.121  0.681  0.691 6
1008 pf 09  1.357  0.323  1.395 5
1008 pf 10  0.368 -0.452  0.583 3
1032 em 00  0.090  0.431  0.440 6
1032 cf 00 -0.402  0.481  0.627 7
1032 pf 01  0.600  0.743  0.955 6
1032 pf 02  1.481  0.461  1.551 5
1032 pf 03 -0.388  0.025  0.389 8
1032 pf 04 -1.086  1.958  2.239 7
1032 pf 05 -0.555  0.060  0.558 8
1032 pf 06  0.170  0.002  0.170 5
1032 pf 07 -0.613 -0.007  0.613 1
1032 pf 08 -0.004  0.883  0.883 7
1032 pf 09  1.333  0.481  1.417 5
1032 pf 10  0.551 -0.306  0.630 4
1056 em 00  0.114  0.506  0.518 6
1056 cf 00 -0.486  0.461  0.670 8
1056 pf 01  0.083  0.792  0.796 6
1056 pf 02  1.118  0.665  1.301 5
1056 pf 03 -0.120  0.077  0.143 8
1056 pf 04 -1.241  1.698  2.103 7
1056 pf 05 -0.365  0.182  0.408 8
1056 pf 06  0.495  0.041  0.497 5
1056 pf 07 -0.255  0.044  0.258 8
1056 pf 08  0.090  1.023  1.027 6
1056 pf 09  1.292  0.623  1.435 5
1056 pf 10  0.738  0.008  0.738 5
1080 em 00  0.032  0.498  0.499 6
1080 cf 00 -0.445  0.496  0.666 7
1080 pf 01 -0.344  0.999  1.056 7
1080 pf 02  0.480  0.643  0.803 6
1080 pf 03  0.198 -0.091  0.218 4
1080 pf 04 -1.616  1.375  2.122 8
1080 pf 05 -0.029  0.144  0.146 7
1080 pf 06  0.520  0.110  0.531 5
1080 pf 07  0.090  0.018  0.092 5
1080 pf 08 -0.110  0.965  0.972 7
1080 pf 09  1.093  0.802  1.355 5
1080 pf 10  0.617  0.063  0.620 5
1104 em 00  0.021  0.519  0.520 6
1104 cf 00 -0.297  0.330  0.444 7
1104 pf 01 -0.476  0.940  1.053 7
1104 pf 02  0.143  0.635  0.651 6
1104 pf 03  0.406  0.003  0.406 5
1104 pf 04 -1.845  1.374  2.300 8
1104 pf 05  0.274 -0.116  0.298 4
1104 pf 06  0.765  0.534  0.933 5
1104 pf 07  0.121  0.193  0.228 6
1104 pf 08 -0.222  0.898  0.925 7
1104 pf 09  1.114  0.777  1.359 5
1104 pf 10  0.364  0.199  0.415 5
