ecmf prod rf 2000061000 20190610 11 046
0024 em 00  0.320  0.941  0.994 6
0024 cf 00  0.281  0.913  0.955 6
0024 pf 01  0.256  0.919  0.954 6
0024 pf 02  0.357  1.018  1.078 6
0024 pf 03  0.479  1.018  1.125 6
0024 pf 04  0.268  0.880  0.920 6
0024 pf 05  0.267  0.806  0.849 6
0024 pf 06  0.299  1.060  1.101 6
0024 pf 07  0.217  0.976  1.000 6
0024 pf 08  0.477  0.805  0.936 6
0024 pf 09  0.244  0.906  0.939 6
0024 pf 10  0.347  0.938  1.000 6
0048 em 00  0.209  0.838  0.863 6
0048 cf 00  0.188  0.776  0.799 6
0048 pf 01  0.216  0.832  0.859 6
0048 pf 02  0.165  0.894  0.909 6
0048 pf 03  0.292  0.805  0.856 6
0048 pf 04  0.123  0.684  0.695 6
0048 pf 05  0.127  0.700  0.712 6
0048 pf 06  0.142  1.144  1.153 6
0048 pf 07  0.190  0.885  0.905 6
0048 pf 08  0.411  0.783  0.885 6
0048 pf 09  0.156  0.805  0.820 6
0048 pf 10  0.242  0.817  0.852 6
0072 em 00 -0.104  0.699  0.706 7
0072 cf 00 -0.154  0.655  0.673 7
0072 pf 01 -0.042  0.663  0.664 7
0072 pf 02 -0.205  0.791  0.817 7
0072 pf 03 -0.027  0.668  0.668 7
0072 pf 04  0.052  0.418  0.421 6
0072 pf 05 -0.193  0.657  0.685 7
0072 pf 06 -0.472  0.974  1.082 7
0072 pf 07 -0.096  0.789  0.794 7
0072 pf 08  0.054  0.701  0.703 6
0072 pf 09 -0.210  0.540  0.579 7
0072 pf 10  0.117  0.751  0.760 6
0096 em 00 -0.532  0.511  0.738 8
0096 cf 00 -0.599  0.430  0.737 8
0096 pf 01 -0.324  0.596  0.679 7
0096 pf 02 -0.789  0.539  0.955 8
0096 pf 03 -0.557  0.574  0.800 7
0096 pf 04 -0.261  0.142  0.297 8
0096 pf 05 -0.576  0.710  0.914 7
0096 pf 06 -0.977  0.712  1.209 8
0096 pf 07 -0.592  0.607  0.848 7
0096 pf 08 -0.275  0.482  0.555 7
0096 pf 09 -0.672  0.314  0.742 8
0096 pf 10 -0.226  0.426  0.482 7
0120 em 00 -0.868  0.255  0.905 8
0120 cf 00 -1.001  0.285  1.041 8
0120 pf 01 -0.594  0.365  0.697 8
0120 pf 02 -1.253  0.179  1.266 8
0120 pf 03 -0.888  0.319  0.943 8
0120 pf 04 -0.545 -0.167  0.570 1
0120 pf 05 -0.948  0.585  1.114 8
0120 pf 06 -1.381  0.563  1.492 8
0120 pf 07 -1.152  0.365  1.209 8
0120 pf 08 -0.526  0.153  0.548 8
0120 pf 09 -0.850 -0.028  0.851 1
0120 pf 10 -0.374  0.085  0.384 8
0144 em 00 -0.919  0.147  0.930 8
0144 cf 00 -1.064  0.209  1.084 8
0144 pf 01 -0.718  0.405  0.824 8
0144 pf 02 -1.525 -0.263  1.548 1
0144 pf 03 -0.787  0.312  0.847 8
0144 pf 04 -0.526 -0.248  0.581 1
0144 pf 05 -1.118  0.547  1.244 8
0144 pf 06 -1.511  0.418  1.568 8
0144 pf 07 -1.322  0.140  1.330 8
0144 pf 08 -0.477  0.011  0.478 8
0144 pf 09 -0.792 -0.206  0.818 1
0144 pf 10 -0.230  0.194  0.301 8
0168 em 00 -1.134  0.188  1.149 8
0168 cf 00 -1.379  0.173  1.390 8
0168 pf 01 -0.765  0.501  0.914 8
0168 pf 02 -1.862 -0.505  1.929 1
0168 pf 03 -0.971  0.503  1.093 8
0168 pf 04 -0.593 -0.242  0.640 1
0168 pf 05 -1.502  0.755  1.681 8
0168 pf 06 -1.756  0.392  1.799 8
0168 pf 07 -1.607  0.144  1.613 8
0168 pf 08 -0.680  0.084  0.685 8
0168 pf 09 -0.848 -0.061  0.850 1
0168 pf 10 -0.441  0.194  0.481 8
0192 em 00 -1.252  0.055  1.254 8
0192 cf 00 -1.453  0.033  1.453 8
0192 pf 01 -0.721  0.279  0.772 8
0192 pf 02 -2.272 -0.654  2.364 1
0192 pf 03 -0.873  0.348  0.940 8
0192 pf 04 -0.662 -0.314  0.732 1
0192 pf 05 -1.706  0.663  1.830 8
0192 pf 06 -1.894  0.159  1.900 8
0192 pf 07 -1.854 -0.075  1.856 1
0192 pf 08 -0.526 -0.215  0.568 1
0192 pf 09 -0.944  0.014  0.944 8
0192 pf 10 -0.748  0.222  0.781 8
0216 em 00 -1.186 -0.022  1.186 1
0216 cf 00 -1.336 -0.168  1.347 1
0216 pf 01 -0.638  0.009  0.638 8
0216 pf 02 -2.070 -0.629  2.164 1
0216 pf 03 -0.763  0.188  0.786 8
0216 pf 04 -0.689 -0.459  0.828 1
0216 pf 05 -1.578  0.564  1.676 8
0216 pf 06 -1.931  0.252  1.948 8
0216 pf 07 -1.734 -0.133  1.739 1
0216 pf 08 -0.598 -0.335  0.686 1
0216 pf 09 -0.800  0.002  0.800 8
0216 pf 10 -0.778  0.308  0.837 8
0240 em 00 -1.011 -0.161  1.024 1
0240 cf 00 -1.179 -0.415  1.250 1
0240 pf 01 -0.438  0.016  0.438 8
0240 pf 02 -1.871 -0.666  1.986 1
0240 pf 03 -0.312 -0.194  0.368 1
0240 pf 04 -0.883 -0.474  1.002 1
0240 pf 05 -1.346  0.036  1.347 8
0240 pf 06 -1.782  0.209  1.795 8
0240 pf 07 -1.326 -0.277  1.355 1
0240 pf 08 -0.630 -0.339  0.715 1
0240 pf 09 -0.519 -0.231  0.568 1
0240 pf 10 -0.683  0.434  0.809 8
0264 em 00 -0.944 -0.283  0.986 1
0264 cf 00 -1.044 -0.457  1.140 1
0264 pf 01 -0.246 -0.035  0.249 1
0264 pf 02 -1.653 -0.553  1.743 1
0264 pf 03 -0.152 -0.414  0.441 2
0264 pf 04 -1.115 -0.271  1.148 1
0264 pf 05 -1.326 -0.524  1.425 1
0264 pf 06 -2.056  0.008  2.056 8
0264 pf 07 -0.855 -0.380  0.935 1
0264 pf 08 -0.645 -0.668  0.928 2
0264 pf 09 -0.390 -0.486  0.623 2
0264 pf 10 -0.721  0.567  0.917 8
0288 em 00 -0.887 -0.286  0.932 1
0288 cf 00 -0.808 -0.473  0.936 1
0288 pf 01 -0.012  0.149  0.149 7
0288 pf 02 -1.446 -0.348  1.487 1
0288 pf 03 -0.040 -0.606  0.608 2
0288 pf 04 -1.098 -0.048  1.099 1
0288 pf 05 -1.310 -0.740  1.504 1
0288 pf 06 -2.319 -0.027  2.319 1
0288 pf 07 -0.501 -0.342  0.606 1
0288 pf 08 -0.547 -0.635  0.838 2
0288 pf 09 -0.472 -0.520  0.702 2
0288 pf 10 -1.003  0.366  1.068 8
0312 em 00 -0.680 -0.271  0.732 1
0312 cf 00 -0.506 -0.365  0.624 1
0312 pf 01  0.159  0.407  0.437 6
0312 pf 02 -1.065 -0.363  1.125 1
0312 pf 03  0.226 -0.759  0.792 3
0312 pf 04 -0.771  0.052  0.773 8
0312 pf 05 -0.922 -0.599  1.100 1
0312 pf 06 -2.374 -0.111  2.377 1
0312 pf 07 -0.329 -0.106  0.346 1
0312 pf 08 -0.466 -0.617  0.773 2
0312 pf 09 -0.510 -0.682  0.851 2
0312 pf 10 -0.706  0.104  0.714 8
0336 em 00 -0.463 -0.215  0.510 1
0336 cf 00 -0.460 -0.234  0.516 1
0336 pf 01  0.276  0.425  0.507 6
0336 pf 02 -0.918 -0.210  0.941 1
0336 pf 03  0.576 -0.940  1.102 3
0336 pf 04 -0.463  0.251  0.527 8
0336 pf 05 -0.664 -0.606  0.899 1
0336 pf 06 -2.042 -0.116  2.046 1
0336 pf 07  0.197  0.085  0.215 5
0336 pf 08 -0.254 -0.621  0.671 2
0336 pf 09 -0.350 -0.171  0.390 1
0336 pf 10 -0.825 -0.301  0.878 1
0360 em 00 -0.255 -0.158  0.300 1
0360 cf 00 -0.411 -0.194  0.454 1
0360 pf 01  0.367  0.547  0.658 6
0360 pf 02 -0.732 -0.246  0.772 1
0360 pf 03  0.800 -0.845  1.164 3
0360 pf 04 -0.314  0.423  0.527 7
0360 pf 05 -0.507 -0.798  0.945 2
0360 pf 06 -1.763 -0.489  1.829 1
0360 pf 07  0.270  0.441  0.517 6
0360 pf 08  0.148 -0.573  0.591 3
0360 pf 09 -0.019  0.218  0.219 7
0360 pf 10 -0.511 -0.310  0.597 1
0384 em 00 -0.130 -0.096  0.161 1
0384 cf 00 -0.362 -0.090  0.373 1
0384 pf 01  0.223  0.693  0.728 6
0384 pf 02 -0.595 -0.260  0.649 1
0384 pf 03  0.994 -0.761  1.252 4
0384 pf 04 -0.347  0.450  0.568 7
0384 pf 05 -0.442 -0.620  0.761 2
0384 pf 06 -1.253 -0.579  1.380 1
0384 pf 07  0.601  0.384  0.714 5
0384 pf 08  0.246 -0.226  0.334 4
0384 pf 09  0.037  0.540  0.542 6
0384 pf 10 -0.423 -0.658  0.783 2
0408 em 00  0.026  0.011  0.028 5
0408 cf 00 -0.116  0.109  0.159 8
0408 pf 01  0.137  0.719  0.732 6
0408 pf 02 -0.513 -0.104  0.523 1
0408 pf 03  1.048 -0.713  1.268 4
0408 pf 04 -0.243  0.463  0.523 7
0408 pf 05 -0.228 -0.274  0.357 2
0408 pf 06 -0.815 -0.566  0.992 1
0408 pf 07  0.833  0.440  0.942 5
0408 pf 08  0.391  0.034  0.392 5
0408 pf 09 -0.055  0.679  0.681 7
0408 pf 10 -0.080 -0.764  0.768 2
0432 em 00  0.149  0.108  0.185 5
0432 cf 00  0.170  0.332  0.373 6
0432 pf 01  0.218  0.374  0.433 6
0432 pf 02 -0.356 -0.118  0.375 1
0432 pf 03  1.287 -0.533  1.393 4
0432 pf 04 -0.318  0.523  0.612 7
0432 pf 05 -0.159 -0.045  0.166 1
0432 pf 06 -0.406 -0.575  0.704 2
0432 pf 07  1.027  0.502  1.143 5
0432 pf 08  0.337  0.276  0.435 5
0432 pf 09 -0.215  0.794  0.823 7
0432 pf 10  0.114 -0.452  0.466 3
0456 em 00  0.180  0.203  0.271 6
0456 cf 00  0.217  0.413  0.466 6
0456 pf 01  0.522  0.268  0.587 5
0456 pf 02 -0.433  0.152  0.459 8
0456 pf 03  1.159 -0.069  1.161 4
0456 pf 04 -0.542  0.891  1.043 7
0456 pf 05 -0.243  0.326  0.406 7
0456 pf 06  0.085 -0.752  0.757 3
0456 pf 07  1.012  0.425  1.098 5
0456 pf 08  0.199  0.330  0.385 6
0456 pf 09 -0.191  0.604  0.633 7
0456 pf 10  0.244 -0.458  0.519 3
0480 em 00  0.156  0.312  0.349 6
0480 cf 00 -0.045  0.474  0.476 7
0480 pf 01  0.831  0.322  0.891 5
0480 pf 02 -0.407  0.300  0.506 8
0480 pf 03  1.245  0.525  1.351 5
0480 pf 04 -0.647  0.943  1.144 7
0480 pf 05 -0.557  0.257  0.613 8
0480 pf 06  0.108 -0.663  0.672 3
0480 pf 07  0.900  0.354  0.967 5
0480 pf 08  0.187  0.622  0.649 6
0480 pf 09 -0.122  0.350  0.371 7
0480 pf 10  0.294 -0.163  0.336 4
0504 em 00  0.099  0.427  0.438 6
0504 cf 00 -0.099  0.472  0.482 7
0504 pf 01  0.820  0.485  0.953 5
0504 pf 02 -0.373  0.415  0.558 7
0504 pf 03  1.027  1.054  1.472 6
0504 pf 04 -0.695  0.594  0.915 8
0504 pf 05 -0.640  0.313  0.712 8
0504 pf 06  0.177 -0.571  0.598 3
0504 pf 07  0.859  0.519  1.003 5
0504 pf 08  0.068  0.762  0.765 6
0504 pf 09 -0.202  0.444  0.488 7
0504 pf 10  0.222  0.079  0.235 5
0528 em 00  0.186  0.489  0.524 6
0528 cf 00  0.243  0.409  0.476 6
0528 pf 01  0.713  0.588  0.924 5
0528 pf 02 -0.295  0.364  0.468 7
0528 pf 03  0.907  1.448  1.708 6
0528 pf 04 -0.652  0.348  0.739 8
0528 pf 05 -0.449  0.102  0.460 8
0528 pf 06  0.305 -0.643  0.712 3
0528 pf 07  0.872  0.583  1.049 5
0528 pf 08  0.452  0.836  0.950 6
0528 pf 09 -0.337  0.668  0.749 7
0528 pf 10  0.346  0.541  0.642 6
0552 em 00  0.284  0.422  0.509 6
0552 cf 00  0.573  0.235  0.620 5
0552 pf 01  0.597  0.346  0.690 5
0552 pf 02 -0.420  0.013  0.420 8
0552 pf 03  0.853  1.417  1.654 6
0552 pf 04 -0.315 -0.074  0.324 1
0552 pf 05 -0.021 -0.144  0.146 2
0552 pf 06  0.774 -0.619  0.991 4
0552 pf 07  1.078  1.066  1.516 5
0552 pf 08  0.382  0.773  0.863 6
0552 pf 09 -0.659  0.859  1.082 7
0552 pf 10  0.344  0.645  0.731 6
0576 em 00  0.383  0.417  0.566 6
0576 cf 00  0.707  0.072  0.710 5
0576 pf 01  0.565  0.244  0.616 5
0576 pf 02 -0.377 -0.222  0.438 1
0576 pf 03  1.084  1.659  1.982 6
0576 pf 04  0.163 -0.168  0.234 3
0576 pf 05  0.064 -0.584  0.588 3
0576 pf 06  1.143 -0.340  1.192 4
0576 pf 07  0.906  1.410  1.676 6
0576 pf 08  0.295  0.787  0.841 6
0576 pf 09 -0.562  0.917  1.076 7
0576 pf 10  0.266  0.686  0.735 6
0600 em 00  0.414  0.489  0.641 6
0600 cf 00  0.654  0.217  0.689 5
0600 pf 01  0.577  0.225  0.620 5
0600 pf 02 -0.433 -0.366  0.567 1
0600 pf 03  1.117  1.669  2.008 6
0600 pf 04  0.378 -0.143  0.404 4
0600 pf 05  0.137 -0.845  0.856 3
0600 pf 06  1.498  0.177  1.508 5
0600 pf 07  0.850  1.791  1.983 6
0600 pf 08  0.195  0.858  0.880 6
0600 pf 09 -0.502  0.786  0.933 7
0600 pf 10  0.100  0.922  0.927 6
0624 em 00  0.365  0.573  0.679 6
0624 cf 00  0.780  0.376  0.866 5
0624 pf 01  0.511  0.361  0.626 5
0624 pf 02 -0.531 -0.247  0.586 1
0624 pf 03  0.848  1.606  1.816 6
0624 pf 04  0.595 -0.217  0.633 4
0624 pf 05  0.411 -0.790  0.890 3
0624 pf 06  1.425  0.671  1.575 5
0624 pf 07  0.583  2.032  2.114 6
0624 pf 08  0.051  0.855  0.856 6
0624 pf 09 -0.736  0.506  0.893 8
0624 pf 10  0.102  1.048  1.052 6
0648 em 00  0.252  0.667  0.713 6
0648 cf 00  0.890  0.480  1.011 5
0648 pf 01  0.359  0.439  0.568 6
0648 pf 02 -0.322  0.052  0.326 8
0648 pf 03  0.480  1.504  1.579 6
0648 pf 04  0.602  0.057  0.604 5
0648 pf 05  0.776 -0.568  0.962 4
0648 pf 06  1.234  0.922  1.540 5
0648 pf 07  0.030  2.506  2.506 6
0648 pf 08 -0.258  0.799  0.839 7
0648 pf 09 -1.049  0.102  1.054 8
0648 pf 10  0.063  0.968  0.970 6
0672 em 00  0.263  0.742  0.787 6
0672 cf 00  0.946  0.700  1.177 5
0672 pf 01  0.426  0.499  0.657 6
0672 pf 02 -0.203  0.204  0.288 7
0672 pf 03  0.288  1.412  1.441 6
0672 pf 04  0.781 -0.003  0.781 4
0672 pf 05  1.097 -0.067  1.099 4
0672 pf 06  0.956  1.056  1.425 6
0672 pf 07 -0.634  2.689  2.763 7
0672 pf 08 -0.403  0.822  0.915 7
0672 pf 09 -0.601  0.100  0.609 8
0672 pf 10  0.276  0.690  0.743 6
0696 em 00  0.298  0.767  0.823 6
0696 cf 00  1.002  0.947  1.378 5
0696 pf 01  0.303  0.488  0.575 6
0696 pf 02 -0.283  0.351  0.451 7
0696 pf 03  0.094  1.433  1.436 6
0696 pf 04  1.019  0.113  1.025 5
0696 pf 05  1.537  0.243  1.556 5
0696 pf 06  0.542  0.801  0.967 6
0696 pf 07 -0.866  2.651  2.789 7
0696 pf 08 -0.360  0.846  0.919 7
0696 pf 09  0.016  0.088  0.090 6
0696 pf 10  0.308  0.431  0.530 6
0720 em 00  0.263  0.797  0.840 6
0720 cf 00  0.732  1.129  1.346 6
0720 pf 01 -0.078  0.356  0.364 7
0720 pf 02 -0.086  0.507  0.514 7
0720 pf 03 -0.425  1.346  1.412 7
0720 pf 04  0.970  0.370  1.038 5
0720 pf 05  1.907  0.240  1.922 5
0720 pf 06  0.271  0.594  0.653 6
0720 pf 07 -0.904  2.794  2.937 7
0720 pf 08 -0.202  0.625  0.657 7
0720 pf 09  0.534  0.233  0.582 5
0720 pf 10  0.227  0.527  0.574 6
0744 em 00  0.239  0.770  0.806 6
0744 cf 00  0.626  1.217  1.368 6
0744 pf 01 -0.140  0.401  0.425 7
0744 pf 02  0.000  0.564  0.564 7
0744 pf 03 -0.864  1.021  1.337 7
0744 pf 04  0.955  0.519  1.087 5
0744 pf 05  2.077  0.387  2.112 5
0744 pf 06  0.039  0.250  0.253 6
0744 pf 07 -0.915  2.616  2.772 7
0744 pf 08 -0.129  0.691  0.703 7
0744 pf 09  0.955  0.133  0.964 5
0744 pf 10  0.082  0.633  0.638 6
0768 em 00  0.183  0.622  0.649 6
0768 cf 00  0.266  1.149  1.180 6
0768 pf 01 -0.302  0.007  0.302 8
0768 pf 02 -0.089  0.364  0.375 7
0768 pf 03 -1.200  0.341  1.248 8
0768 pf 04  0.891  0.559  1.052 5
0768 pf 05  1.934  0.642  2.037 5
0768 pf 06 -0.012 -0.117  0.118 2
0768 pf 07 -1.207  2.251  2.554 7
0768 pf 08  0.335  0.761  0.832 6
0768 pf 09  1.546  0.276  1.571 5
0768 pf 10 -0.080  0.583  0.588 7
0792 em 00  0.082  0.488  0.495 6
0792 cf 00  0.002  0.858  0.858 6
0792 pf 01 -0.301 -0.151  0.337 1
0792 pf 02 -0.242  0.145  0.282 8
0792 pf 03 -1.407 -0.446  1.475 1
0792 pf 04  0.708  0.767  1.044 6
0792 pf 05  1.706  0.943  1.949 5
0792 pf 06  0.042 -0.051  0.066 3
0792 pf 07 -0.990  2.047  2.274 7
0792 pf 08  0.402  0.463  0.613 6
0792 pf 09  1.594  0.280  1.618 5
0792 pf 10 -0.515  0.489  0.710 8
0816 em 00  0.053  0.445  0.448 6
0816 cf 00 -0.178  0.604  0.629 7
0816 pf 01 -0.195 -0.330  0.383 2
0816 pf 02 -0.207  0.224  0.305 7
0816 pf 03 -1.367 -1.067  1.734 1
0816 pf 04  0.416  0.976  1.061 6
0816 pf 05  1.468  0.855  1.699 5
0816 pf 06 -0.004  0.303  0.303 7
0816 pf 07 -0.553  2.073  2.146 7
0816 pf 08  0.627  0.252  0.676 5
0816 pf 09  1.461  0.597  1.578 5
0816 pf 10 -0.807  0.391  0.897 8
0840 em 00  0.068  0.575  0.579 6
0840 cf 00 -0.255  0.558  0.614 7
0840 pf 01 -0.356 -0.048  0.359 1
0840 pf 02 -0.096  0.716  0.723 7
0840 pf 03 -0.925 -1.210  1.523 2
0840 pf 04  0.281  1.069  1.106 6
0840 pf 05  1.567  1.340  2.062 5
0840 pf 06 -0.002  0.669  0.669 7
0840 pf 07 -0.344  1.782  1.815 7
0840 pf 08  0.649  0.237  0.691 5
0840 pf 09  1.005  0.959  1.390 5
0840 pf 10 -0.710  0.243  0.750 8
0864 em 00  0.069  0.692  0.695 6
0864 cf 00 -0.186  0.595  0.623 7
0864 pf 01 -0.502  0.323  0.597 8
0864 pf 02 -0.163  1.359  1.369 7
0864 pf 03 -0.699 -1.262  1.443 2
0864 pf 04  0.134  1.136  1.144 6
0864 pf 05  1.904  1.695  2.549 5
0864 pf 06 -0.078  0.857  0.861 7
0864 pf 07 -0.418  1.566  1.621 7
0864 pf 08  0.637  0.286  0.698 5
0864 pf 09  0.726  0.953  1.198 6
0864 pf 10 -0.532  0.080  0.538 8
0888 em 00  0.035  0.728  0.729 6
0888 cf 00 -0.283  0.551  0.620 7
0888 pf 01 -0.595  0.400  0.717 8
0888 pf 02 -0.255  1.608  1.628 7
0888 pf 03 -0.444 -1.018  1.110 2
0888 pf 04  0.002  1.089  1.089 6
0888 pf 05  2.076  1.783  2.736 5
0888 pf 06 -0.292  0.757  0.812 7
0888 pf 07 -0.713  1.517  1.676 7
0888 pf 08  0.503  0.522  0.725 6
0888 pf 09  0.744  0.725  1.039 5
0888 pf 10 -0.299  0.035  0.301 8
0912 em 00 -0.052  0.701  0.703 7
0912 cf 00 -0.271  0.425  0.504 7
0912 pf 01 -0.826  0.462  0.946 8
0912 pf 02 -0.392  1.648  1.694 7
0912 pf 03 -0.287 -0.820  0.869 2
0912 pf 04  0.064  0.821  0.824 6
0912 pf 05  1.764  1.891  2.586 6
0912 pf 06 -0.253  0.583  0.635 7
0912 pf 07 -0.687  1.490  1.641 7
0912 pf 08  0.277  0.856  0.900 6
0912 pf 09  0.292  0.441  0.528 6
0912 pf 10 -0.189 -0.122  0.225 1
0936 em 00 -0.109  0.684  0.693 7
0936 cf 00 -0.130  0.389  0.410 7
0936 pf 01 -1.039  0.364  1.101 8
0936 pf 02 -0.407  1.415  1.473 7
0936 pf 03 -0.032 -0.635  0.635 2
0936 pf 04  0.029  0.818  0.819 6
0936 pf 05  1.137  1.791  2.121 6
0936 pf 06 -0.269  0.496  0.564 7
0936 pf 07 -0.547  1.489  1.586 7
0936 pf 08  0.193  1.114  1.130 6
0936 pf 09 -0.163  0.431  0.461 7
0936 pf 10  0.074 -0.176  0.191 3
0960 em 00 -0.246  0.705  0.747 7
0960 cf 00 -0.246  0.298  0.387 7
0960 pf 01 -1.639  0.377  1.681 8
0960 pf 02 -0.598  1.282  1.414 7
0960 pf 03 -0.095 -0.308  0.322 2
0960 pf 04  0.075  0.846  0.849 6
0960 pf 05  0.428  1.761  1.813 6
0960 pf 06 -0.435  0.573  0.720 7
0960 pf 07 -0.363  1.664  1.703 7
0960 pf 08  0.151  1.491  1.499 6
0960 pf 09 -0.287  0.124  0.313 8
0960 pf 10  0.299 -0.399  0.499 3
0984 em 00 -0.385  0.558  0.678 7
0984 cf 00 -0.320  0.133  0.347 8
0984 pf 01 -1.957 -0.030  1.957 1
0984 pf 02 -0.722  1.066  1.288 7
0984 pf 03  0.139 -0.161  0.212 3
0984 pf 04  0.151  0.284  0.321 6
0984 pf 05 -0.223  1.915  1.928 7
0984 pf 06 -0.659  0.489  0.821 8
0984 pf 07 -0.332  1.727  1.758 7
0984 pf 08 -0.096  1.673  1.676 7
0984 pf 09 -0.375 -0.244  0.448 1
0984 pf 10  0.134 -0.756  0.768 3
1008 em 00 -0.410  0.411  0.581 7
1008 cf 00 -0.232 -0.209  0.312 1
1008 pf 01 -1.905 -0.219  1.918 1
1008 pf 02 -0.584  0.853  1.034 7
1008 pf 03  0.374  0.019  0.374 5
1008 pf 04  0.160 -0.280  0.323 3
1008 pf 05 -0.485  1.810  1.874 7
1008 pf 06 -0.448  0.257  0.516 8
1008 pf 07 -0.600  1.692  1.795 7
1008 pf 08 -0.334  1.687  1.720 7
1008 pf 09 -0.462 -0.560  0.726 2
1008 pf 10 -0.048 -0.567  0.569 2
1032 em 00 -0.507  0.310  0.594 8
1032 cf 00 -0.229 -0.395  0.456 2
1032 pf 01 -1.652 -0.499  1.725 1
1032 pf 02 -0.340  0.664  0.746 7
1032 pf 03  0.493  0.186  0.527 5
1032 pf 04  0.133 -0.373  0.396 3
1032 pf 05 -0.999  1.781  2.042 7
1032 pf 06 -0.723  0.104  0.730 8
1032 pf 07 -0.855  1.462  1.694 7
1032 pf 08 -0.829  1.748  1.935 7
1032 pf 09 -0.643 -0.871  1.082 2
1032 pf 10 -0.012 -0.438  0.438 2
1056 em 00 -0.715  0.273  0.765 8
1056 cf 00 -0.174 -0.431  0.465 2
1056 pf 01 -1.748 -0.785  1.916 1
1056 pf 02 -0.506  0.574  0.765 7
1056 pf 03  0.326  0.510  0.605 6
1056 pf 04  0.281 -0.673  0.730 3
1056 pf 05 -1.468  1.834  2.349 7
1056 pf 06 -1.228  0.063  1.229 8
1056 pf 07 -1.168  1.562  1.950 7
1056 pf 08 -1.264  1.747  2.156 7
1056 pf 09 -0.802 -0.966  1.256 2
1056 pf 10 -0.214 -0.477  0.523 2
1080 em 00 -0.782  0.252  0.822 8
1080 cf 00 -0.165 -0.378  0.412 2
1080 pf 01 -1.605 -0.920  1.850 1
1080 pf 02 -0.884  0.324  0.942 8
1080 pf 03  0.348  0.670  0.755 6
1080 pf 04  0.488 -0.579  0.757 3
1080 pf 05 -1.675  1.989  2.601 7
1080 pf 06 -1.231 -0.166  1.242 1
1080 pf 07 -1.163  1.726  2.081 7
1080 pf 08 -1.610  1.611  2.277 7
1080 pf 09 -0.849 -0.944  1.269 2
1080 pf 10 -0.361 -0.639  0.734 2
1104 em 00 -0.790  0.240  0.825 8
1104 cf 00 -0.227 -0.360  0.426 2
1104 pf 01 -1.226 -0.995  1.579 1
1104 pf 02 -0.832  0.458  0.950 8
1104 pf 03  0.347  0.561  0.660 6
1104 pf 04  0.550 -0.233  0.597 4
1104 pf 05 -1.508  1.962  2.474 7
1104 pf 06 -0.978 -0.371  1.046 1
1104 pf 07 -1.151  1.646  2.008 7
1104 pf 08 -1.790  1.376  2.258 8
1104 pf 09 -1.039 -0.956  1.412 1
1104 pf 10 -0.898 -0.544  1.050 1
