ecmf prod rf 2018040200 20200402 11 046
0024 em 00 -1.756  1.844  2.546 7
0024 cf 00 -1.741  1.828  2.524 7
0024 pf 01 -1.786  1.848  2.570 7
0024 pf 02 -1.649  1.719  2.382 7
0024 pf 03 -1.729  1.805  2.499 7
0024 pf 04 -1.720  1.649  2.383 8
0024 pf 05 -1.696  1.848  2.508 7
0024 pf 06 -1.729  1.817  2.508 7
0024 pf 07 -1.777  1.885  2.590 7
0024 pf 08 -1.767  1.795  2.519 7
0024 pf 09 -1.790  2.016  2.696 7
0024 pf 10 -1.647  1.871  2.493 7
0048 em 00 -2.074  1.405  2.505 8
0048 cf 00 -2.071  1.411  2.506 8
0048 pf 01 -2.160  1.422  2.586 8
0048 pf 02 -1.878  1.342  2.308 8
0048 pf 03 -2.110  1.348  2.503 8
0048 pf 04 -1.697  1.211  2.085 8
0048 pf 05 -1.943  1.417  2.405 8
0048 pf 06 -1.999  1.405  2.444 8
0048 pf 07 -2.076  1.378  2.492 8
0048 pf 08 -2.189  1.395  2.596 8
0048 pf 09 -2.216  1.548  2.703 8
0048 pf 10 -2.147  1.484  2.610 8
0072 em 00 -2.074  1.042  2.321 8
0072 cf 00 -2.063  1.077  2.327 8
0072 pf 01 -2.117  1.035  2.356 8
0072 pf 02 -1.910  1.129  2.218 8
0072 pf 03 -2.174  0.961  2.377 8
0072 pf 04 -1.520  0.925  1.779 8
0072 pf 05 -2.002  1.138  2.303 8
0072 pf 06 -1.927  0.921  2.136 8
0072 pf 07 -1.965  1.050  2.228 8
0072 pf 08 -2.296  0.920  2.474 8
0072 pf 09 -2.211  1.285  2.557 8
0072 pf 10 -2.299  0.971  2.496 8
0096 em 00 -1.938  0.483  1.997 8
0096 cf 00 -1.978  0.503  2.041 8
0096 pf 01 -1.993  0.423  2.037 8
0096 pf 02 -1.863  0.557  1.945 8
0096 pf 03 -1.886  0.422  1.932 8
0096 pf 04 -1.398  0.522  1.492 8
0096 pf 05 -2.136  0.712  2.252 8
0096 pf 06 -1.862  0.398  1.904 8
0096 pf 07 -1.605  0.574  1.704 8
0096 pf 08 -2.135  0.054  2.136 8
0096 pf 09 -2.141  0.778  2.278 8
0096 pf 10 -2.026  0.374  2.060 8
0120 em 00 -1.892  0.190  1.901 8
0120 cf 00 -1.988  0.288  2.009 8
0120 pf 01 -1.772  0.178  1.780 8
0120 pf 02 -2.025  0.266  2.043 8
0120 pf 03 -1.961 -0.028  1.961 1
0120 pf 04 -1.349  0.358  1.396 8
0120 pf 05 -2.197  0.330  2.222 8
0120 pf 06 -1.756  0.112  1.759 8
0120 pf 07 -1.522  0.431  1.582 8
0120 pf 08 -2.064 -0.254  2.080 1
0120 pf 09 -2.005  0.369  2.038 8
0120 pf 10 -1.900  0.097  1.903 8
0144 em 00 -1.800 -0.130  1.804 1
0144 cf 00 -1.895 -0.075  1.896 1
0144 pf 01 -1.674 -0.190  1.685 1
0144 pf 02 -1.858  0.019  1.858 8
0144 pf 03 -1.941 -0.494  2.003 1
0144 pf 04 -1.235  0.374  1.290 8
0144 pf 05 -2.263 -0.246  2.276 1
0144 pf 06 -1.646 -0.197  1.657 1
0144 pf 07 -1.340  0.338  1.382 8
0144 pf 08 -1.836 -0.689  1.961 1
0144 pf 09 -2.083 -0.014  2.083 1
0144 pf 10 -1.808 -0.169  1.816 1
0168 em 00 -1.628 -0.199  1.640 1
0168 cf 00 -1.699 -0.074  1.700 1
0168 pf 01 -1.433  0.034  1.433 8
0168 pf 02 -1.770 -0.164  1.777 1
0168 pf 03 -1.652 -0.674  1.784 1
0168 pf 04 -1.270  0.591  1.401 8
0168 pf 05 -2.290 -0.529  2.350 1
0168 pf 06 -1.302 -0.341  1.346 1
0168 pf 07 -1.059  0.338  1.111 8
0168 pf 08 -1.619 -0.922  1.863 1
0168 pf 09 -1.835 -0.076  1.837 1
0168 pf 10 -1.798 -0.238  1.814 1
0192 em 00 -1.320 -0.318  1.358 1
0192 cf 00 -1.381 -0.228  1.400 1
0192 pf 01 -1.340 -0.137  1.347 1
0192 pf 02 -0.997 -0.331  1.051 1
0192 pf 03 -1.113 -0.758  1.347 1
0192 pf 04 -1.037  0.482  1.143 8
0192 pf 05 -2.288 -0.765  2.413 1
0192 pf 06 -0.992 -0.435  1.083 1
0192 pf 07 -0.986  0.527  1.118 8
0192 pf 08 -1.087 -1.079  1.532 1
0192 pf 09 -1.555 -0.228  1.572 1
0192 pf 10 -1.619 -0.417  1.672 1
0216 em 00 -0.869 -0.527  1.017 1
0216 cf 00 -0.944 -0.531  1.083 1
0216 pf 01 -1.143 -0.535  1.262 1
0216 pf 02 -0.392 -0.361  0.533 1
0216 pf 03 -0.531 -1.018  1.148 2
0216 pf 04 -0.725  0.534  0.901 8
0216 pf 05 -1.694 -1.257  2.110 1
0216 pf 06 -0.591 -0.487  0.765 1
0216 pf 07 -0.701  0.508  0.866 8
0216 pf 08 -0.299 -1.077  1.117 2
0216 pf 09 -1.087 -0.623  1.253 1
0216 pf 10 -1.386 -0.831  1.616 1
0240 em 00 -0.602 -0.750  0.962 2
0240 cf 00 -0.636 -0.748  0.982 2
0240 pf 01 -0.884 -1.190  1.482 2
0240 pf 02 -0.135 -0.330  0.357 2
0240 pf 03 -0.125 -1.297  1.303 2
0240 pf 04 -0.617  0.287  0.681 8
0240 pf 05 -1.332 -1.744  2.194 2
0240 pf 06 -0.265 -0.619  0.674 2
0240 pf 07 -0.582  0.290  0.650 8
0240 pf 08  0.074 -1.066  1.068 3
0240 pf 09 -0.955 -0.818  1.257 1
0240 pf 10 -1.112 -0.896  1.428 1
0264 em 00 -0.384 -0.946  1.021 2
0264 cf 00 -0.370 -0.968  1.037 2
0264 pf 01 -0.772 -1.497  1.685 2
0264 pf 02 -0.217 -0.419  0.472 2
0264 pf 03  0.186 -1.495  1.506 3
0264 pf 04 -0.472  0.205  0.515 8
0264 pf 05 -0.553 -2.179  2.248 2
0264 pf 06 -0.143 -0.625  0.641 2
0264 pf 07 -0.524 -0.041  0.526 1
0264 pf 08  0.388 -0.992  1.065 3
0264 pf 09 -0.755 -1.029  1.277 2
0264 pf 10 -0.935 -1.216  1.534 2
0288 em 00 -0.147 -1.018  1.028 2
0288 cf 00 -0.345 -1.019  1.076 2
0288 pf 01 -0.312 -1.696  1.724 2
0288 pf 02  0.010 -0.601  0.601 3
0288 pf 03  0.239 -1.586  1.604 3
0288 pf 04 -0.595 -0.218  0.634 1
0288 pf 05 -0.054 -1.822  1.823 2
0288 pf 06 -0.134 -0.663  0.677 2
0288 pf 07 -0.328 -0.131  0.353 1
0288 pf 08  0.742 -0.912  1.176 3
0288 pf 09 -0.414 -1.228  1.296 2
0288 pf 10 -0.390 -1.152  1.217 2
0312 em 00  0.046 -1.040  1.041 3
0312 cf 00 -0.343 -0.956  1.016 2
0312 pf 01  0.228 -1.571  1.588 3
0312 pf 02  0.096 -0.689  0.696 3
0312 pf 03  0.305 -1.472  1.503 3
0312 pf 04 -0.619 -0.586  0.852 1
0312 pf 05  0.535 -1.612  1.699 3
0312 pf 06 -0.026 -0.580  0.580 2
0312 pf 07 -0.025 -0.468  0.468 2
0312 pf 08  0.784 -0.648  1.017 4
0312 pf 09 -0.136 -1.397  1.404 2
0312 pf 10 -0.257 -1.275  1.301 2
0336 em 00  0.175 -0.964  0.980 3
0336 cf 00 -0.214 -0.982  1.005 2
0336 pf 01  0.526 -1.306  1.408 3
0336 pf 02 -0.044 -0.639  0.640 2
0336 pf 03  0.389 -1.600  1.646 3
0336 pf 04 -0.599 -0.806  1.004 2
0336 pf 05  0.654 -1.482  1.620 3
0336 pf 06  0.432 -0.593  0.734 3
0336 pf 07  0.151 -0.432  0.457 3
0336 pf 08  0.646 -0.139  0.661 4
0336 pf 09  0.095 -1.225  1.229 3
0336 pf 10 -0.088 -1.189  1.192 2
0360 em 00  0.365 -0.913  0.983 3
0360 cf 00  0.062 -1.147  1.149 3
0360 pf 01  1.021 -1.032  1.452 3
0360 pf 02 -0.132 -0.674  0.687 2
0360 pf 03  0.559 -1.617  1.710 3
0360 pf 04 -0.251 -1.154  1.181 2
0360 pf 05  0.725 -1.342  1.525 3
0360 pf 06  0.699 -0.567  0.900 4
0360 pf 07  0.309 -0.565  0.644 3
0360 pf 08  0.637  0.302  0.705 5
0360 pf 09  0.180 -0.942  0.959 3
0360 pf 10  0.191 -1.080  1.097 3
0384 em 00  0.489 -0.761  0.904 3
0384 cf 00  0.325 -1.196  1.239 3
0384 pf 01  1.052 -0.786  1.314 4
0384 pf 02 -0.013 -0.848  0.848 2
0384 pf 03  0.577 -1.433  1.545 3
0384 pf 04  0.070 -1.144  1.147 3
0384 pf 05  0.844 -1.146  1.423 3
0384 pf 06  0.698 -0.441  0.826 4
0384 pf 07  0.366 -0.681  0.773 3
0384 pf 08  0.563  0.761  0.946 6
0384 pf 09  0.442 -0.435  0.620 4
0384 pf 10  0.396 -0.819  0.910 3
0408 em 00  0.513 -0.617  0.803 3
0408 cf 00  0.592 -1.027  1.185 3
0408 pf 01  1.121 -0.800  1.377 4
0408 pf 02 -0.196 -0.813  0.836 2
0408 pf 03  0.591 -1.394  1.514 3
0408 pf 04  0.185 -1.062  1.078 3
0408 pf 05  0.883 -0.767  1.169 4
0408 pf 06  0.288 -0.466  0.547 3
0408 pf 07  0.510 -0.655  0.830 3
0408 pf 08  0.308  1.193  1.232 6
0408 pf 09  0.722 -0.324  0.792 4
0408 pf 10  0.552 -0.494  0.741 4
0432 em 00  0.517 -0.473  0.701 4
0432 cf 00  0.714 -0.729  1.020 3
0432 pf 01  1.214 -0.569  1.340 4
0432 pf 02 -0.176 -0.743  0.763 2
0432 pf 03  0.625 -1.402  1.535 3
0432 pf 04  0.220 -0.920  0.946 3
0432 pf 05  1.012 -0.367  1.076 4
0432 pf 06 -0.001 -0.235  0.235 2
0432 pf 07  0.722 -0.478  0.866 4
0432 pf 08  0.012  1.220  1.220 6
0432 pf 09  0.569 -0.408  0.700 4
0432 pf 10  0.671 -0.410  0.786 4
0456 em 00  0.541 -0.329  0.633 4
0456 cf 00  0.805 -0.547  0.974 4
0456 pf 01  0.989 -0.423  1.075 4
0456 pf 02 -0.032 -0.652  0.653 2
0456 pf 03  0.575 -1.006  1.159 3
0456 pf 04  0.308 -0.768  0.827 3
0456 pf 05  0.757 -0.095  0.763 4
0456 pf 06  0.228 -0.108  0.252 4
0456 pf 07  1.135 -0.200  1.152 4
0456 pf 08 -0.239  0.865  0.898 7
0456 pf 09  0.415 -0.454  0.615 3
0456 pf 10  0.881 -0.084  0.885 4
0480 em 00  0.525 -0.221  0.570 4
0480 cf 00  0.821 -0.333  0.886 4
0480 pf 01  0.597  0.046  0.599 5
0480 pf 02  0.108 -0.583  0.593 3
0480 pf 03  0.575 -1.060  1.206 3
0480 pf 04  0.299 -0.558  0.633 3
0480 pf 05  0.652  0.329  0.731 5
0480 pf 06  0.694 -0.162  0.713 4
0480 pf 07  1.462  0.050  1.463 5
0480 pf 08 -0.445  0.583  0.733 7
0480 pf 09  0.311 -0.510  0.598 3
0480 pf 10  0.544 -0.139  0.561 4
0504 em 00  0.487 -0.106  0.498 4
0504 cf 00  0.783 -0.097  0.789 4
0504 pf 01  0.518  0.333  0.616 5
0504 pf 02  0.356 -0.489  0.605 3
0504 pf 03  0.788 -0.944  1.230 3
0504 pf 04  0.080 -0.426  0.433 3
0504 pf 05  0.587  0.533  0.793 5
0504 pf 06  0.571 -0.134  0.586 4
0504 pf 07  1.769  0.468  1.830 5
0504 pf 08 -0.567  0.302  0.642 8
0504 pf 09  0.248 -0.671  0.716 3
0504 pf 10  0.075  0.032  0.082 5
0528 em 00  0.528 -0.027  0.529 4
0528 cf 00  0.775  0.005  0.775 5
0528 pf 01  0.338  0.398  0.522 6
0528 pf 02  0.496 -0.266  0.563 4
0528 pf 03  1.232 -0.846  1.495 4
0528 pf 04 -0.094 -0.184  0.207 2
0528 pf 05  0.780  0.484  0.918 5
0528 pf 06  0.419 -0.059  0.423 4
0528 pf 07  1.963  0.729  2.093 5
0528 pf 08 -0.240 -0.039  0.243 1
0528 pf 09  0.176 -0.557  0.584 3
0528 pf 10 -0.169  0.096  0.194 8
0552 em 00  0.541  0.060  0.545 5
0552 cf 00  0.470  0.117  0.484 5
0552 pf 01  0.179  0.507  0.538 6
0552 pf 02  0.596 -0.161  0.618 4
0552 pf 03  1.550 -0.572  1.652 4
0552 pf 04 -0.142 -0.015  0.142 1
0552 pf 05  0.744  0.311  0.807 5
0552 pf 06  0.381 -0.224  0.442 4
0552 pf 07  1.659  1.055  1.966 5
0552 pf 08  0.119 -0.054  0.131 4
0552 pf 09  0.240 -0.486  0.542 3
0552 pf 10  0.020  0.241  0.241 6
0576 em 00  0.630  0.165  0.651 5
0576 cf 00  0.330  0.177  0.374 5
0576 pf 01  0.113  0.614  0.624 6
0576 pf 02  1.014 -0.003  1.014 4
0576 pf 03  1.965 -0.232  1.979 4
0576 pf 04 -0.081 -0.169  0.187 2
0576 pf 05  0.664  0.623  0.911 5
0576 pf 06  0.794 -0.197  0.818 4
0576 pf 07  1.335  1.410  1.942 6
0576 pf 08  0.388 -0.173  0.425 4
0576 pf 09 -0.061 -0.306  0.312 2
0576 pf 10  0.320  0.071  0.328 5
0600 em 00  0.621  0.240  0.666 5
0600 cf 00  0.311  0.063  0.317 5
0600 pf 01  0.054  0.647  0.650 6
0600 pf 02  0.854 -0.217  0.881 4
0600 pf 03  2.189  0.350  2.217 5
0600 pf 04 -0.023 -0.136  0.138 2
0600 pf 05  0.609  0.897  1.085 6
0600 pf 06  0.824 -0.063  0.826 4
0600 pf 07  1.317  1.355  1.890 6
0600 pf 08  0.392  0.091  0.402 5
0600 pf 09 -0.257 -0.286  0.385 2
0600 pf 10  0.418 -0.074  0.424 4
0624 em 00  0.541  0.344  0.641 5
0624 cf 00  0.238  0.056  0.244 5
0624 pf 01  0.048  0.501  0.503 6
0624 pf 02  0.421 -0.260  0.495 4
0624 pf 03  1.988  0.907  2.185 5
0624 pf 04  0.276 -0.260  0.379 4
0624 pf 05  0.813  1.087  1.357 6
0624 pf 06  0.804  0.238  0.839 5
0624 pf 07  1.049  1.630  1.938 6
0624 pf 08 -0.008  0.110  0.110 7
0624 pf 09 -0.377 -0.347  0.513 1
0624 pf 10  0.562  0.083  0.568 5
0648 em 00  0.423  0.424  0.600 6
0648 cf 00  0.154  0.108  0.188 5
0648 pf 01  0.010  0.352  0.352 6
0648 pf 02 -0.076 -0.113  0.136 2
0648 pf 03  1.860  1.153  2.188 5
0648 pf 04  0.431 -0.439  0.616 3
0648 pf 05  0.634  1.471  1.602 6
0648 pf 06  0.820  0.223  0.850 5
0648 pf 07  0.786  1.862  2.022 6
0648 pf 08 -0.204  0.251  0.324 7
0648 pf 09 -0.498 -0.496  0.702 1
0648 pf 10  0.587  0.238  0.634 5
0672 em 00  0.433  0.510  0.669 6
0672 cf 00  0.170  0.189  0.254 6
0672 pf 01 -0.031  0.373  0.374 7
0672 pf 02  0.074 -0.129  0.148 3
0672 pf 03  1.487  1.497  2.110 6
0672 pf 04  0.526 -0.380  0.649 4
0672 pf 05  0.567  1.599  1.697 6
0672 pf 06  1.112  0.457  1.202 5
0672 pf 07  0.839  2.025  2.192 6
0672 pf 08 -0.354  0.239  0.427 8
0672 pf 09 -0.252 -0.667  0.713 2
0672 pf 10  0.486  0.308  0.575 5
0696 em 00  0.299  0.670  0.733 6
0696 cf 00  0.218  0.391  0.448 6
0696 pf 01 -0.262  0.243  0.357 8
0696 pf 02  0.165  0.137  0.214 5
0696 pf 03  1.180  1.824  2.172 6
0696 pf 04  0.524 -0.082  0.530 4
0696 pf 05  0.309  1.921  1.946 6
0696 pf 06  0.874  0.711  1.127 5
0696 pf 07  0.513  2.105  2.167 6
0696 pf 08 -0.312  0.541  0.624 7
0696 pf 09 -0.138 -0.930  0.940 2
0696 pf 10  0.104  0.327  0.343 6
0720 em 00  0.182  0.715  0.738 6
0720 cf 00  0.164  0.500  0.526 6
0720 pf 01 -0.405 -0.048  0.407 1
0720 pf 02  0.428  0.605  0.741 6
0720 pf 03  0.644  1.969  2.071 6
0720 pf 04  0.463  0.121  0.479 5
0720 pf 05  0.140  2.042  2.047 6
0720 pf 06  0.713  0.461  0.849 5
0720 pf 07  0.243  2.057  2.072 6
0720 pf 08 -0.468  0.149  0.492 8
0720 pf 09  0.099 -0.760  0.767 3
0720 pf 10 -0.129  0.545  0.560 7
0744 em 00  0.086  0.676  0.682 6
0744 cf 00 -0.069  0.676  0.680 7
0744 pf 01 -0.095 -0.357  0.369 2
0744 pf 02  0.493  0.710  0.864 6
0744 pf 03  0.118  1.951  1.954 6
0744 pf 04  0.618  0.020  0.619 5
0744 pf 05 -0.328  1.740  1.771 7
0744 pf 06  0.486  0.351  0.599 5
0744 pf 07 -0.105  1.908  1.911 7
0744 pf 08 -0.302  0.096  0.317 8
0744 pf 09  0.404 -0.615  0.736 3
0744 pf 10 -0.368  0.744  0.830 7
0768 em 00 -0.077  0.611  0.616 7
0768 cf 00 -0.199  0.766  0.791 7
0768 pf 01  0.098 -0.752  0.759 3
0768 pf 02  0.358  0.994  1.057 6
0768 pf 03 -0.453  2.059  2.108 7
0768 pf 04  0.463 -0.035  0.464 4
0768 pf 05 -0.690  1.495  1.647 7
0768 pf 06  0.376  0.225  0.438 5
0768 pf 07 -0.498  1.683  1.756 7
0768 pf 08 -0.316 -0.331  0.458 2
0768 pf 09  0.575 -0.327  0.662 4
0768 pf 10 -0.611  0.761  0.976 7
0792 em 00 -0.208  0.494  0.535 7
0792 cf 00 -0.295  0.705  0.764 7
0792 pf 01  0.393 -0.779  0.872 3
0792 pf 02 -0.085  0.875  0.879 7
0792 pf 03 -0.996  1.846  2.098 7
0792 pf 04  0.399  0.054  0.403 5
0792 pf 05 -0.943  1.027  1.394 7
0792 pf 06  0.585  0.048  0.587 5
0792 pf 07 -0.802  1.492  1.694 7
0792 pf 08 -0.295 -0.462  0.548 2
0792 pf 09  0.571 -0.169  0.596 4
0792 pf 10 -0.863  0.606  1.055 8
0816 em 00 -0.260  0.438  0.510 7
0816 cf 00 -0.151  0.708  0.724 7
0816 pf 01  0.490 -0.685  0.842 3
0816 pf 02 -0.421  0.940  1.030 7
0816 pf 03 -1.156  1.561  1.943 7
0816 pf 04  0.527  0.230  0.575 5
0816 pf 05 -1.171  0.752  1.392 8
0816 pf 06  0.875  0.008  0.875 5
0816 pf 07 -0.849  1.589  1.801 7
0816 pf 08 -0.358 -0.619  0.715 2
0816 pf 09  0.290 -0.172  0.337 4
0816 pf 10 -0.977  0.325  1.030 8
0840 em 00 -0.203  0.371  0.423 7
0840 cf 00 -0.033  0.522  0.523 7
0840 pf 01  0.690 -0.453  0.825 4
0840 pf 02 -0.569  0.879  1.047 7
0840 pf 03 -1.074  1.126  1.557 7
0840 pf 04  0.598  0.307  0.672 5
0840 pf 05 -1.077  0.290  1.115 8
0840 pf 06  0.962  0.348  1.023 5
0840 pf 07 -0.694  1.396  1.559 7
0840 pf 08 -0.345 -0.579  0.674 2
0840 pf 09  0.080 -0.105  0.132 3
0840 pf 10 -0.807  0.169  0.825 8
0864 em 00 -0.194  0.343  0.394 7
0864 cf 00 -0.051  0.471  0.474 7
0864 pf 01  0.948 -0.166  0.963 4
0864 pf 02 -1.056  0.718  1.277 8
0864 pf 03 -1.046  0.707  1.262 8
0864 pf 04  0.739  0.548  0.920 5
0864 pf 05 -0.786  0.014  0.786 8
0864 pf 06  0.600  0.563  0.823 5
0864 pf 07 -0.619  1.533  1.653 7
0864 pf 08 -0.036 -0.430  0.431 2
0864 pf 09  0.081 -0.156  0.176 3
0864 pf 10 -0.955 -0.262  0.990 1
0888 em 00 -0.134  0.286  0.315 7
0888 cf 00  0.040  0.562  0.563 6
0888 pf 01  1.116 -0.058  1.117 4
0888 pf 02 -1.329  0.482  1.414 8
0888 pf 03 -1.065  0.321  1.112 8
0888 pf 04  1.019  0.734  1.256 5
0888 pf 05 -0.497  0.025  0.498 8
0888 pf 06  0.419  0.556  0.696 6
0888 pf 07 -0.580  1.489  1.598 7
0888 pf 08  0.307 -0.329  0.450 3
0888 pf 09  0.182 -0.246  0.306 3
0888 pf 10 -1.123 -0.630  1.287 1
0912 em 00 -0.155  0.276  0.316 7
0912 cf 00  0.047  0.567  0.569 6
0912 pf 01  1.133  0.240  1.158 5
0912 pf 02 -1.407  0.346  1.448 8
0912 pf 03 -0.880 -0.167  0.896 1
0912 pf 04  1.198  0.696  1.385 5
0912 pf 05 -0.514  0.116  0.526 8
0912 pf 06 -0.013  0.596  0.596 7
0912 pf 07 -0.864  1.555  1.778 7
0912 pf 08  0.260 -0.242  0.355 4
0912 pf 09  0.223 -0.224  0.316 3
0912 pf 10 -0.912 -0.708  1.154 1
0936 em 00 -0.173  0.249  0.304 7
0936 cf 00  0.046  0.592  0.594 6
0936 pf 01  0.963  0.329  1.017 5
0936 pf 02 -1.258  0.218  1.277 8
0936 pf 03 -0.661 -0.619  0.906 1
0936 pf 04  1.032  0.725  1.262 5
0936 pf 05 -0.153 -0.068  0.168 1
0936 pf 06 -0.538  0.631  0.829 7
0936 pf 07 -1.056  1.796  2.084 7
0936 pf 08  0.236 -0.018  0.237 4
0936 pf 09  0.108 -0.264  0.285 3
0936 pf 10 -0.636 -0.844  1.057 2
0960 em 00 -0.247  0.234  0.340 8
0960 cf 00 -0.020  0.520  0.521 7
0960 pf 01  0.875  0.554  1.035 5
0960 pf 02 -1.292 -0.032  1.293 1
0960 pf 03 -0.558 -0.869  1.033 2
0960 pf 04  0.424  0.594  0.730 6
0960 pf 05 -0.138 -0.348  0.374 2
0960 pf 06 -0.437  0.599  0.741 7
0960 pf 07 -1.242  2.222  2.546 7
0960 pf 08 -0.019  0.238  0.239 7
0960 pf 09  0.299 -0.284  0.412 4
0960 pf 10 -0.578 -0.876  1.050 2
0984 em 00 -0.287  0.166  0.331 8
0984 cf 00 -0.049  0.163  0.170 7
0984 pf 01  0.851  0.770  1.148 5
0984 pf 02 -1.001 -0.295  1.044 1
0984 pf 03 -0.601 -0.844  1.036 2
0984 pf 04  0.329  0.484  0.585 6
0984 pf 05 -0.098 -0.503  0.513 2
0984 pf 06 -0.639  0.510  0.818 8
0984 pf 07 -1.478  2.224  2.671 7
0984 pf 08 -0.143  0.343  0.371 7
0984 pf 09  0.274 -0.312  0.415 3
0984 pf 10 -0.574 -0.956  1.115 2
1008 em 00 -0.330  0.040  0.333 8
1008 cf 00 -0.158 -0.229  0.278 2
1008 pf 01  0.855  0.788  1.163 5
1008 pf 02 -0.817 -0.510  0.964 1
1008 pf 03 -0.462 -0.702  0.840 2
1008 pf 04  0.340  0.185  0.387 5
1008 pf 05 -0.141 -0.785  0.798 2
1008 pf 06 -0.753  0.575  0.947 8
1008 pf 07 -1.801  1.855  2.586 7
1008 pf 08 -0.538  0.312  0.622 8
1008 pf 09  0.262 -0.360  0.446 3
1008 pf 10 -0.399 -0.927  1.009 2
1032 em 00 -0.396 -0.030  0.397 1
1032 cf 00 -0.304 -0.499  0.584 2
1032 pf 01  0.302  0.543  0.621 6
1032 pf 02 -0.534 -0.702  0.882 2
1032 pf 03 -0.212 -0.574  0.612 2
1032 pf 04  0.257  0.072  0.267 5
1032 pf 05 -0.049 -0.982  0.983 2
1032 pf 06 -0.594  0.554  0.812 8
1032 pf 07 -2.172  1.772  2.804 8
1032 pf 08 -0.649  0.125  0.660 8
1032 pf 09  0.134 -0.298  0.326 3
1032 pf 10 -0.496 -0.548  0.739 2
1056 em 00 -0.403 -0.042  0.405 1
1056 cf 00 -0.234 -0.515  0.565 2
1056 pf 01 -0.136  0.477  0.496 7
1056 pf 02 -0.343 -0.887  0.951 2
1056 pf 03 -0.107 -0.538  0.548 2
1056 pf 04  0.297 -0.049  0.301 4
1056 pf 05  0.182 -0.997  1.013 3
1056 pf 06 -0.062  0.588  0.592 7
1056 pf 07 -2.578  1.695  3.085 8
1056 pf 08 -0.511  0.068  0.515 8
1056 pf 09 -0.073 -0.194  0.207 2
1056 pf 10 -0.797 -0.326  0.861 1
1080 em 00 -0.492 -0.057  0.496 1
1080 cf 00 -0.244 -0.375  0.447 2
1080 pf 01 -0.491  0.126  0.507 8
1080 pf 02 -0.320 -1.088  1.134 2
1080 pf 03 -0.157 -0.569  0.591 2
1080 pf 04  0.285  0.174  0.334 5
1080 pf 05  0.321 -1.153  1.197 3
1080 pf 06 -0.105  0.643  0.651 7
1080 pf 07 -2.972  1.432  3.299 8
1080 pf 08 -0.810  0.117  0.818 8
1080 pf 09 -0.003 -0.025  0.025 2
1080 pf 10 -0.805 -0.112  0.813 1
1104 em 00 -0.496 -0.123  0.511 1
1104 cf 00 -0.263 -0.076  0.274 1
1104 pf 01 -0.704 -0.249  0.747 1
1104 pf 02 -0.018 -1.178  1.178 2
1104 pf 03  0.103 -0.509  0.519 3
1104 pf 04  0.515  0.176  0.544 5
1104 pf 05  0.545 -1.238  1.353 3
1104 pf 06 -0.346  0.518  0.623 7
1104 pf 07 -2.905  0.779  3.007 8
1104 pf 08 -1.092  0.206  1.111 8
1104 pf 09 -0.028  0.055  0.061 7
1104 pf 10 -1.104 -0.022  1.104 1
