ecmf prod rf 1996071300 20150713 11 046
0024 em 00  1.427  0.096  1.430 5
0024 cf 00  1.362  0.111  1.367 5
0024 pf 01  1.480  0.065  1.481 5
0024 pf 02  1.539  0.013  1.539 5
0024 pf 03  1.261  0.121  1.267 5
0024 pf 04  1.527  0.149  1.534 5
0024 pf 05  1.425  0.193  1.438 5
0024 pf 06  1.380  0.057  1.381 5
0024 pf 07  1.333  0.089  1.336 5
0024 pf 08  1.359  0.147  1.367 5
0024 pf 09  1.326  0.005  1.326 5
0024 pf 10  1.421  0.163  1.431 5
0048 em 00  1.572  0.649  1.701 5
0048 cf 00  1.551  0.572  1.653 5
0048 pf 01  1.679  0.681  1.812 5
0048 pf 02  1.519  0.491  1.597 5
0048 pf 03  1.489  0.644  1.622 5
0048 pf 04  1.710  0.685  1.842 5
0048 pf 05  1.354  0.748  1.547 5
0048 pf 06  1.431  0.664  1.577 5
0048 pf 07  1.722  0.679  1.851 5
0048 pf 08  1.558  0.725  1.718 5
0048 pf 09  1.495  0.538  1.589 5
0048 pf 10  1.489  0.706  1.647 5
0072 em 00  1.567  0.828  1.772 5
0072 cf 00  1.596  0.702  1.743 5
0072 pf 01  1.718  0.884  1.932 5
0072 pf 02  1.558  0.651  1.689 5
0072 pf 03  1.352  0.721  1.532 5
0072 pf 04  1.711  0.869  1.920 5
0072 pf 05  1.306  0.913  1.593 5
0072 pf 06  1.560  0.816  1.760 5
0072 pf 07  1.738  0.768  1.900 5
0072 pf 08  1.358  0.980  1.675 5
0072 pf 09  1.701  0.891  1.920 5
0072 pf 10  1.344  0.839  1.584 5
0096 em 00  1.467  0.840  1.691 5
0096 cf 00  1.553  0.744  1.722 5
0096 pf 01  1.576  0.948  1.839 5
0096 pf 02  1.331  0.726  1.516 5
0096 pf 03  1.450  0.678  1.601 5
0096 pf 04  1.491  0.915  1.749 5
0096 pf 05  1.167  0.630  1.326 5
0096 pf 06  1.446  0.924  1.715 5
0096 pf 07  1.625  0.880  1.848 5
0096 pf 08  1.309  0.822  1.546 5
0096 pf 09  1.590  0.974  1.865 5
0096 pf 10  1.333  0.889  1.602 5
0120 em 00  1.426  1.049  1.770 5
0120 cf 00  1.558  0.976  1.839 5
0120 pf 01  1.446  1.147  1.845 5
0120 pf 02  1.140  1.027  1.534 5
0120 pf 03  1.396  0.959  1.694 5
0120 pf 04  1.548  1.073  1.884 5
0120 pf 05  1.336  0.737  1.526 5
0120 pf 06  1.391  1.143  1.800 5
0120 pf 07  1.576  1.073  1.906 5
0120 pf 08  1.148  0.933  1.479 5
0120 pf 09  1.651  1.181  2.030 5
0120 pf 10  1.234  1.149  1.686 5
0144 em 00  1.417  1.189  1.850 5
0144 cf 00  1.672  1.074  1.987 5
0144 pf 01  1.283  1.136  1.713 5
0144 pf 02  1.333  1.129  1.747 5
0144 pf 03  1.295  1.153  1.734 5
0144 pf 04  1.656  1.398  2.167 5
0144 pf 05  1.357  0.909  1.633 5
0144 pf 06  1.372  1.378  1.945 6
0144 pf 07  1.255  1.141  1.696 5
0144 pf 08  1.311  1.040  1.674 5
0144 pf 09  1.590  1.495  2.182 5
0144 pf 10  1.209  1.050  1.601 5
0168 em 00  1.323  1.215  1.796 5
0168 cf 00  1.551  1.093  1.898 5
0168 pf 01  1.250  1.322  1.820 6
0168 pf 02  1.455  1.082  1.814 5
0168 pf 03  1.250  0.947  1.568 5
0168 pf 04  1.553  1.519  2.172 5
0168 pf 05  1.182  0.862  1.463 5
0168 pf 06  0.920  1.444  1.712 6
0168 pf 07  0.984  0.989  1.396 6
0168 pf 08  1.483  1.168  1.888 5
0168 pf 09  1.583  1.389  2.106 5
0168 pf 10  1.114  1.326  1.732 6
0192 em 00  1.071  1.125  1.554 6
0192 cf 00  1.160  1.012  1.540 5
0192 pf 01  1.249  1.069  1.643 5
0192 pf 02  1.422  0.925  1.696 5
0192 pf 03  1.139  0.955  1.486 5
0192 pf 04  1.170  1.268  1.725 6
0192 pf 05  0.944  0.819  1.250 5
0192 pf 06  0.307  1.402  1.435 6
0192 pf 07  0.618  1.189  1.340 6
0192 pf 08  1.307  1.041  1.671 5
0192 pf 09  1.163  1.077  1.585 5
0192 pf 10  1.105  1.388  1.774 6
0216 em 00  0.840  1.109  1.391 6
0216 cf 00  0.803  1.049  1.322 6
0216 pf 01  0.888  1.145  1.449 6
0216 pf 02  0.987  0.892  1.330 5
0216 pf 03  0.819  0.975  1.273 6
0216 pf 04  0.962  1.052  1.425 6
0216 pf 05  0.897  0.774  1.185 5
0216 pf 06  0.119  1.156  1.162 6
0216 pf 07  0.392  1.217  1.278 6
0216 pf 08  1.401  1.106  1.785 5
0216 pf 09  0.830  1.255  1.505 6
0216 pf 10  0.970  1.362  1.672 6
0240 em 00  0.786  1.024  1.291 6
0240 cf 00  0.628  1.123  1.287 6
0240 pf 01  0.711  1.025  1.248 6
0240 pf 02  0.891  0.949  1.302 6
0240 pf 03  0.731  1.020  1.255 6
0240 pf 04  0.943  0.776  1.221 5
0240 pf 05  0.915  0.785  1.206 5
0240 pf 06  0.429  0.869  0.969 6
0240 pf 07  0.539  0.928  1.073 6
0240 pf 08  1.230  1.040  1.610 5
0240 pf 09  0.795  1.143  1.393 6
0240 pf 10  0.662  1.397  1.546 6
0264 em 00  0.700  0.818  1.077 6
0264 cf 00  0.542  0.946  1.091 6
0264 pf 01  0.417  0.695  0.810 6
0264 pf 02  1.032  0.901  1.370 5
0264 pf 03  0.677  0.735  0.999 6
0264 pf 04  0.700  0.709  0.996 6
0264 pf 05  0.959  0.839  1.274 5
0264 pf 06  0.373  0.642  0.743 6
0264 pf 07  0.448  0.629  0.772 6
0264 pf 08  1.237  0.845  1.498 5
0264 pf 09  0.837  0.900  1.229 6
0264 pf 10  0.321  0.953  1.005 6
0288 em 00  0.607  0.535  0.809 5
0288 cf 00  0.544  0.487  0.730 5
0288 pf 01  0.093  0.361  0.373 6
0288 pf 02  1.010  0.545  1.148 5
0288 pf 03  0.525  0.468  0.703 5
0288 pf 04  0.470  0.302  0.559 5
0288 pf 05  0.909  0.853  1.247 5
0288 pf 06  0.475  0.458  0.660 5
0288 pf 07  0.330  0.219  0.396 5
0288 pf 08  0.961  0.736  1.210 5
0288 pf 09  0.906  0.765  1.186 5
0288 pf 10  0.316  0.526  0.614 6
0312 em 00  0.358  0.279  0.454 5
0312 cf 00  0.298  0.006  0.298 5
0312 pf 01 -0.182 -0.016  0.182 1
0312 pf 02  0.579  0.291  0.648 5
0312 pf 03  0.291  0.365  0.467 6
0312 pf 04 -0.166 -0.139  0.216 1
0312 pf 05  0.622  0.742  0.969 6
0312 pf 06  0.371  0.265  0.457 5
0312 pf 07  0.061 -0.381  0.386 3
0312 pf 08  0.587  0.617  0.852 6
0312 pf 09  1.100  0.960  1.460 5
0312 pf 10  0.314  0.206  0.376 5
0336 em 00  0.284  0.297  0.411 6
0336 cf 00  0.143  0.062  0.156 5
0336 pf 01 -0.221 -0.116  0.249 1
0336 pf 02  0.372  0.645  0.745 6
0336 pf 03  0.556  0.668  0.869 6
0336 pf 04 -0.630 -0.302  0.699 1
0336 pf 05  0.445  0.628  0.770 6
0336 pf 06  0.546  0.388  0.670 5
0336 pf 07  0.009 -0.728  0.728 3
0336 pf 08  0.410  0.722  0.830 6
0336 pf 09  1.352  1.058  1.716 5
0336 pf 10  0.143  0.054  0.153 5
0360 em 00  0.211  0.366  0.422 6
0360 cf 00  0.196  0.161  0.254 5
0360 pf 01 -0.266  0.216  0.342 8
0360 pf 02  0.225  0.792  0.824 6
0360 pf 03  0.695  0.636  0.943 5
0360 pf 04 -0.856 -0.264  0.896 1
0360 pf 05  0.573  0.330  0.661 5
0360 pf 06  0.310  0.601  0.676 6
0360 pf 07 -0.175 -0.578  0.604 2
0360 pf 08  0.282  0.628  0.689 6
0360 pf 09  1.252  1.174  1.716 5
0360 pf 10  0.109  0.148  0.184 6
0384 em 00  0.210  0.392  0.444 6
0384 cf 00  0.176  0.194  0.262 6
0384 pf 01  0.023  0.024  0.033 6
0384 pf 02  0.124  0.872  0.880 6
0384 pf 03  0.614  0.854  1.052 6
0384 pf 04 -0.969 -0.316  1.019 1
0384 pf 05  0.938  0.158  0.951 5
0384 pf 06  0.500  0.637  0.810 6
0384 pf 07  0.009 -0.297  0.297 3
0384 pf 08  0.150  0.777  0.791 6
0384 pf 09  0.787  1.240  1.469 6
0384 pf 10 -0.009  0.014  0.016 7
0408 em 00  0.336  0.413  0.532 6
0408 cf 00  0.219  0.153  0.267 5
0408 pf 01  0.193 -0.313  0.368 3
0408 pf 02 -0.144  0.832  0.845 7
0408 pf 03  0.480  0.935  1.051 6
0408 pf 04 -0.938 -0.572  1.098 1
0408 pf 05  1.139  0.236  1.163 5
0408 pf 06  1.018  0.914  1.368 5
0408 pf 07  0.417 -0.137  0.439 4
0408 pf 08  0.295  1.153  1.190 6
0408 pf 09  0.702  1.055  1.267 6
0408 pf 10  0.352  0.126  0.374 5
0432 em 00  0.474  0.492  0.683 6
0432 cf 00  0.048 -0.015  0.051 4
0432 pf 01  0.378 -0.415  0.562 3
0432 pf 02  0.092  1.165  1.168 6
0432 pf 03  0.657  1.255  1.416 6
0432 pf 04 -0.674 -0.606  0.907 1
0432 pf 05  1.110  0.583  1.254 5
0432 pf 06  0.989  0.681  1.201 5
0432 pf 07  0.950  0.055  0.951 5
0432 pf 08  0.646  1.100  1.276 6
0432 pf 09  0.441  1.143  1.225 6
0432 pf 10  0.629  0.331  0.711 5
0456 em 00  0.541  0.649  0.845 6
0456 cf 00 -0.209 -0.021  0.210 1
0456 pf 01  0.658  0.080  0.663 5
0456 pf 02  0.029  1.184  1.185 6
0456 pf 03  0.740  1.512  1.684 6
0456 pf 04 -0.124 -0.381  0.400 2
0456 pf 05  1.237  0.652  1.398 5
0456 pf 06  0.665  0.779  1.025 6
0456 pf 07  1.140  0.426  1.218 5
0456 pf 08  0.943  1.152  1.489 6
0456 pf 09  0.045  1.124  1.125 6
0456 pf 10  0.886  0.494  1.015 5
0480 em 00  0.539  0.713  0.894 6
0480 cf 00 -0.076  0.118  0.141 7
0480 pf 01  0.547  0.633  0.837 6
0480 pf 02 -0.309  0.818  0.874 7
0480 pf 03  0.882  1.922  2.115 6
0480 pf 04  0.487 -0.624  0.791 3
0480 pf 05  1.051  0.514  1.170 5
0480 pf 06  0.405  0.794  0.892 6
0480 pf 07  1.204  0.621  1.355 5
0480 pf 08  0.851  1.319  1.570 6
0480 pf 09 -0.070  0.986  0.989 7
0480 pf 10  1.033  0.631  1.211 5
0504 em 00  0.484  0.736  0.881 6
0504 cf 00  0.125  0.342  0.365 6
0504 pf 01  0.387  0.867  0.949 6
0504 pf 02 -0.418  0.582  0.717 7
0504 pf 03  0.710  1.894  2.022 6
0504 pf 04  0.754 -0.379  0.843 4
0504 pf 05  0.849  0.181  0.868 5
0504 pf 06  0.192  1.081  1.097 6
0504 pf 07  1.287  0.605  1.422 5
0504 pf 08  0.591  1.074  1.225 6
0504 pf 09 -0.322  1.145  1.189 7
0504 pf 10  1.267  0.619  1.410 5
0528 em 00  0.466  0.621  0.776 6
0528 cf 00  0.245  0.061  0.252 5
0528 pf 01  0.112  0.716  0.725 6
0528 pf 02 -0.265  0.400  0.480 7
0528 pf 03  0.543  1.798  1.879 6
0528 pf 04  0.932 -0.198  0.952 4
0528 pf 05  0.642  0.053  0.644 5
0528 pf 06  0.416  1.067  1.145 6
0528 pf 07  1.291  0.580  1.416 5
0528 pf 08  0.475  0.557  0.732 6
0528 pf 09 -0.311  1.134  1.176 7
0528 pf 10  1.141  0.627  1.302 5
0552 em 00  0.273  0.531  0.597 6
0552 cf 00 -0.008 -0.099  0.100 2
0552 pf 01 -0.055  0.610  0.612 7
0552 pf 02 -0.314  0.243  0.397 8
0552 pf 03  0.147  1.700  1.706 6
0552 pf 04  0.727  0.071  0.731 5
0552 pf 05  0.547  0.111  0.559 5
0552 pf 06  0.371  0.995  1.062 6
0552 pf 07  1.183  0.727  1.388 5
0552 pf 08  0.179 -0.062  0.189 4
0552 pf 09 -0.472  0.989  1.096 7
0552 pf 10  0.798  0.545  0.966 5
0576 em 00  0.098  0.419  0.431 6
0576 cf 00 -0.398 -0.184  0.439 1
0576 pf 01 -0.223  0.359  0.423 7
0576 pf 02 -0.292  0.068  0.299 8
0576 pf 03  0.008  1.710  1.710 6
0576 pf 04  0.526 -0.043  0.528 4
0576 pf 05  0.454  0.011  0.455 5
0576 pf 06  0.113  0.925  0.932 6
0576 pf 07  1.102  0.889  1.416 5
0576 pf 08  0.120 -0.342  0.363 3
0576 pf 09 -0.909  0.694  1.144 8
0576 pf 10  0.661  0.556  0.864 5
0600 em 00  0.001  0.414  0.414 6
0600 cf 00 -0.587 -0.380  0.699 1
0600 pf 01 -0.177  0.209  0.275 7
0600 pf 02 -0.273 -0.240  0.363 1
0600 pf 03  0.424  1.821  1.870 6
0600 pf 04  0.123 -0.135  0.183 3
0600 pf 05  0.214  0.065  0.224 5
0600 pf 06  0.307  1.018  1.063 6
0600 pf 07  0.973  1.149  1.506 6
0600 pf 08 -0.020 -0.183  0.184 2
0600 pf 09 -1.306  0.278  1.335 8
0600 pf 10  0.378  0.994  1.064 6
0624 em 00 -0.146  0.443  0.466 7
0624 cf 00 -0.820 -0.592  1.011 1
0624 pf 01 -0.322  0.112  0.341 8
0624 pf 02 -0.079 -0.213  0.227 2
0624 pf 03  0.626  1.846  1.949 6
0624 pf 04 -0.276 -0.049  0.280 1
0624 pf 05  0.017  0.261  0.261 6
0624 pf 06 -0.169  1.190  1.202 7
0624 pf 07  0.728  1.414  1.590 6
0624 pf 08 -0.127  0.006  0.128 8
0624 pf 09 -1.322 -0.076  1.324 1
0624 pf 10  0.181  1.028  1.043 6
0648 em 00 -0.199  0.438  0.481 7
0648 cf 00 -0.661 -0.651  0.928 1
0648 pf 01 -0.473 -0.193  0.510 1
0648 pf 02  0.049 -0.141  0.149 3
0648 pf 03  0.339  1.972  2.001 6
0648 pf 04 -0.541  0.109  0.552 8
0648 pf 05 -0.268  0.471  0.542 7
0648 pf 06 -0.166  1.089  1.101 7
0648 pf 07  0.653  1.341  1.492 6
0648 pf 08 -0.131  0.011  0.131 8
0648 pf 09 -0.994 -0.230  1.020 1
0648 pf 10  0.050  1.083  1.084 6
0672 em 00 -0.107  0.357  0.373 7
0672 cf 00 -0.360 -0.815  0.891 2
0672 pf 01 -0.114 -0.287  0.309 2
0672 pf 02  0.340  0.002  0.340 5
0672 pf 03  0.381  2.150  2.183 6
0672 pf 04 -0.439  0.307  0.536 8
0672 pf 05 -0.308  0.291  0.424 8
0672 pf 06  0.059  0.855  0.857 6
0672 pf 07  0.599  1.283  1.415 6
0672 pf 08 -0.297 -0.156  0.336 1
0672 pf 09 -0.691 -0.609  0.921 1
0672 pf 10 -0.270  0.969  1.006 7
0696 em 00 -0.030  0.311  0.312 7
0696 cf 00 -0.085 -0.937  0.941 2
0696 pf 01  0.080 -0.239  0.252 3
0696 pf 02  0.526  0.422  0.675 5
0696 pf 03  0.299  2.067  2.089 6
0696 pf 04 -0.392  0.146  0.418 8
0696 pf 05 -0.392  0.000  0.392 8
0696 pf 06  0.160  0.964  0.977 6
0696 pf 07  0.424  1.122  1.199 6
0696 pf 08 -0.100 -0.286  0.303 2
0696 pf 09 -0.612 -0.462  0.767 1
0696 pf 10 -0.168  0.668  0.688 7
0720 em 00  0.053  0.235  0.241 6
0720 cf 00  0.105 -1.055  1.060 3
0720 pf 01  0.286 -0.047  0.290 4
0720 pf 02  0.681  0.250  0.725 5
0720 pf 03  0.015  1.596  1.596 6
0720 pf 04 -0.075  0.140  0.159 7
0720 pf 05 -0.219 -0.055  0.226 1
0720 pf 06 -0.072  0.986  0.988 7
0720 pf 07  0.009  0.929  0.929 6
0720 pf 08  0.110 -0.107  0.153 4
0720 pf 09 -0.264  0.134  0.296 8
0720 pf 10  0.025 -0.138  0.140 3
0744 em 00  0.037  0.146  0.150 6
0744 cf 00  0.178 -1.106  1.120 3
0744 pf 01  0.317 -0.261  0.411 4
0744 pf 02  0.789  0.016  0.789 5
0744 pf 03 -0.612  1.345  1.477 7
0744 pf 04  0.094  0.185  0.208 6
0744 pf 05 -0.117  0.210  0.240 7
0744 pf 06 -0.178  0.891  0.909 7
0744 pf 07 -0.201  0.780  0.806 7
0744 pf 08  0.261 -0.197  0.327 4
0744 pf 09 -0.277  0.412  0.496 7
0744 pf 10  0.118 -0.628  0.638 3
0768 em 00  0.032  0.110  0.114 6
0768 cf 00  0.298 -0.911  0.958 3
0768 pf 01  0.390 -0.111  0.406 4
0768 pf 02  0.415 -0.537  0.679 3
0768 pf 03 -0.914  1.246  1.545 7
0768 pf 04  0.323  0.336  0.466 6
0768 pf 05  0.080  0.562  0.568 6
0768 pf 06 -0.051  0.834  0.836 7
0768 pf 07 -0.455  0.722  0.854 7
0768 pf 08  0.263 -0.327  0.420 3
0768 pf 09 -0.205  0.198  0.285 8
0768 pf 10  0.128 -0.779  0.790 3
0792 em 00  0.087  0.139  0.164 6
0792 cf 00  0.431 -0.735  0.852 3
0792 pf 01  0.557 -0.039  0.558 4
0792 pf 02  0.152 -0.362  0.393 3
0792 pf 03 -1.074  1.233  1.636 7
0792 pf 04  0.492  0.544  0.733 6
0792 pf 05  0.150  0.560  0.580 6
0792 pf 06  0.135  0.838  0.848 6
0792 pf 07 -0.375  0.395  0.544 7
0792 pf 08  0.369 -0.238  0.439 4
0792 pf 09 -0.087  0.075  0.115 8
0792 pf 10  0.105 -0.730  0.737 3
0816 em 00  0.230  0.102  0.252 5
0816 cf 00  0.438 -0.435  0.618 4
0816 pf 01  1.097  0.146  1.106 5
0816 pf 02  0.751 -0.242  0.789 4
0816 pf 03 -1.060  1.218  1.615 7
0816 pf 04  0.517  0.395  0.651 5
0816 pf 05  0.179  0.320  0.367 6
0816 pf 06  0.207  0.566  0.602 6
0816 pf 07 -0.426 -0.059  0.430 1
0816 pf 08  0.277 -0.180  0.331 4
0816 pf 09 -0.063 -0.114  0.130 2
0816 pf 10  0.509 -0.497  0.711 4
0840 em 00  0.301  0.193  0.358 5
0840 cf 00  0.161 -0.215  0.269 3
0840 pf 01  1.037  0.301  1.080 5
0840 pf 02  1.164 -0.172  1.177 4
0840 pf 03 -0.866  1.121  1.416 7
0840 pf 04  0.535  0.516  0.743 5
0840 pf 05  0.270  0.256  0.372 5
0840 pf 06  0.086  0.545  0.552 6
0840 pf 07 -0.150 -0.211  0.259 2
0840 pf 08  0.149  0.182  0.235 6
0840 pf 09  0.079  0.073  0.108 5
0840 pf 10  0.745 -0.338  0.818 4
0864 em 00  0.342  0.243  0.420 5
0864 cf 00 -0.208 -0.106  0.233 1
0864 pf 01  0.947  0.307  0.995 5
0864 pf 02  1.083 -0.048  1.084 4
0864 pf 03 -0.743  1.340  1.532 7
0864 pf 04  0.598  0.571  0.827 5
0864 pf 05  0.325  0.336  0.467 6
0864 pf 06  0.336  0.675  0.754 6
0864 pf 07 -0.240 -0.557  0.607 2
0864 pf 08  0.416  0.337  0.536 5
0864 pf 09  0.388  0.043  0.391 5
0864 pf 10  0.748 -0.304  0.807 4
0888 em 00  0.362  0.179  0.404 5
0888 cf 00 -0.269  0.137  0.302 8
0888 pf 01  0.849  0.282  0.895 5
0888 pf 02  0.633 -0.066  0.637 4
0888 pf 03 -0.429  1.636  1.691 7
0888 pf 04  0.515  0.433  0.673 5
0888 pf 05  0.416  0.367  0.555 5
0888 pf 06  0.490  0.535  0.725 6
0888 pf 07 -0.227 -0.944  0.970 2
0888 pf 08  0.524 -0.204  0.562 4
0888 pf 09  0.460 -0.180  0.494 4
0888 pf 10  0.943 -0.101  0.948 4
0912 em 00  0.273  0.089  0.288 5
0912 cf 00 -0.156  0.100  0.186 8
0912 pf 01  0.645  0.422  0.771 5
0912 pf 02  0.203 -0.292  0.356 3
0912 pf 03 -0.560  1.265  1.383 7
0912 pf 04  0.581  0.452  0.736 5
0912 pf 05  0.238  0.296  0.380 6
0912 pf 06  0.809  0.412  0.908 5
0912 pf 07 -0.016 -1.183  1.184 2
0912 pf 08  0.134 -0.647  0.661 3
0912 pf 09  0.287 -0.190  0.344 4
0912 pf 10  0.808  0.292  0.859 5
0936 em 00  0.156  0.068  0.171 5
0936 cf 00 -0.018  0.170  0.171 7
0936 pf 01  0.701  0.112  0.710 5
0936 pf 02 -0.446 -0.536  0.698 2
0936 pf 03 -0.676  0.793  1.042 7
0936 pf 04  0.604  0.684  0.913 6
0936 pf 05  0.196  0.258  0.324 6
0936 pf 06  0.641  0.391  0.750 5
0936 pf 07  0.134 -1.223  1.230 3
0936 pf 08  0.023 -0.718  0.718 3
0936 pf 09  0.209  0.430  0.478 6
0936 pf 10  0.331  0.323  0.462 5
0960 em 00  0.057  0.116  0.130 6
0960 cf 00 -0.258  0.231  0.347 8
0960 pf 01  0.457 -0.179  0.490 4
0960 pf 02 -0.736 -0.447  0.861 1
0960 pf 03 -0.877  0.540  1.030 8
0960 pf 04  0.706  0.814  1.078 6
0960 pf 05  0.131  0.138  0.190 6
0960 pf 06  0.576  0.487  0.754 5
0960 pf 07  0.059 -0.782  0.784 3
0960 pf 08  0.237 -0.731  0.769 3
0960 pf 09  0.109  0.725  0.733 6
0960 pf 10  0.223  0.411  0.468 6
0984 em 00  0.029  0.105  0.109 6
0984 cf 00 -0.514  0.191  0.548 8
0984 pf 01  0.219 -0.347  0.411 3
0984 pf 02 -0.985 -0.487  1.099 1
0984 pf 03 -0.805  0.317  0.865 8
0984 pf 04  0.709  1.094  1.303 6
0984 pf 05 -0.002  0.184  0.184 7
0984 pf 06  0.902  0.552  1.058 5
0984 pf 07  0.114 -0.525  0.537 3
0984 pf 08  0.443 -1.022  1.114 3
0984 pf 09  0.203  0.778  0.804 6
0984 pf 10  0.043  0.377  0.379 6
1008 em 00 -0.007  0.040  0.040 7
1008 cf 00 -0.589  0.146  0.607 8
1008 pf 01  0.226 -0.330  0.400 3
1008 pf 02 -1.000 -0.758  1.255 1
1008 pf 03 -0.650  0.361  0.744 8
1008 pf 04  0.590  1.074  1.225 6
1008 pf 05  0.010  0.057  0.058 6
1008 pf 06  0.948  0.466  1.056 5
1008 pf 07 -0.056 -0.334  0.338 2
1008 pf 08  0.303 -0.881  0.932 3
1008 pf 09  0.283  0.424  0.510 6
1008 pf 10 -0.095  0.178  0.201 7
1032 em 00 -0.076  0.004  0.077 8
1032 cf 00 -0.683  0.016  0.683 8
1032 pf 01  0.170 -0.021  0.171 4
1032 pf 02 -0.829 -0.933  1.248 2
1032 pf 03 -0.391  0.328  0.510 8
1032 pf 04  0.335  0.739  0.812 6
1032 pf 05 -0.068 -0.179  0.192 2
1032 pf 06  0.554  0.254  0.609 5
1032 pf 07 -0.393  0.078  0.401 8
1032 pf 08  0.225 -0.893  0.920 3
1032 pf 09  0.371  0.331  0.497 5
1032 pf 10 -0.043  0.298  0.302 7
1056 em 00 -0.061 -0.038  0.072 1
1056 cf 00 -0.753 -0.260  0.797 1
1056 pf 01  0.782  0.315  0.843 5
1056 pf 02 -0.585 -0.934  1.102 2
1056 pf 03  0.164  0.226  0.279 6
1056 pf 04 -0.143  0.683  0.698 7
1056 pf 05  0.118 -0.526  0.539 3
1056 pf 06  0.106  0.045  0.115 5
1056 pf 07 -0.744  0.434  0.861 8
1056 pf 08  0.108 -1.066  1.072 3
1056 pf 09  0.146  0.369  0.397 6
1056 pf 10  0.231  0.277  0.360 6
1080 em 00 -0.011 -0.078  0.078 2
1080 cf 00 -0.903 -0.882  1.262 1
1080 pf 01  1.117  0.139  1.126 5
1080 pf 02 -0.427 -1.051  1.134 2
1080 pf 03 -0.143  0.233  0.273 7
1080 pf 04 -0.017  0.695  0.695 7
1080 pf 05 -0.145 -0.383  0.410 2
1080 pf 06  0.261  0.071  0.270 5
1080 pf 07 -0.790  0.646  1.020 8
1080 pf 08  0.205 -0.941  0.963 3
1080 pf 09  0.049  0.464  0.467 6
1080 pf 10  0.749  0.141  0.762 5
1104 em 00  0.073 -0.079  0.108 3
1104 cf 00 -0.955 -1.238  1.564 2
1104 pf 01  1.352  0.260  1.377 5
1104 pf 02 -0.277 -0.717  0.769 2
1104 pf 03 -0.680  0.375  0.777 8
1104 pf 04  0.632  0.597  0.869 5
1104 pf 05 -0.123 -0.273  0.299 2
1104 pf 06  0.483 -0.007  0.483 4
1104 pf 07 -0.926  0.813  1.232 8
1104 pf 08  0.611 -0.999  1.172 3
1104 pf 09 -0.044  0.243  0.247 7
1104 pf 10  0.799  0.066  0.802 5
