ecmf prod rf 1997052800 20150528 11 046
0024 em 00 -0.840  2.982  3.099 7
0024 cf 00 -0.867  2.954  3.079 7
0024 pf 01 -0.809  2.981  3.088 7
0024 pf 02 -0.826  3.003  3.115 7
0024 pf 03 -0.901  3.022  3.154 7
0024 pf 04 -0.808  2.817  2.931 7
0024 pf 05 -0.677  2.984  3.059 7
0024 pf 06 -0.943  2.983  3.129 7
0024 pf 07 -0.886  2.891  3.024 7
0024 pf 08 -0.715  2.953  3.038 7
0024 pf 09 -0.770  2.913  3.013 7
0024 pf 10 -0.891  3.016  3.145 7
0048 em 00 -1.027  2.684  2.873 7
0048 cf 00 -1.033  2.668  2.861 7
0048 pf 01 -0.986  2.550  2.734 7
0048 pf 02 -1.076  2.635  2.846 7
0048 pf 03 -1.103  2.673  2.892 7
0048 pf 04 -0.942  2.617  2.782 7
0048 pf 05 -0.848  2.684  2.815 7
0048 pf 06 -1.028  2.764  2.949 7
0048 pf 07 -1.096  2.598  2.820 7
0048 pf 08 -0.946  2.697  2.858 7
0048 pf 09 -0.861  2.612  2.750 7
0048 pf 10 -1.240  2.732  3.001 7
0072 em 00 -0.930  2.493  2.661 7
0072 cf 00 -0.799  2.418  2.547 7
0072 pf 01 -0.926  2.494  2.660 7
0072 pf 02 -0.930  2.412  2.585 7
0072 pf 03 -1.044  2.454  2.666 7
0072 pf 04 -0.901  2.464  2.624 7
0072 pf 05 -0.766  2.511  2.625 7
0072 pf 06 -1.075  2.515  2.735 7
0072 pf 07 -0.932  2.363  2.541 7
0072 pf 08 -0.804  2.510  2.635 7
0072 pf 09 -0.907  2.465  2.627 7
0072 pf 10 -1.030  2.534  2.735 7
0096 em 00 -0.851  2.412  2.558 7
0096 cf 00 -0.696  2.406  2.505 7
0096 pf 01 -0.896  2.295  2.464 7
0096 pf 02 -0.816  2.120  2.272 7
0096 pf 03 -0.950  2.425  2.604 7
0096 pf 04 -0.719  2.366  2.473 7
0096 pf 05 -0.764  2.517  2.630 7
0096 pf 06 -0.967  2.461  2.644 7
0096 pf 07 -0.876  2.377  2.533 7
0096 pf 08 -0.738  2.292  2.408 7
0096 pf 09 -0.790  2.370  2.498 7
0096 pf 10 -1.040  2.595  2.796 7
0120 em 00 -0.845  2.269  2.422 7
0120 cf 00 -0.582  2.237  2.311 7
0120 pf 01 -0.943  2.020  2.229 7
0120 pf 02 -0.743  1.904  2.044 7
0120 pf 03 -1.094  2.242  2.495 7
0120 pf 04 -0.705  2.129  2.242 7
0120 pf 05 -0.718  2.432  2.536 7
0120 pf 06 -1.135  2.362  2.620 7
0120 pf 07 -0.778  2.401  2.524 7
0120 pf 08 -0.784  2.312  2.441 7
0120 pf 09 -0.791  2.279  2.412 7
0120 pf 10 -0.916  2.295  2.471 7
0144 em 00 -0.973  2.145  2.355 7
0144 cf 00 -0.862  2.230  2.391 7
0144 pf 01 -0.965  1.815  2.056 7
0144 pf 02 -0.964  1.810  2.051 7
0144 pf 03 -1.131  1.881  2.195 7
0144 pf 04 -0.996  2.117  2.340 7
0144 pf 05 -1.139  2.307  2.572 7
0144 pf 06 -1.026  2.063  2.304 7
0144 pf 07 -0.903  2.433  2.596 7
0144 pf 08 -0.786  2.246  2.379 7
0144 pf 09 -0.827  2.149  2.303 7
0144 pf 10 -0.998  2.158  2.377 7
0168 em 00 -1.187  1.807  2.162 7
0168 cf 00 -1.079  1.814  2.111 7
0168 pf 01 -1.308  1.588  2.058 7
0168 pf 02 -1.119  1.517  1.885 7
0168 pf 03 -1.434  1.390  1.997 8
0168 pf 04 -1.146  1.998  2.304 7
0168 pf 05 -1.276  1.765  2.178 7
0168 pf 06 -1.503  1.717  2.282 7
0168 pf 07 -1.036  2.038  2.286 7
0168 pf 08 -0.909  2.176  2.358 7
0168 pf 09 -0.842  1.688  1.887 7
0168 pf 10 -1.261  1.822  2.215 7
0192 em 00 -1.312  1.548  2.029 7
0192 cf 00 -1.304  1.506  1.993 7
0192 pf 01 -1.302  1.414  1.922 7
0192 pf 02 -1.032  1.437  1.769 7
0192 pf 03 -1.713  1.093  2.033 8
0192 pf 04 -1.231  1.644  2.054 7
0192 pf 05 -1.587  1.411  2.124 8
0192 pf 06 -1.691  1.459  2.234 8
0192 pf 07 -1.156  1.833  2.167 7
0192 pf 08 -0.925  1.788  2.014 7
0192 pf 09 -0.941  1.577  1.836 7
0192 pf 10 -1.376  1.539  2.064 7
0216 em 00 -1.473  1.308  1.970 8
0216 cf 00 -1.631  1.274  2.069 8
0216 pf 01 -1.352  1.221  1.822 8
0216 pf 02 -1.108  1.053  1.529 8
0216 pf 03 -1.881  0.885  2.079 8
0216 pf 04 -1.476  1.223  1.916 8
0216 pf 05 -1.656  1.167  2.026 8
0216 pf 06 -1.932  1.633  2.530 8
0216 pf 07 -1.247  1.459  1.919 7
0216 pf 08 -1.199  1.383  1.830 7
0216 pf 09 -1.034  1.361  1.710 7
0216 pf 10 -1.496  1.384  2.038 8
0240 em 00 -1.617  0.987  1.894 8
0240 cf 00 -1.885  0.999  2.134 8
0240 pf 01 -1.557  1.046  1.876 8
0240 pf 02 -1.045  0.755  1.289 8
0240 pf 03 -2.066  0.544  2.136 8
0240 pf 04 -1.492  0.662  1.632 8
0240 pf 05 -1.955  0.878  2.143 8
0240 pf 06 -1.934  1.252  2.303 8
0240 pf 07 -1.522  1.009  1.826 8
0240 pf 08 -1.298  1.036  1.660 8
0240 pf 09 -1.247  1.160  1.703 8
0240 pf 10 -1.581  1.177  1.971 8
0264 em 00 -1.865  0.687  1.988 8
0264 cf 00 -1.993  0.621  2.087 8
0264 pf 01 -1.668  0.591  1.770 8
0264 pf 02 -1.369  0.589  1.490 8
0264 pf 03 -2.317  0.205  2.326 8
0264 pf 04 -1.684  0.489  1.754 8
0264 pf 05 -2.387  0.537  2.447 8
0264 pf 06 -2.126  0.863  2.294 8
0264 pf 07 -1.600  0.606  1.711 8
0264 pf 08 -1.632  0.700  1.776 8
0264 pf 09 -1.624  1.031  1.924 8
0264 pf 10 -1.879  1.020  2.138 8
0288 em 00 -1.861  0.405  1.904 8
0288 cf 00 -2.042  0.351  2.072 8
0288 pf 01 -1.815  0.206  1.826 8
0288 pf 02 -1.614  0.382  1.659 8
0288 pf 03 -2.143 -0.121  2.147 1
0288 pf 04 -1.747  0.404  1.794 8
0288 pf 05 -2.179  0.177  2.186 8
0288 pf 06 -2.116  0.505  2.175 8
0288 pf 07 -1.270  0.727  1.464 8
0288 pf 08 -1.672  0.362  1.710 8
0288 pf 09 -1.710  0.662  1.833 8
0288 pf 10 -1.871  0.528  1.944 8
0312 em 00 -1.705  0.173  1.714 8
0312 cf 00 -1.783 -0.077  1.785 1
0312 pf 01 -1.816 -0.263  1.834 1
0312 pf 02 -1.823  0.232  1.838 8
0312 pf 03 -1.688 -0.406  1.736 1
0312 pf 04 -1.732  0.292  1.757 8
0312 pf 05 -1.793  0.238  1.809 8
0312 pf 06 -1.873  0.091  1.875 8
0312 pf 07 -1.045  0.436  1.132 8
0312 pf 08 -1.702  0.516  1.779 8
0312 pf 09 -1.572  0.425  1.628 8
0312 pf 10 -1.629  0.174  1.638 8
0336 em 00 -1.636 -0.114  1.640 1
0336 cf 00 -1.692 -0.231  1.707 1
0336 pf 01 -1.610 -0.446  1.671 1
0336 pf 02 -1.952 -0.046  1.953 1
0336 pf 03 -1.180 -0.837  1.446 1
0336 pf 04 -1.944  0.121  1.948 8
0336 pf 05 -1.772 -0.241  1.789 1
0336 pf 06 -1.459 -0.218  1.475 1
0336 pf 07 -0.928  0.118  0.935 8
0336 pf 08 -1.686  0.022  1.687 8
0336 pf 09 -1.624  0.353  1.662 8
0336 pf 10 -1.846 -0.093  1.848 1
0360 em 00 -1.600 -0.418  1.653 1
0360 cf 00 -1.576 -0.355  1.616 1
0360 pf 01 -1.226 -0.466  1.311 1
0360 pf 02 -1.996 -0.198  2.005 1
0360 pf 03 -1.021 -1.052  1.466 2
0360 pf 04 -2.014 -0.470  2.068 1
0360 pf 05 -1.889 -0.578  1.975 1
0360 pf 06 -1.450 -0.742  1.629 1
0360 pf 07 -0.809 -0.228  0.840 1
0360 pf 08 -1.648 -0.293  1.674 1
0360 pf 09 -1.511  0.139  1.517 8
0360 pf 10 -2.142 -0.565  2.216 1
0384 em 00 -1.497 -0.581  1.606 1
0384 cf 00 -1.569 -0.555  1.664 1
0384 pf 01 -0.699 -0.767  1.038 2
0384 pf 02 -1.962 -0.312  1.987 1
0384 pf 03 -0.856 -1.071  1.371 2
0384 pf 04 -1.927 -0.744  2.066 1
0384 pf 05 -1.782 -1.043  2.065 1
0384 pf 06 -1.735 -0.556  1.822 1
0384 pf 07 -0.711 -0.400  0.816 1
0384 pf 08 -1.512 -0.368  1.556 1
0384 pf 09 -1.603 -0.129  1.609 1
0384 pf 10 -1.781 -0.657  1.898 1
0408 em 00 -1.410 -0.805  1.623 1
0408 cf 00 -1.663 -0.585  1.763 1
0408 pf 01 -0.166 -1.006  1.020 2
0408 pf 02 -1.869 -0.858  2.056 1
0408 pf 03 -0.940 -1.025  1.390 2
0408 pf 04 -2.150 -1.050  2.393 1
0408 pf 05 -1.692 -1.213  2.081 1
0408 pf 06 -1.585 -0.627  1.704 1
0408 pf 07 -0.348 -0.911  0.975 2
0408 pf 08 -1.699 -0.700  1.838 1
0408 pf 09 -1.517 -0.376  1.562 1
0408 pf 10 -1.533 -0.703  1.686 1
0432 em 00 -1.276 -0.922  1.574 1
0432 cf 00 -1.724 -0.628  1.835 1
0432 pf 01  0.244 -1.007  1.036 3
0432 pf 02 -1.628 -1.212  2.030 1
0432 pf 03 -0.832 -1.001  1.301 2
0432 pf 04 -2.286 -1.336  2.647 1
0432 pf 05 -1.503 -1.356  2.024 1
0432 pf 06 -1.341 -0.760  1.541 1
0432 pf 07 -0.349 -0.823  0.894 2
0432 pf 08 -1.796 -0.905  2.011 1
0432 pf 09 -1.435 -0.604  1.557 1
0432 pf 10 -1.031 -0.675  1.232 1
0456 em 00 -1.057 -1.140  1.555 2
0456 cf 00 -1.591 -1.032  1.897 1
0456 pf 01  0.177 -1.067  1.082 3
0456 pf 02 -1.620 -1.098  1.957 1
0456 pf 03 -0.365 -1.356  1.404 2
0456 pf 04 -2.225 -1.566  2.721 1
0456 pf 05 -1.156 -1.814  2.152 2
0456 pf 06 -0.978 -1.208  1.554 2
0456 pf 07 -0.183 -0.745  0.767 2
0456 pf 08 -1.620 -1.202  2.017 1
0456 pf 09 -1.227 -0.866  1.502 1
0456 pf 10 -0.485 -0.732  0.878 2
0480 em 00 -0.841 -1.303  1.551 2
0480 cf 00 -1.579 -1.361  2.085 1
0480 pf 01  0.265 -0.886  0.925 3
0480 pf 02 -1.571 -1.246  2.005 1
0480 pf 03  0.228 -1.117  1.140 3
0480 pf 04 -2.426 -1.887  3.074 1
0480 pf 05 -0.999 -2.205  2.420 2
0480 pf 06 -0.841 -1.496  1.717 2
0480 pf 07 -0.205 -0.602  0.636 2
0480 pf 08 -1.011 -1.720  1.995 2
0480 pf 09 -0.685 -1.234  1.411 2
0480 pf 10 -0.096 -0.701  0.708 2
0504 em 00 -0.638 -1.455  1.588 2
0504 cf 00 -1.425 -1.774  2.276 2
0504 pf 01  0.657 -0.601  0.890 4
0504 pf 02 -1.405 -1.600  2.129 2
0504 pf 03  0.578 -1.169  1.304 3
0504 pf 04 -2.092 -1.883  2.815 1
0504 pf 05 -0.789 -2.301  2.432 2
0504 pf 06 -0.423 -1.743  1.794 2
0504 pf 07 -0.309 -0.651  0.721 2
0504 pf 08 -0.767 -2.210  2.339 2
0504 pf 09 -0.635 -1.448  1.581 2
0504 pf 10 -0.089 -0.712  0.718 2
0528 em 00 -0.399 -1.507  1.559 2
0528 cf 00 -1.352 -2.212  2.592 2
0528 pf 01  1.277 -0.580  1.403 4
0528 pf 02 -1.240 -1.817  2.200 2
0528 pf 03  0.830 -1.216  1.472 3
0528 pf 04 -1.718 -2.048  2.673 2
0528 pf 05 -0.680 -2.131  2.237 2
0528 pf 06 -0.244 -1.646  1.664 2
0528 pf 07 -0.229 -0.435  0.491 2
0528 pf 08 -0.562 -2.519  2.580 2
0528 pf 09 -0.063 -1.599  1.600 2
0528 pf 10 -0.082 -0.453  0.460 2
0552 em 00 -0.191 -1.550  1.562 2
0552 cf 00 -1.148 -2.639  2.877 2
0552 pf 01  1.810 -0.845  1.998 4
0552 pf 02 -1.046 -1.672  1.973 2
0552 pf 03  0.845 -1.252  1.510 3
0552 pf 04 -1.515 -2.183  2.657 2
0552 pf 05 -0.338 -1.875  1.906 2
0552 pf 06  0.353 -1.614  1.653 3
0552 pf 07 -0.576 -0.391  0.696 1
0552 pf 08 -0.152 -2.365  2.370 2
0552 pf 09  0.113 -1.574  1.578 3
0552 pf 10 -0.102 -0.712  0.720 2
0576 em 00 -0.032 -1.642  1.643 2
0576 cf 00 -1.025 -2.904  3.080 2
0576 pf 01  1.841 -1.030  2.110 4
0576 pf 02 -0.750 -1.904  2.046 2
0576 pf 03  0.578 -1.232  1.361 3
0576 pf 04 -1.361 -2.379  2.741 2
0576 pf 05  0.073 -1.671  1.672 3
0576 pf 06  0.321 -1.750  1.780 3
0576 pf 07 -0.255 -0.196  0.322 1
0576 pf 08  0.477 -2.412  2.458 3
0576 pf 09  0.212 -1.507  1.522 3
0576 pf 10 -0.121 -1.104  1.110 2
0600 em 00  0.053 -1.668  1.669 3
0600 cf 00 -0.599 -2.816  2.879 2
0600 pf 01  1.687 -0.854  1.891 4
0600 pf 02 -0.343 -2.129  2.157 2
0600 pf 03  0.073 -1.152  1.154 3
0600 pf 04 -1.139 -2.739  2.966 2
0600 pf 05  0.134 -1.543  1.548 3
0600 pf 06  0.535 -1.876  1.951 3
0600 pf 07 -0.491 -0.344  0.599 1
0600 pf 08  0.479 -2.354  2.402 3
0600 pf 09  0.270 -1.275  1.303 3
0600 pf 10  0.281 -1.270  1.301 3
0624 em 00  0.144 -1.476  1.483 3
0624 cf 00 -0.044 -2.573  2.573 2
0624 pf 01  1.388 -0.328  1.427 4
0624 pf 02  0.001 -2.297  2.297 2
0624 pf 03  0.031 -0.777  0.778 3
0624 pf 04 -0.915 -2.784  2.930 2
0624 pf 05  0.088 -1.374  1.377 3
0624 pf 06  0.321 -1.693  1.723 3
0624 pf 07 -0.639 -0.372  0.740 1
0624 pf 08  0.653 -2.029  2.132 3
0624 pf 09  0.435 -0.968  1.061 3
0624 pf 10  0.542 -1.024  1.159 3
0648 em 00  0.329 -1.299  1.340 3
0648 cf 00  0.544 -2.373  2.435 3
0648 pf 01  1.340 -0.092  1.343 4
0648 pf 02  0.435 -2.094  2.138 3
0648 pf 03 -0.241 -0.347  0.422 2
0648 pf 04 -0.355 -2.660  2.684 2
0648 pf 05  0.303 -1.392  1.425 3
0648 pf 06  0.458 -1.408  1.481 3
0648 pf 07 -0.787 -0.599  0.989 1
0648 pf 08  0.778 -1.817  1.976 3
0648 pf 09  0.560 -0.609  0.827 3
0648 pf 10  0.820 -0.870  1.196 3
0672 em 00  0.609 -1.056  1.219 3
0672 cf 00  1.111 -2.123  2.396 3
0672 pf 01  1.214  0.718  1.411 5
0672 pf 02  0.749 -1.529  1.703 3
0672 pf 03  0.003 -0.181  0.181 3
0672 pf 04  0.098 -2.396  2.398 3
0672 pf 05  0.497 -1.137  1.241 3
0672 pf 06  0.829 -1.206  1.464 3
0672 pf 07 -0.847 -0.772  1.146 1
0672 pf 08  1.095 -1.513  1.868 3
0672 pf 09  0.788 -0.524  0.946 4
0672 pf 10  1.356 -0.904  1.630 4
0696 em 00  0.792 -0.981  1.261 3
0696 cf 00  1.319 -1.721  2.169 3
0696 pf 01  0.903  0.604  1.086 5
0696 pf 02  1.033 -1.216  1.595 3
0696 pf 03  0.451 -0.293  0.538 4
0696 pf 04  0.212 -2.448  2.457 3
0696 pf 05  0.710 -0.799  1.069 3
0696 pf 06  1.149 -1.086  1.581 4
0696 pf 07 -0.483 -0.783  0.920 2
0696 pf 08  1.378 -1.211  1.835 4
0696 pf 09  0.878 -0.687  1.115 4
0696 pf 10  1.328 -1.041  1.687 4
0720 em 00  0.832 -0.879  1.210 3
0720 cf 00  1.333 -1.153  1.763 4
0720 pf 01  0.331  0.490  0.591 6
0720 pf 02  1.170 -0.815  1.426 4
0720 pf 03  0.947 -0.315  0.998 4
0720 pf 04  0.466 -2.301  2.348 3
0720 pf 05  0.760 -0.868  1.154 3
0720 pf 06  1.167 -0.620  1.321 4
0720 pf 07 -0.221 -0.819  0.848 2
0720 pf 08  1.380 -1.137  1.788 4
0720 pf 09  0.629 -0.854  1.060 3
0720 pf 10  1.321 -1.132  1.740 4
0744 em 00  0.786 -0.653  1.022 4
0744 cf 00  1.386 -0.562  1.495 4
0744 pf 01  0.152  0.885  0.898 6
0744 pf 02  0.976 -0.721  1.213 4
0744 pf 03  0.832 -0.246  0.868 4
0744 pf 04  0.808 -2.122  2.270 3
0744 pf 05  0.777 -0.542  0.947 4
0744 pf 06  0.937 -0.224  0.964 4
0744 pf 07 -0.525 -0.652  0.837 2
0744 pf 08  1.190 -0.916  1.502 4
0744 pf 09  0.455 -1.038  1.134 3
0744 pf 10  1.757 -0.899  1.974 4
0768 em 00  0.855 -0.319  0.912 4
0768 cf 00  1.494 -0.239  1.513 4
0768 pf 01  0.072  1.165  1.167 6
0768 pf 02  0.890 -0.270  0.931 4
0768 pf 03  0.825  0.022  0.825 5
0768 pf 04  1.363 -1.741  2.211 3
0768 pf 05  0.957 -0.500  1.080 4
0768 pf 06  0.888  0.202  0.911 5
0768 pf 07 -0.527 -0.223  0.573 1
0768 pf 08  0.983 -0.334  1.038 4
0768 pf 09  0.443 -0.921  1.022 3
0768 pf 10  2.095 -0.542  2.164 4
0792 em 00  0.862 -0.145  0.874 4
0792 cf 00  1.238 -0.139  1.246 4
0792 pf 01  0.059  1.189  1.191 6
0792 pf 02  0.784 -0.030  0.784 4
0792 pf 03  0.805  0.128  0.815 5
0792 pf 04  1.440 -1.357  1.979 4
0792 pf 05  0.808 -0.244  0.844 4
0792 pf 06  0.789  0.411  0.889 5
0792 pf 07 -0.185 -0.138  0.231 1
0792 pf 08  0.934 -0.080  0.937 4
0792 pf 09  0.328 -1.020  1.072 3
0792 pf 10  2.552 -0.188  2.559 4
0816 em 00  0.900 -0.016  0.900 4
0816 cf 00  1.051 -0.120  1.058 4
0816 pf 01  0.258  1.520  1.542 6
0816 pf 02  0.784  0.066  0.787 5
0816 pf 03  0.962  0.160  0.975 5
0816 pf 04  1.543 -1.180  1.943 4
0816 pf 05  0.756 -0.099  0.762 4
0816 pf 06  0.732  0.146  0.746 5
0816 pf 07  0.092 -0.113  0.146 3
0816 pf 08  0.938 -0.056  0.940 4
0816 pf 09  0.484 -0.483  0.683 4
0816 pf 10  2.354  0.121  2.357 5
0840 em 00  0.909  0.158  0.923 5
0840 cf 00  1.053  0.080  1.057 5
0840 pf 01  0.073  1.750  1.752 6
0840 pf 02  0.815  0.023  0.815 5
0840 pf 03  0.811  0.094  0.817 5
0840 pf 04  1.677 -0.762  1.842 4
0840 pf 05  1.038  0.170  1.052 5
0840 pf 06  0.711  0.055  0.714 5
0840 pf 07 -0.050 -0.221  0.226 2
0840 pf 08  0.584  0.222  0.624 5
0840 pf 09  1.005 -0.109  1.011 4
0840 pf 10  2.318  0.551  2.382 5
0864 em 00  0.880  0.237  0.911 5
0864 cf 00  1.084  0.301  1.125 5
0864 pf 01 -0.392  1.794  1.836 7
0864 pf 02  0.936 -0.254  0.970 4
0864 pf 03  0.691 -0.319  0.761 4
0864 pf 04  1.926 -0.369  1.961 4
0864 pf 05  1.196  0.321  1.238 5
0864 pf 06  0.894  0.154  0.907 5
0864 pf 07 -0.148 -0.631  0.648 2
0864 pf 08  0.037  0.484  0.486 6
0864 pf 09  1.348 -0.051  1.349 4
0864 pf 10  2.140  1.295  2.501 5
0888 em 00  0.901  0.253  0.936 5
0888 cf 00  0.861  0.392  0.946 5
0888 pf 01 -0.466  1.428  1.502 7
0888 pf 02  1.214 -0.024  1.215 4
0888 pf 03  0.572 -0.287  0.640 4
0888 pf 04  1.991 -0.492  2.050 4
0888 pf 05  1.299  0.351  1.345 5
0888 pf 06  0.852  0.471  0.974 5
0888 pf 07  0.074 -0.929  0.932 3
0888 pf 08  0.106  0.554  0.564 6
0888 pf 09  1.570  0.125  1.575 5
0888 pf 10  1.897  1.310  2.306 5
0912 em 00  0.785  0.296  0.839 5
0912 cf 00  0.662  0.584  0.883 5
0912 pf 01 -0.412  0.833  0.929 7
0912 pf 02  1.506 -0.015  1.506 4
0912 pf 03  0.126 -0.268  0.296 3
0912 pf 04  1.451 -0.265  1.475 4
0912 pf 05  1.294  0.176  1.306 5
0912 pf 06  0.576  1.027  1.177 6
0912 pf 07  0.207 -0.734  0.763 3
0912 pf 08  0.127  0.520  0.535 6
0912 pf 09  1.492  0.093  1.495 5
0912 pf 10  1.689  1.407  2.198 5
0936 em 00  0.726  0.273  0.776 5
0936 cf 00  0.661  0.605  0.896 5
0936 pf 01 -0.307  0.366  0.478 7
0936 pf 02  1.825  0.277  1.846 5
0936 pf 03  0.009 -0.639  0.639 3
0936 pf 04  1.157  0.024  1.158 5
0936 pf 05  1.152  0.310  1.193 5
0936 pf 06  0.274  0.834  0.878 6
0936 pf 07  0.662 -0.751  1.002 3
0936 pf 08 -0.016  0.492  0.492 7
0936 pf 09  1.554  0.041  1.554 5
0936 pf 10  1.142  1.549  1.924 6
0960 em 00  0.767  0.307  0.826 5
0960 cf 00  0.843  0.599  1.034 5
0960 pf 01 -0.260  0.337  0.426 7
0960 pf 02  2.007  0.421  2.050 5
0960 pf 03  0.375 -0.441  0.579 3
0960 pf 04  0.889  0.096  0.895 5
0960 pf 05  1.031  0.552  1.169 5
0960 pf 06  0.236  0.822  0.855 6
0960 pf 07  1.078 -0.741  1.308 4
0960 pf 08  0.115  0.304  0.325 6
0960 pf 09  1.652 -0.071  1.653 4
0960 pf 10  0.594  1.618  1.723 6
0984 em 00  0.722  0.308  0.784 5
0984 cf 00  0.935  0.585  1.103 5
0984 pf 01 -0.167  0.492  0.519 7
0984 pf 02  1.984  0.587  2.069 5
0984 pf 03  0.346 -0.410  0.536 3
0984 pf 04  0.754  0.242  0.792 5
0984 pf 05  0.995  0.419  1.080 5
0984 pf 06  0.025  0.653  0.654 6
0984 pf 07  0.911 -0.839  1.239 4
0984 pf 08  0.099 -0.011  0.099 4
0984 pf 09  1.717  0.131  1.722 5
0984 pf 10  0.452  1.693  1.753 6
1008 em 00  0.739  0.313  0.803 5
1008 cf 00  1.004  0.413  1.086 5
1008 pf 01  0.363  0.832  0.908 6
1008 pf 02  1.849  0.595  1.942 5
1008 pf 03  0.348 -0.154  0.381 4
1008 pf 04  1.109  0.352  1.164 5
1008 pf 05  0.766  0.228  0.799 5
1008 pf 06 -0.283  0.449  0.531 7
1008 pf 07  0.773 -0.868  1.162 3
1008 pf 08  0.264  0.034  0.266 5
1008 pf 09  1.788  0.221  1.801 5
1008 pf 10  0.255  1.541  1.562 6
1032 em 00  0.685  0.313  0.753 5
1032 cf 00  0.936  0.500  1.061 5
1032 pf 01  0.372  0.650  0.749 6
1032 pf 02  1.497  0.857  1.725 5
1032 pf 03  0.365  0.158  0.398 5
1032 pf 04  1.219  0.365  1.272 5
1032 pf 05  0.491  0.104  0.502 5
1032 pf 06 -0.109  0.252  0.275 7
1032 pf 07  1.006 -0.590  1.167 4
1032 pf 08  0.423 -0.041  0.425 4
1032 pf 09  1.732  0.199  1.744 5
1032 pf 10 -0.312  1.211  1.250 7
1056 em 00  0.623  0.331  0.705 5
1056 cf 00  0.912  0.624  1.105 5
1056 pf 01  0.222  0.227  0.318 6
1056 pf 02  1.019  0.935  1.383 5
1056 pf 03  0.529  0.068  0.533 5
1056 pf 04  1.004  0.280  1.042 5
1056 pf 05  0.524  0.176  0.553 5
1056 pf 06  0.140  0.324  0.353 6
1056 pf 07  0.995 -0.105  1.000 4
1056 pf 08  0.587 -0.027  0.587 4
1056 pf 09  1.448  0.432  1.511 5
1056 pf 10 -0.497  0.954  1.076 7
1080 em 00  0.599  0.398  0.719 5
1080 cf 00  0.925  0.737  1.183 5
1080 pf 01  0.395  0.329  0.514 5
1080 pf 02  0.967  1.180  1.526 6
1080 pf 03  0.605  0.016  0.606 5
1080 pf 04  0.842  0.309  0.897 5
1080 pf 05  0.013  0.421  0.422 6
1080 pf 06  0.309  0.197  0.366 5
1080 pf 07  0.918  0.184  0.936 5
1080 pf 08  1.067 -0.126  1.074 4
1080 pf 09  1.036  0.589  1.192 5
1080 pf 10 -0.497  0.783  0.928 7
1104 em 00  0.486  0.520  0.712 6
1104 cf 00  0.841  0.773  1.142 5
1104 pf 01  0.276  0.401  0.487 6
1104 pf 02  0.782  1.469  1.664 6
1104 pf 03  0.414  0.242  0.479 5
1104 pf 04  0.547  0.468  0.720 5
1104 pf 05 -0.095  0.657  0.664 7
1104 pf 06  0.591  0.289  0.658 5
1104 pf 07  0.371  0.540  0.655 6
1104 pf 08  1.461  0.071  1.463 5
1104 pf 09  0.687  0.518  0.861 5
1104 pf 10 -0.508  0.532  0.735 7
