ecmf prod rf 2011121500 20161215 11 046
0024 em 00  0.591  0.070  0.595 5
0024 cf 00  0.525  0.060  0.528 5
0024 pf 01  0.622  0.031  0.623 5
0024 pf 02  0.560 -0.036  0.561 4
0024 pf 03  0.558 -0.018  0.559 4
0024 pf 04  0.615  0.151  0.633 5
0024 pf 05  0.680  0.212  0.712 5
0024 pf 06  0.481 -0.029  0.482 4
0024 pf 07  0.455  0.080  0.462 5
0024 pf 08  0.614  0.152  0.633 5
0024 pf 09  0.609  0.029  0.609 5
0024 pf 10  0.668  0.110  0.677 5
0048 em 00  0.728 -0.186  0.751 4
0048 cf 00  0.658 -0.271  0.712 4
0048 pf 01  0.634 -0.179  0.659 4
0048 pf 02  0.724 -0.233  0.760 4
0048 pf 03  0.879 -0.146  0.891 4
0048 pf 04  0.818 -0.225  0.849 4
0048 pf 05  0.784 -0.048  0.785 4
0048 pf 06  0.519 -0.356  0.629 4
0048 pf 07  0.622 -0.192  0.651 4
0048 pf 08  0.777 -0.081  0.781 4
0048 pf 09  0.659 -0.187  0.685 4
0048 pf 10  0.792 -0.123  0.802 4
0072 em 00  0.711 -0.070  0.715 4
0072 cf 00  0.646 -0.190  0.673 4
0072 pf 01  0.604 -0.106  0.613 4
0072 pf 02  0.704 -0.015  0.704 4
0072 pf 03  0.796  0.066  0.798 5
0072 pf 04  0.762 -0.057  0.764 4
0072 pf 05  0.668  0.144  0.683 5
0072 pf 06  0.481 -0.310  0.573 4
0072 pf 07  0.554 -0.085  0.560 4
0072 pf 08  0.763 -0.169  0.781 4
0072 pf 09  0.824 -0.003  0.824 4
0072 pf 10  0.893 -0.055  0.895 4
0096 em 00  0.781  0.018  0.781 5
0096 cf 00  0.672 -0.140  0.687 4
0096 pf 01  0.752 -0.145  0.766 4
0096 pf 02  0.856  0.230  0.886 5
0096 pf 03  0.779  0.197  0.803 5
0096 pf 04  0.864  0.112  0.872 5
0096 pf 05  0.790  0.349  0.864 5
0096 pf 06  0.660 -0.102  0.668 4
0096 pf 07  0.478 -0.177  0.510 4
0096 pf 08  0.913 -0.215  0.938 4
0096 pf 09  0.822 -0.010  0.822 4
0096 pf 10  0.883  0.075  0.886 5
0120 em 00  0.790  0.063  0.793 5
0120 cf 00  0.679 -0.192  0.705 4
0120 pf 01  1.077 -0.191  1.094 4
0120 pf 02  0.867  0.244  0.901 5
0120 pf 03  0.746  0.296  0.802 5
0120 pf 04  0.930  0.258  0.965 5
0120 pf 05  0.705  0.289  0.762 5
0120 pf 06  0.665 -0.059  0.668 4
0120 pf 07  0.359 -0.145  0.387 4
0120 pf 08  1.031 -0.088  1.035 4
0120 pf 09  0.795 -0.036  0.796 4
0120 pf 10  0.723  0.303  0.784 5
0144 em 00  0.761  0.053  0.763 5
0144 cf 00  0.587 -0.150  0.606 4
0144 pf 01  1.139 -0.194  1.155 4
0144 pf 02  0.791  0.272  0.837 5
0144 pf 03  0.720  0.460  0.855 5
0144 pf 04  0.832  0.408  0.927 5
0144 pf 05  0.648  0.380  0.751 5
0144 pf 06  0.694 -0.074  0.698 4
0144 pf 07  0.491 -0.242  0.548 4
0144 pf 08  1.090 -0.142  1.100 4
0144 pf 09  0.787 -0.330  0.854 4
0144 pf 10  0.464  0.190  0.501 5
0168 em 00  0.929  0.131  0.938 5
0168 cf 00  0.909 -0.146  0.921 4
0168 pf 01  1.160  0.039  1.160 5
0168 pf 02  0.923  0.384  1.000 5
0168 pf 03  1.007  0.337  1.062 5
0168 pf 04  0.735  0.279  0.786 5
0168 pf 05  0.580  0.544  0.796 5
0168 pf 06  1.046 -0.034  1.047 4
0168 pf 07  0.948 -0.197  0.968 4
0168 pf 08  1.074 -0.091  1.077 4
0168 pf 09  1.085 -0.051  1.086 4
0168 pf 10  0.578  0.367  0.684 5
0192 em 00  1.110  0.241  1.136 5
0192 cf 00  1.157  0.003  1.157 5
0192 pf 01  1.301  0.090  1.304 5
0192 pf 02  1.205  0.605  1.348 5
0192 pf 03  1.018  0.575  1.169 5
0192 pf 04  0.889  0.316  0.944 5
0192 pf 05  0.810  0.532  0.969 5
0192 pf 06  1.163 -0.010  1.163 4
0192 pf 07  1.363 -0.200  1.378 4
0192 pf 08  1.385  0.126  1.391 5
0192 pf 09  1.130  0.202  1.148 5
0192 pf 10  0.600  0.381  0.711 5
0216 em 00  1.238  0.193  1.253 5
0216 cf 00  1.325 -0.010  1.325 4
0216 pf 01  1.168  0.052  1.169 5
0216 pf 02  1.508  0.544  1.603 5
0216 pf 03  0.986  0.467  1.091 5
0216 pf 04  0.953  0.176  0.969 5
0216 pf 05  0.897  0.398  0.981 5
0216 pf 06  1.367  0.003  1.367 5
0216 pf 07  1.778  0.011  1.778 5
0216 pf 08  1.311  0.078  1.314 5
0216 pf 09  1.195  0.084  1.198 5
0216 pf 10  0.935  0.253  0.968 5
0240 em 00  1.174  0.199  1.191 5
0240 cf 00  1.361 -0.020  1.361 4
0240 pf 01  1.081  0.181  1.096 5
0240 pf 02  1.348  0.588  1.471 5
0240 pf 03  1.073  0.438  1.159 5
0240 pf 04  0.998  0.356  1.060 5
0240 pf 05  0.574  0.335  0.665 5
0240 pf 06  1.429 -0.114  1.433 4
0240 pf 07  1.607  0.136  1.613 5
0240 pf 08  1.187  0.070  1.189 5
0240 pf 09  1.200  0.062  1.201 5
0240 pf 10  0.879  0.053  0.881 5
0264 em 00  1.055  0.237  1.081 5
0264 cf 00  1.206  0.068  1.208 5
0264 pf 01  0.840  0.397  0.929 5
0264 pf 02  1.058  0.888  1.381 5
0264 pf 03  0.875  0.405  0.964 5
0264 pf 04  1.063  0.200  1.082 5
0264 pf 05  0.478  0.132  0.496 5
0264 pf 06  1.478 -0.107  1.482 4
0264 pf 07  1.606  0.291  1.633 5
0264 pf 08  0.893  0.004  0.893 5
0264 pf 09  1.419  0.263  1.443 5
0264 pf 10  0.537 -0.063  0.541 4
0288 em 00  0.780  0.297  0.835 5
0288 cf 00  1.051  0.283  1.089 5
0288 pf 01  0.664  0.394  0.772 5
0288 pf 02  0.596  0.991  1.156 6
0288 pf 03  0.470  0.219  0.519 5
0288 pf 04  1.125  0.501  1.231 5
0288 pf 05  0.141 -0.302  0.334 3
0288 pf 06  0.991  0.147  1.002 5
0288 pf 07  1.021  0.482  1.129 5
0288 pf 08  0.897  0.316  0.951 5
0288 pf 09  1.113  0.394  1.181 5
0288 pf 10  0.430 -0.296  0.522 4
0312 em 00  0.607  0.329  0.690 5
0312 cf 00  1.090  0.496  1.197 5
0312 pf 01  0.466  0.208  0.510 5
0312 pf 02  0.534  1.138  1.257 6
0312 pf 03  0.211  0.399  0.451 6
0312 pf 04  0.986  0.742  1.234 5
0312 pf 05  0.095 -0.629  0.636 3
0312 pf 06  0.775  0.504  0.925 5
0312 pf 07  0.457  0.431  0.629 5
0312 pf 08  0.959  0.366  1.026 5
0312 pf 09  0.808  0.303  0.863 5
0312 pf 10  0.272 -0.462  0.536 3
0336 em 00  0.573  0.472  0.742 5
0336 cf 00  0.985  0.772  1.252 5
0336 pf 01  0.310 -0.023  0.311 4
0336 pf 02  0.519  1.039  1.161 6
0336 pf 03  0.420  0.574  0.711 6
0336 pf 04  0.785  1.075  1.332 6
0336 pf 05  0.116 -0.719  0.728 3
0336 pf 06  0.665  0.882  1.105 6
0336 pf 07  0.027  0.637  0.638 6
0336 pf 08  1.043  0.725  1.270 5
0336 pf 09  0.581  0.398  0.704 5
0336 pf 10  0.854 -0.279  0.898 4
0360 em 00  0.616  0.552  0.827 5
0360 cf 00  0.999  0.944  1.374 5
0360 pf 01  0.378 -0.097  0.390 4
0360 pf 02  0.685  1.054  1.257 6
0360 pf 03  0.429  0.578  0.720 6
0360 pf 04  0.709  0.986  1.214 6
0360 pf 05  0.252 -0.524  0.581 3
0360 pf 06  0.592  1.093  1.243 6
0360 pf 07 -0.017  0.677  0.677 7
0360 pf 08  1.174  0.970  1.523 5
0360 pf 09  0.448  0.462  0.643 6
0360 pf 10  1.147 -0.181  1.161 4
0384 em 00  0.680  0.531  0.863 5
0384 cf 00  0.818  1.175  1.431 6
0384 pf 01  0.498 -0.256  0.560 4
0384 pf 02  0.697  1.062  1.270 6
0384 pf 03  0.787  0.756  1.092 5
0384 pf 04  0.939  1.133  1.471 6
0384 pf 05  0.564 -0.632  0.847 3
0384 pf 06  0.442  0.994  1.088 6
0384 pf 07  0.099  0.376  0.389 6
0384 pf 08  0.969  1.047  1.426 6
0384 pf 09  0.746  0.510  0.903 5
0384 pf 10  0.926 -0.399  1.008 4
0408 em 00  0.685  0.640  0.938 5
0408 cf 00  0.524  1.232  1.339 6
0408 pf 01  0.905 -0.094  0.910 4
0408 pf 02  0.645  1.228  1.387 6
0408 pf 03  0.751  0.841  1.128 6
0408 pf 04  0.521  1.332  1.431 6
0408 pf 05  0.735 -0.441  0.857 4
0408 pf 06  0.196  1.077  1.095 6
0408 pf 07  0.217  0.375  0.433 6
0408 pf 08  1.047  1.368  1.723 6
0408 pf 09  1.067  0.411  1.144 5
0408 pf 10  0.916 -0.357  0.983 4
0432 em 00  0.645  0.670  0.930 6
0432 cf 00  0.239  1.033  1.061 6
0432 pf 01  1.381  0.200  1.396 5
0432 pf 02  0.580  1.529  1.636 6
0432 pf 03  0.416  0.659  0.779 6
0432 pf 04  0.056  1.542  1.543 6
0432 pf 05  0.618 -0.369  0.720 4
0432 pf 06  0.236  1.274  1.296 6
0432 pf 07  0.283 -0.040  0.285 4
0432 pf 08  0.731  1.374  1.557 6
0432 pf 09  1.408  0.463  1.482 5
0432 pf 10  1.152 -0.363  1.208 4
0456 em 00  0.514  0.804  0.954 6
0456 cf 00  0.160  1.151  1.162 6
0456 pf 01  1.652  1.060  1.963 5
0456 pf 02  0.062  1.754  1.755 6
0456 pf 03  0.214  0.711  0.743 6
0456 pf 04 -0.180  1.426  1.437 7
0456 pf 05  0.714 -0.261  0.760 4
0456 pf 06  0.263  1.522  1.545 6
0456 pf 07  0.615  0.201  0.647 5
0456 pf 08  0.018  1.134  1.134 6
0456 pf 09  1.195  0.628  1.350 5
0456 pf 10  0.943 -0.566  1.100 4
0480 em 00  0.205  0.739  0.767 6
0480 cf 00  0.146  1.261  1.269 6
0480 pf 01  1.009  1.425  1.746 6
0480 pf 02 -0.486  1.885  1.946 7
0480 pf 03 -0.206  0.410  0.459 7
0480 pf 04 -0.754  1.232  1.444 7
0480 pf 05  0.531 -0.281  0.601 4
0480 pf 06  0.055  1.054  1.056 6
0480 pf 07  0.642 -0.053  0.644 4
0480 pf 08 -0.871  0.954  1.292 7
0480 pf 09  1.337  0.568  1.453 5
0480 pf 10  0.858 -0.400  0.947 4
0504 em 00  0.025  0.676  0.677 6
0504 cf 00  0.236  0.984  1.012 6
0504 pf 01  0.146  1.748  1.754 6
0504 pf 02 -0.807  1.820  1.991 7
0504 pf 03 -0.467  0.246  0.528 8
0504 pf 04 -0.917  0.789  1.210 8
0504 pf 05  0.456 -0.001  0.456 4
0504 pf 06  0.033  0.810  0.811 6
0504 pf 07  0.466 -0.036  0.468 4
0504 pf 08 -1.040  0.577  1.189 8
0504 pf 09  1.418  0.669  1.568 5
0504 pf 10  0.748 -0.225  0.781 4
0528 em 00 -0.053  0.527  0.530 7
0528 cf 00  0.246  0.840  0.875 6
0528 pf 01 -0.672  1.533  1.674 7
0528 pf 02 -1.036  1.437  1.772 7
0528 pf 03 -0.512 -0.265  0.577 1
0528 pf 04 -0.997  0.350  1.056 8
0528 pf 05  0.248  0.198  0.317 5
0528 pf 06 -0.125  1.074  1.082 7
0528 pf 07  0.631  0.064  0.634 5
0528 pf 08 -0.531  0.117  0.544 8
0528 pf 09  1.302  0.627  1.445 5
0528 pf 10  0.869 -0.226  0.898 4
0552 em 00 -0.116  0.364  0.382 7
0552 cf 00  0.082  0.872  0.876 6
0552 pf 01 -1.506  1.387  2.048 8
0552 pf 02 -0.935  0.913  1.307 8
0552 pf 03 -0.354 -0.382  0.521 2
0552 pf 04 -1.144  0.275  1.176 8
0552 pf 05  0.158  0.001  0.158 5
0552 pf 06 -0.399  1.242  1.305 7
0552 pf 07  0.481 -0.083  0.488 4
0552 pf 08  0.054  0.097  0.111 6
0552 pf 09  1.016  0.029  1.017 5
0552 pf 10  1.276 -0.413  1.341 4
0576 em 00 -0.140  0.118  0.183 8
0576 cf 00  0.415  0.927  1.016 6
0576 pf 01 -2.007  0.799  2.161 8
0576 pf 02 -0.751  0.291  0.805 8
0576 pf 03 -0.059 -0.604  0.607 2
0576 pf 04 -0.707  0.005  0.707 8
0576 pf 05 -0.209 -0.114  0.238 1
0576 pf 06 -0.712  0.940  1.179 7
0576 pf 07  0.574 -0.300  0.648 4
0576 pf 08  0.183  0.052  0.190 5
0576 pf 09  0.569 -0.180  0.597 4
0576 pf 10  1.186 -0.544  1.305 4
0600 em 00 -0.013 -0.060  0.061 2
0600 cf 00  0.719  0.818  1.089 6
0600 pf 01 -1.987  0.343  2.016 8
0600 pf 02 -0.578 -0.184  0.606 1
0600 pf 03 -0.154 -0.619  0.638 2
0600 pf 04 -0.157 -0.090  0.181 1
0600 pf 05 -0.139 -0.288  0.320 2
0600 pf 06 -0.400  0.405  0.569 7
0600 pf 07  0.760 -0.438  0.877 4
0600 pf 08  0.330  0.207  0.390 5
0600 pf 09  0.613 -0.018  0.613 4
0600 pf 10  0.846 -0.809  1.170 4
0624 em 00  0.081 -0.063  0.103 4
0624 cf 00  0.546  0.721  0.904 6
0624 pf 01 -1.515 -0.004  1.515 1
0624 pf 02 -0.496 -0.493  0.699 1
0624 pf 03 -0.183 -0.591  0.619 2
0624 pf 04 -0.040 -0.292  0.295 2
0624 pf 05  0.010 -0.134  0.135 3
0624 pf 06 -0.234 -0.040  0.237 1
0624 pf 07  1.004 -0.265  1.038 4
0624 pf 08  0.271  0.843  0.886 6
0624 pf 09  0.516  0.304  0.599 5
0624 pf 10  0.972 -0.788  1.251 4
0648 em 00  0.162 -0.174  0.238 3
0648 cf 00  0.526  0.621  0.814 6
0648 pf 01 -0.916 -0.411  1.004 1
0648 pf 02 -0.208 -0.554  0.592 2
0648 pf 03 -0.168 -0.731  0.751 2
0648 pf 04 -0.044 -0.251  0.254 2
0648 pf 05 -0.037 -0.240  0.243 2
0648 pf 06 -0.089 -0.274  0.288 2
0648 pf 07  0.782 -0.385  0.872 4
0648 pf 08  0.055  0.847  0.849 6
0648 pf 09  0.866  0.267  0.907 5
0648 pf 10  0.940 -0.844  1.263 4
0672 em 00  0.154 -0.202  0.254 3
0672 cf 00  0.714  0.546  0.899 5
0672 pf 01 -0.383 -0.711  0.807 2
0672 pf 02 -0.143 -0.339  0.368 2
0672 pf 03 -0.548 -0.802  0.972 2
0672 pf 04  0.273 -0.082  0.285 4
0672 pf 05 -0.521 -0.758  0.920 2
0672 pf 06  0.045 -0.279  0.283 3
0672 pf 07  0.714 -0.321  0.783 4
0672 pf 08 -0.335  0.658  0.739 7
0672 pf 09  0.891  0.561  1.053 5
0672 pf 10  0.951 -0.709  1.186 4
0696 em 00  0.152 -0.262  0.303 3
0696 cf 00  0.663  0.460  0.807 5
0696 pf 01 -0.385 -0.906  0.984 2
0696 pf 02  0.007 -0.534  0.534 3
0696 pf 03 -0.078 -1.297  1.300 2
0696 pf 04  0.317  0.012  0.317 5
0696 pf 05 -0.611 -0.829  1.030 2
0696 pf 06  0.203 -0.419  0.465 3
0696 pf 07  0.722 -0.129  0.733 4
0696 pf 08 -0.897  0.952  1.308 7
0696 pf 09  0.835  0.500  0.973 5
0696 pf 10  0.854 -0.696  1.102 4
0720 em 00  0.237 -0.284  0.370 3
0720 cf 00  0.657  0.483  0.815 5
0720 pf 01 -0.318 -0.960  1.012 2
0720 pf 02  0.545 -0.726  0.908 3
0720 pf 03  0.089 -1.948  1.950 3
0720 pf 04  0.792  0.482  0.928 5
0720 pf 05 -0.465 -1.053  1.151 2
0720 pf 06  0.192 -0.685  0.712 3
0720 pf 07  0.709  0.391  0.810 5
0720 pf 08 -1.244  1.101  1.661 8
0720 pf 09  0.661  0.321  0.735 5
0720 pf 10  0.935 -0.505  1.063 4
0744 em 00  0.317 -0.312  0.445 4
0744 cf 00  0.546  0.420  0.689 5
0744 pf 01 -0.213 -1.271  1.289 2
0744 pf 02  0.645 -0.963  1.159 3
0744 pf 03  0.368 -2.294  2.323 3
0744 pf 04  1.070  0.854  1.369 5
0744 pf 05 -0.289 -1.048  1.087 2
0744 pf 06  0.417 -0.711  0.824 3
0744 pf 07  0.466  0.547  0.719 6
0744 pf 08 -1.230  1.111  1.658 8
0744 pf 09  0.732  0.247  0.773 5
0744 pf 10  0.918 -0.272  0.957 4
0768 em 00  0.294 -0.325  0.438 3
0768 cf 00  0.564  0.446  0.720 5
0768 pf 01  0.049 -1.461  1.462 3
0768 pf 02  0.741 -1.147  1.365 3
0768 pf 03  0.414 -2.324  2.360 3
0768 pf 04  0.952  1.321  1.628 6
0768 pf 05 -0.344 -1.137  1.188 2
0768 pf 06  0.667 -0.812  1.050 3
0768 pf 07  0.057  0.625  0.628 6
0768 pf 08 -1.043  0.908  1.383 8
0768 pf 09  0.622  0.180  0.648 5
0768 pf 10  0.525 -0.143  0.544 4
0792 em 00  0.345 -0.360  0.498 3
0792 cf 00  0.717  0.395  0.819 5
0792 pf 01  0.149 -1.387  1.395 3
0792 pf 02  0.682 -1.217  1.395 3
0792 pf 03  0.985 -1.842  2.089 3
0792 pf 04  0.646  1.444  1.582 6
0792 pf 05 -0.132 -1.167  1.175 2
0792 pf 06  0.741 -0.617  0.964 4
0792 pf 07  0.067  0.313  0.320 6
0792 pf 08 -0.818  0.515  0.966 8
0792 pf 09  0.524 -0.125  0.539 4
0792 pf 10  0.230 -0.243  0.335 3
0816 em 00  0.386 -0.359  0.527 4
0816 cf 00  0.827  0.365  0.904 5
0816 pf 01  0.291 -1.121  1.158 3
0816 pf 02  0.771 -1.317  1.526 3
0816 pf 03  1.334 -1.448  1.969 3
0816 pf 04  0.439  1.711  1.767 6
0816 pf 05  0.089 -1.344  1.347 3
0816 pf 06  0.483 -0.428  0.645 4
0816 pf 07 -0.143  0.129  0.192 8
0816 pf 08 -0.571  0.212  0.609 8
0816 pf 09  0.625 -0.391  0.737 4
0816 pf 10  0.120 -0.307  0.329 3
0840 em 00  0.438 -0.388  0.585 4
0840 cf 00  0.821  0.257  0.861 5
0840 pf 01  0.539 -1.370  1.472 3
0840 pf 02  0.961 -1.180  1.522 3
0840 pf 03  1.493 -0.919  1.753 4
0840 pf 04  0.302  1.607  1.635 6
0840 pf 05  0.131 -1.378  1.384 3
0840 pf 06 -0.017 -0.481  0.481 2
0840 pf 07 -0.029 -0.054  0.061 2
0840 pf 08 -0.462 -0.131  0.480 1
0840 pf 09  0.633 -0.462  0.784 4
0840 pf 10  0.464 -0.148  0.487 4
0864 em 00  0.477 -0.381  0.610 4
0864 cf 00  0.583  0.225  0.625 5
0864 pf 01  1.086 -1.299  1.693 3
0864 pf 02  1.189 -1.060  1.593 4
0864 pf 03  1.356 -0.376  1.407 4
0864 pf 04 -0.026  1.151  1.151 7
0864 pf 05  0.377 -1.290  1.344 3
0864 pf 06 -0.150 -0.348  0.379 2
0864 pf 07 -0.232 -0.135  0.269 1
0864 pf 08  0.110 -0.631  0.640 3
0864 pf 09  0.678 -0.189  0.704 4
0864 pf 10  0.313 -0.219  0.382 4
0888 em 00  0.563 -0.404  0.693 4
0888 cf 00  0.744  0.322  0.811 5
0888 pf 01  1.997 -1.064  2.263 4
0888 pf 02  1.103 -1.186  1.620 3
0888 pf 03  1.086 -0.287  1.123 4
0888 pf 04 -0.396  0.665  0.774 7
0888 pf 05  0.331 -1.103  1.152 3
0888 pf 06 -0.322 -0.539  0.628 2
0888 pf 07  0.196  0.036  0.199 5
0888 pf 08  0.641 -0.836  1.053 3
0888 pf 09  0.843 -0.235  0.875 4
0888 pf 10  0.007 -0.169  0.169 3
0912 em 00  0.655 -0.327  0.732 4
0912 cf 00  0.960  0.301  1.006 5
0912 pf 01  2.324 -0.585  2.397 4
0912 pf 02  1.203 -0.968  1.544 4
0912 pf 03  1.005 -0.242  1.034 4
0912 pf 04 -0.629  0.395  0.743 8
0912 pf 05  0.250 -1.173  1.199 3
0912 pf 06 -0.649 -0.326  0.726 1
0912 pf 07  0.474 -0.159  0.500 4
0912 pf 08  1.085 -0.566  1.224 4
0912 pf 09  1.070 -0.061  1.071 4
0912 pf 10  0.135 -0.123  0.183 4
0936 em 00  0.729 -0.252  0.771 4
0936 cf 00  1.047  0.425  1.130 5
0936 pf 01  2.343  0.116  2.346 5
0936 pf 02  1.184 -0.753  1.403 4
0936 pf 03  0.983 -0.212  1.005 4
0936 pf 04 -0.859  0.296  0.908 8
0936 pf 05  0.644 -1.475  1.609 3
0936 pf 06 -0.895 -0.365  0.967 1
0936 pf 07  0.867 -0.393  0.952 4
0936 pf 08  1.292 -0.482  1.379 4
0936 pf 09  1.057  0.387  1.126 5
0936 pf 10  0.363 -0.232  0.431 4
0960 em 00  0.601 -0.112  0.612 4
0960 cf 00  0.720  0.625  0.954 5
0960 pf 01  2.086  0.746  2.215 5
0960 pf 02  1.078 -0.606  1.237 4
0960 pf 03  0.858 -0.145  0.870 4
0960 pf 04 -1.071 -0.065  1.073 1
0960 pf 05  0.429 -1.473  1.534 3
0960 pf 06 -1.202 -0.301  1.240 1
0960 pf 07  0.893 -0.315  0.947 4
0960 pf 08  1.434 -0.127  1.440 4
0960 pf 09  1.041  0.564  1.184 5
0960 pf 10  0.378 -0.070  0.384 4
0984 em 00  0.527  0.058  0.530 5
0984 cf 00  0.407  0.866  0.957 6
0984 pf 01  1.616  1.172  1.996 5
0984 pf 02  1.212 -0.181  1.225 4
0984 pf 03  0.964 -0.176  0.980 4
0984 pf 04 -1.268 -0.508  1.366 1
0984 pf 05 -0.137 -1.145  1.153 2
0984 pf 06 -0.863 -0.019  0.863 1
0984 pf 07  0.612 -0.227  0.653 4
0984 pf 08  1.396  0.360  1.442 5
0984 pf 09  1.208  0.634  1.365 5
0984 pf 10  0.692 -0.071  0.696 4
1008 em 00  0.440  0.058  0.443 5
1008 cf 00  0.045  1.023  1.024 6
1008 pf 01  0.813  1.149  1.407 6
1008 pf 02  1.190 -0.089  1.193 4
1008 pf 03  0.807 -0.192  0.829 4
1008 pf 04 -0.758 -0.991  1.248 2
1008 pf 05 -0.080 -1.084  1.087 2
1008 pf 06 -0.874  0.046  0.875 8
1008 pf 07  0.469 -0.247  0.530 4
1008 pf 08  1.200  0.292  1.235 5
1008 pf 09  1.157  0.844  1.432 5
1008 pf 10  0.929 -0.016  0.929 4
1032 em 00  0.379  0.016  0.379 5
1032 cf 00 -0.405  0.889  0.977 7
1032 pf 01  0.565  0.984  1.134 6
1032 pf 02  1.257  0.071  1.259 5
1032 pf 03  0.527 -0.496  0.723 4
1032 pf 04 -0.397 -1.385  1.441 2
1032 pf 05  0.076 -1.045  1.047 3
1032 pf 06 -0.750  0.017  0.750 8
1032 pf 07  0.438 -0.274  0.517 4
1032 pf 08  1.156  0.420  1.230 5
1032 pf 09  0.699  1.130  1.329 6
1032 pf 10  1.063 -0.053  1.065 4
1056 em 00  0.335  0.054  0.340 5
1056 cf 00 -0.650  0.924  1.130 7
1056 pf 01  0.518  0.849  0.994 6
1056 pf 02  1.127  0.272  1.159 5
1056 pf 03  0.222 -0.397  0.455 3
1056 pf 04  0.187 -1.421  1.433 3
1056 pf 05 -0.025 -1.074  1.074 2
1056 pf 06 -0.903 -0.165  0.918 1
1056 pf 07  0.685 -0.461  0.825 4
1056 pf 08  1.342  1.106  1.739 5
1056 pf 09  0.153  1.140  1.150 6
1056 pf 10  1.088 -0.066  1.090 4
1080 em 00  0.346 -0.059  0.351 4
1080 cf 00 -0.672  1.021  1.222 7
1080 pf 01  0.213  0.796  0.824 6
1080 pf 02  0.954  0.027  0.954 5
1080 pf 03  0.314 -0.599  0.677 3
1080 pf 04  0.910 -1.547  1.795 3
1080 pf 05 -0.172 -1.505  1.515 2
1080 pf 06 -0.516 -0.627  0.812 2
1080 pf 07  1.005 -0.275  1.042 4
1080 pf 08  1.076  1.619  1.944 6
1080 pf 09 -0.148  0.715  0.730 7
1080 pf 10  0.903 -0.113  0.910 4
1104 em 00  0.319 -0.237  0.397 4
1104 cf 00 -0.542  0.785  0.954 7
1104 pf 01  0.054  0.871  0.872 6
1104 pf 02  0.700 -0.397  0.805 4
1104 pf 03  0.503 -1.110  1.219 3
1104 pf 04  1.066 -1.626  1.944 3
1104 pf 05 -0.352 -1.626  1.664 2
1104 pf 06 -0.097 -0.806  0.812 2
1104 pf 07  1.163 -0.016  1.163 4
1104 pf 08  0.317  1.532  1.564 6
1104 pf 09 -0.005  0.240  0.240 7
1104 pf 10  0.756 -0.252  0.797 4
