ecmf prod rf 2006101300 20161013 11 046
0024 em 00 -2.306  0.772  2.432 8
0024 cf 00 -2.273  0.743  2.391 8
0024 pf 01 -2.427  0.797  2.554 8
0024 pf 02 -2.180  0.701  2.290 8
0024 pf 03 -2.387  0.816  2.523 8
0024 pf 04 -2.194  0.815  2.341 8
0024 pf 05 -2.362  0.769  2.484 8
0024 pf 06 -2.289  0.693  2.392 8
0024 pf 07 -2.199  0.792  2.337 8
0024 pf 08 -2.365  0.775  2.488 8
0024 pf 09 -2.195  0.702  2.304 8
0024 pf 10 -2.344  0.746  2.460 8
0048 em 00 -2.130  0.628  2.220 8
0048 cf 00 -2.061  0.587  2.143 8
0048 pf 01 -2.309  0.745  2.426 8
0048 pf 02 -2.067  0.602  2.153 8
0048 pf 03 -2.176  0.600  2.257 8
0048 pf 04 -1.987  0.731  2.117 8
0048 pf 05 -2.138  0.521  2.200 8
0048 pf 06 -1.978  0.569  2.058 8
0048 pf 07 -2.165  0.547  2.233 8
0048 pf 08 -2.166  0.675  2.269 8
0048 pf 09 -2.055  0.637  2.151 8
0048 pf 10 -2.172  0.564  2.244 8
0072 em 00 -2.275  0.533  2.336 8
0072 cf 00 -2.191  0.480  2.243 8
0072 pf 01 -2.478  0.566  2.542 8
0072 pf 02 -2.248  0.590  2.324 8
0072 pf 03 -2.244  0.551  2.311 8
0072 pf 04 -2.233  0.522  2.293 8
0072 pf 05 -2.054  0.444  2.102 8
0072 pf 06 -2.202  0.586  2.279 8
0072 pf 07 -2.303  0.317  2.325 8
0072 pf 08 -2.270  0.744  2.389 8
0072 pf 09 -2.272  0.484  2.323 8
0072 pf 10 -2.332  0.450  2.375 8
0096 em 00 -2.559  0.363  2.585 8
0096 cf 00 -2.512  0.318  2.533 8
0096 pf 01 -2.603  0.367  2.629 8
0096 pf 02 -2.570  0.397  2.601 8
0096 pf 03 -2.497  0.409  2.531 8
0096 pf 04 -2.413  0.391  2.444 8
0096 pf 05 -2.436  0.392  2.467 8
0096 pf 06 -2.531  0.378  2.559 8
0096 pf 07 -2.618  0.016  2.618 8
0096 pf 08 -2.587  0.592  2.654 8
0096 pf 09 -2.653  0.353  2.676 8
0096 pf 10 -2.496  0.288  2.513 8
0120 em 00 -2.593  0.200  2.601 8
0120 cf 00 -2.484  0.199  2.492 8
0120 pf 01 -2.750  0.313  2.768 8
0120 pf 02 -2.338  0.143  2.342 8
0120 pf 03 -2.554  0.310  2.573 8
0120 pf 04 -2.387  0.169  2.393 8
0120 pf 05 -2.734  0.136  2.737 8
0120 pf 06 -2.636  0.171  2.641 8
0120 pf 07 -2.559 -0.118  2.561 1
0120 pf 08 -2.792  0.627  2.861 8
0120 pf 09 -2.583  0.013  2.583 8
0120 pf 10 -2.474  0.135  2.478 8
0144 em 00 -2.427 -0.047  2.427 1
0144 cf 00 -2.259 -0.123  2.262 1
0144 pf 01 -2.693 -0.015  2.693 1
0144 pf 02 -2.258 -0.052  2.258 1
0144 pf 03 -2.353  0.171  2.359 8
0144 pf 04 -2.113 -0.156  2.119 1
0144 pf 05 -2.432 -0.187  2.439 1
0144 pf 06 -2.448 -0.118  2.451 1
0144 pf 07 -2.557 -0.312  2.576 1
0144 pf 08 -2.606  0.485  2.650 8
0144 pf 09 -2.338 -0.170  2.345 1
0144 pf 10 -2.409 -0.138  2.413 1
0168 em 00 -2.429 -0.236  2.441 1
0168 cf 00 -2.315 -0.248  2.329 1
0168 pf 01 -2.862 -0.100  2.864 1
0168 pf 02 -2.257 -0.318  2.279 1
0168 pf 03 -2.421 -0.131  2.425 1
0168 pf 04 -1.948 -0.108  1.951 1
0168 pf 05 -2.270 -0.418  2.308 1
0168 pf 06 -2.709 -0.322  2.728 1
0168 pf 07 -2.453 -0.593  2.524 1
0168 pf 08 -2.689  0.348  2.711 8
0168 pf 09 -2.298 -0.256  2.312 1
0168 pf 10 -2.287 -0.526  2.347 1
0192 em 00 -2.375 -0.295  2.393 1
0192 cf 00 -2.419 -0.299  2.438 1
0192 pf 01 -2.929 -0.112  2.931 1
0192 pf 02 -2.189 -0.561  2.260 1
0192 pf 03 -2.068 -0.176  2.076 1
0192 pf 04 -1.975 -0.018  1.975 1
0192 pf 05 -2.186 -0.501  2.242 1
0192 pf 06 -2.614 -0.298  2.631 1
0192 pf 07 -2.249 -0.601  2.328 1
0192 pf 08 -2.717 -0.003  2.717 1
0192 pf 09 -2.226 -0.253  2.241 1
0192 pf 10 -2.323 -0.473  2.370 1
0216 em 00 -2.233 -0.339  2.259 1
0216 cf 00 -2.277 -0.354  2.304 1
0216 pf 01 -2.962 -0.254  2.973 1
0216 pf 02 -2.129 -0.791  2.271 1
0216 pf 03 -1.811 -0.354  1.845 1
0216 pf 04 -1.927  0.236  1.941 8
0216 pf 05 -2.196 -0.399  2.232 1
0216 pf 06 -2.289 -0.290  2.308 1
0216 pf 07 -1.980 -0.627  2.077 1
0216 pf 08 -2.771 -0.167  2.776 1
0216 pf 09 -2.037 -0.263  2.054 1
0216 pf 10 -1.954 -0.512  2.020 1
0240 em 00 -2.012 -0.524  2.079 1
0240 cf 00 -1.918 -0.689  2.038 1
0240 pf 01 -3.089 -0.686  3.165 1
0240 pf 02 -1.824 -0.995  2.078 1
0240 pf 03 -1.801 -0.544  1.881 1
0240 pf 04 -1.781 -0.028  1.781 1
0240 pf 05 -1.770 -0.542  1.852 1
0240 pf 06 -2.080 -0.344  2.108 1
0240 pf 07 -1.749 -0.620  1.856 1
0240 pf 08 -2.740 -0.526  2.790 1
0240 pf 09 -1.622 -0.359  1.661 1
0240 pf 10 -1.544 -0.472  1.615 1
0264 em 00 -1.933 -0.615  2.028 1
0264 cf 00 -1.818 -0.872  2.016 1
0264 pf 01 -3.091 -1.017  3.254 1
0264 pf 02 -1.679 -0.833  1.874 1
0264 pf 03 -1.796 -0.630  1.903 1
0264 pf 04 -1.847 -0.263  1.866 1
0264 pf 05 -1.563 -0.456  1.628 1
0264 pf 06 -1.910 -0.271  1.929 1
0264 pf 07 -1.681 -0.647  1.802 1
0264 pf 08 -2.853 -0.771  2.955 1
0264 pf 09 -1.481 -0.190  1.493 1
0264 pf 10 -1.321 -0.855  1.573 1
0288 em 00 -1.853 -0.741  1.995 1
0288 cf 00 -1.752 -0.979  2.007 1
0288 pf 01 -2.770 -1.267  3.046 1
0288 pf 02 -1.473 -0.746  1.651 1
0288 pf 03 -1.494 -0.918  1.754 1
0288 pf 04 -1.864 -0.674  1.983 1
0288 pf 05 -1.515 -0.490  1.592 1
0288 pf 06 -2.076 -0.274  2.094 1
0288 pf 07 -1.674 -0.804  1.857 1
0288 pf 08 -2.780 -1.070  2.978 1
0288 pf 09 -1.656  0.097  1.659 8
0288 pf 10 -1.090 -1.034  1.502 1
0312 em 00 -1.766 -0.803  1.940 1
0312 cf 00 -1.781 -0.870  1.982 1
0312 pf 01 -2.433 -1.563  2.892 1
0312 pf 02 -1.432 -0.917  1.701 1
0312 pf 03 -1.346 -1.129  1.756 1
0312 pf 04 -1.635 -0.641  1.756 1
0312 pf 05 -1.576 -0.344  1.613 1
0312 pf 06 -2.220 -0.363  2.250 1
0312 pf 07 -1.526 -1.004  1.827 1
0312 pf 08 -2.664 -1.418  3.019 1
0312 pf 09 -1.845  0.320  1.873 8
0312 pf 10 -0.720 -0.893  1.147 2
0336 em 00 -1.599 -0.846  1.809 1
0336 cf 00 -1.862 -0.928  2.081 1
0336 pf 01 -1.859 -1.826  2.605 1
0336 pf 02 -1.187 -0.847  1.458 1
0336 pf 03 -1.074 -1.427  1.786 2
0336 pf 04 -1.581 -0.551  1.674 1
0336 pf 05 -1.370 -0.074  1.372 1
0336 pf 06 -2.309 -0.496  2.361 1
0336 pf 07 -1.378 -1.209  1.833 1
0336 pf 08 -2.297 -1.518  2.754 1
0336 pf 09 -2.015  0.287  2.035 8
0336 pf 10 -0.386 -0.709  0.807 2
0360 em 00 -1.463 -0.795  1.665 1
0360 cf 00 -1.780 -0.906  1.997 1
0360 pf 01 -1.334 -1.873  2.299 2
0360 pf 02 -1.155 -0.856  1.438 1
0360 pf 03 -0.800 -1.275  1.506 2
0360 pf 04 -1.680 -0.268  1.701 1
0360 pf 05 -1.089  0.015  1.089 8
0360 pf 06 -2.012 -0.569  2.091 1
0360 pf 07 -1.181 -1.294  1.752 2
0360 pf 08 -2.025 -1.474  2.505 1
0360 pf 09 -2.199  0.062  2.200 8
0360 pf 10 -0.561 -0.277  0.625 1
0384 em 00 -1.259 -0.803  1.494 1
0384 cf 00 -1.662 -0.713  1.808 1
0384 pf 01 -0.951 -1.634  1.891 2
0384 pf 02 -0.922 -0.642  1.123 1
0384 pf 03 -0.421 -1.244  1.313 2
0384 pf 04 -1.406 -0.138  1.413 1
0384 pf 05 -0.879 -0.469  0.996 1
0384 pf 06 -1.768 -0.517  1.842 1
0384 pf 07 -0.924 -1.293  1.589 2
0384 pf 08 -1.713 -1.730  2.435 2
0384 pf 09 -2.370 -0.296  2.388 1
0384 pf 10 -0.591 -0.120  0.603 1
0408 em 00 -1.045 -0.785  1.307 1
0408 cf 00 -1.382 -0.569  1.495 1
0408 pf 01 -0.619 -1.420  1.549 2
0408 pf 02 -0.830 -0.496  0.967 1
0408 pf 03 -0.199 -0.992  1.012 2
0408 pf 04 -1.389 -0.373  1.438 1
0408 pf 05 -0.754 -0.323  0.820 1
0408 pf 06 -1.564 -0.775  1.746 1
0408 pf 07 -0.697 -1.318  1.491 2
0408 pf 08 -1.200 -1.576  1.981 2
0408 pf 09 -2.147 -0.587  2.226 1
0408 pf 10 -0.472 -0.144  0.494 1
0432 em 00 -1.017 -0.723  1.247 1
0432 cf 00 -1.437 -0.709  1.602 1
0432 pf 01 -0.540 -1.152  1.273 2
0432 pf 02 -0.834 -0.236  0.867 1
0432 pf 03 -0.263 -0.796  0.838 2
0432 pf 04 -1.657 -0.452  1.718 1
0432 pf 05 -0.827  0.076  0.831 8
0432 pf 06 -1.651 -0.879  1.871 1
0432 pf 07 -0.443 -0.959  1.056 2
0432 pf 08 -0.988 -1.493  1.790 2
0432 pf 09 -1.787 -0.890  1.996 1
0432 pf 10 -0.552 -0.373  0.666 1
0456 em 00 -0.952 -0.661  1.160 1
0456 cf 00 -1.429 -0.868  1.672 1
0456 pf 01 -0.564 -0.978  1.129 2
0456 pf 02 -0.918 -0.223  0.945 1
0456 pf 03 -0.271 -0.547  0.611 2
0456 pf 04 -1.595 -0.748  1.761 1
0456 pf 05 -0.734  0.672  0.995 8
0456 pf 06 -1.811 -0.958  2.048 1
0456 pf 07 -0.240 -0.842  0.875 2
0456 pf 08 -0.756 -1.205  1.422 2
0456 pf 09 -1.376 -1.205  1.829 1
0456 pf 10 -0.585 -0.300  0.657 1
0480 em 00 -0.818 -0.581  1.003 1
0480 cf 00 -1.227 -0.753  1.440 1
0480 pf 01 -0.430 -0.854  0.956 2
0480 pf 02 -0.836 -0.104  0.843 1
0480 pf 03 -0.126 -0.304  0.329 2
0480 pf 04 -1.308 -0.761  1.514 1
0480 pf 05 -0.752  0.843  1.130 7
0480 pf 06 -1.629 -0.977  1.900 1
0480 pf 07 -0.179 -0.826  0.845 2
0480 pf 08 -0.395 -1.009  1.084 2
0480 pf 09 -1.057 -1.362  1.724 2
0480 pf 10 -0.900 -0.215  0.925 1
0504 em 00 -0.846 -0.534  1.000 1
0504 cf 00 -1.321 -0.658  1.476 1
0504 pf 01 -0.232 -0.612  0.654 2
0504 pf 02 -0.853 -0.276  0.897 1
0504 pf 03 -0.325 -0.047  0.328 1
0504 pf 04 -1.410 -0.827  1.634 1
0504 pf 05 -0.755  0.617  0.975 8
0504 pf 06 -1.629 -1.162  2.001 1
0504 pf 07 -0.320 -0.737  0.803 2
0504 pf 08 -0.276 -0.599  0.660 2
0504 pf 09 -1.061 -1.408  1.763 2
0504 pf 10 -0.972 -0.083  0.976 1
0528 em 00 -0.841 -0.617  1.043 1
0528 cf 00 -1.215 -0.821  1.467 1
0528 pf 01 -0.073 -0.416  0.422 2
0528 pf 02 -0.611 -0.555  0.825 1
0528 pf 03 -0.654  0.146  0.670 8
0528 pf 04 -1.319 -1.055  1.689 1
0528 pf 05 -0.961  0.480  1.074 8
0528 pf 06 -1.661 -1.445  2.202 1
0528 pf 07 -0.584 -0.587  0.828 2
0528 pf 08 -0.144 -0.687  0.702 2
0528 pf 09 -0.748 -1.418  1.603 2
0528 pf 10 -1.148 -0.313  1.189 1
0552 em 00 -0.909 -0.582  1.079 1
0552 cf 00 -1.259 -0.953  1.579 1
0552 pf 01  0.026 -0.418  0.419 3
0552 pf 02 -0.482 -0.477  0.678 1
0552 pf 03 -0.931  0.480  1.048 8
0552 pf 04 -1.138 -1.111  1.590 1
0552 pf 05 -1.178  0.407  1.247 8
0552 pf 06 -1.792 -1.521  2.350 1
0552 pf 07 -0.763 -0.379  0.852 1
0552 pf 08 -0.359 -0.560  0.666 2
0552 pf 09 -0.518 -1.334  1.431 2
0552 pf 10 -1.458 -0.416  1.516 1
0576 em 00 -0.940 -0.620  1.126 1
0576 cf 00 -1.413 -1.372  1.969 1
0576 pf 01  0.190 -0.379  0.424 3
0576 pf 02 -0.452 -0.416  0.614 1
0576 pf 03 -1.273  0.496  1.366 8
0576 pf 04 -1.147 -1.086  1.580 1
0576 pf 05 -1.086  0.489  1.192 8
0576 pf 06 -1.568 -1.798  2.385 2
0576 pf 07 -0.911 -0.308  0.962 1
0576 pf 08 -0.490 -0.504  0.702 2
0576 pf 09 -0.480 -1.151  1.247 2
0576 pf 10 -1.538 -0.659  1.674 1
0600 em 00 -0.956 -0.649  1.156 1
0600 cf 00 -1.286 -1.429  1.922 2
0600 pf 01  0.100 -0.331  0.346 3
0600 pf 02 -0.339 -0.152  0.372 1
0600 pf 03 -1.613  0.310  1.643 8
0600 pf 04 -1.153 -0.897  1.461 1
0600 pf 05 -1.166  0.364  1.222 8
0600 pf 06 -1.387 -1.871  2.330 2
0600 pf 07 -0.951 -0.411  1.036 1
0600 pf 08 -0.552 -0.458  0.717 1
0600 pf 09 -0.318 -1.206  1.248 2
0600 pf 10 -1.690 -0.938  1.933 1
0624 em 00 -0.952 -0.652  1.154 1
0624 cf 00 -1.112 -1.509  1.875 2
0624 pf 01 -0.364 -0.543  0.653 2
0624 pf 02 -0.184  0.102  0.210 8
0624 pf 03 -1.845  0.107  1.848 8
0624 pf 04 -0.990 -0.658  1.189 1
0624 pf 05 -1.431  0.180  1.442 8
0624 pf 06 -1.185 -2.164  2.467 2
0624 pf 07 -0.841 -0.548  1.004 1
0624 pf 08 -0.548 -0.210  0.587 1
0624 pf 09 -0.209 -0.696  0.727 2
0624 pf 10 -1.617 -1.136  1.976 1
0648 em 00 -0.831 -0.698  1.086 1
0648 cf 00 -0.847 -1.559  1.774 2
0648 pf 01 -0.567 -0.672  0.879 2
0648 pf 02 -0.423 -0.093  0.433 1
0648 pf 03 -1.776 -0.205  1.788 1
0648 pf 04 -0.667 -0.598  0.896 1
0648 pf 05 -1.396 -0.147  1.404 1
0648 pf 06 -0.847 -1.932  2.109 2
0648 pf 07 -0.769 -0.641  1.001 1
0648 pf 08 -0.439 -0.118  0.454 1
0648 pf 09 -0.057 -0.664  0.666 2
0648 pf 10 -1.210 -0.977  1.555 1
0672 em 00 -0.742 -0.729  1.041 1
0672 cf 00 -0.556 -1.674  1.764 2
0672 pf 01 -0.462 -0.538  0.709 2
0672 pf 02 -0.435 -0.032  0.437 1
0672 pf 03 -1.777 -0.257  1.796 1
0672 pf 04 -0.731 -0.517  0.896 1
0672 pf 05 -1.227 -0.388  1.287 1
0672 pf 06 -0.611 -1.736  1.840 2
0672 pf 07 -0.739 -1.014  1.255 2
0672 pf 08 -0.482 -0.150  0.505 1
0672 pf 09 -0.114 -0.769  0.778 2
0672 pf 10 -0.888 -0.848  1.227 1
0696 em 00 -0.682 -0.865  1.102 2
0696 cf 00 -0.313 -1.690  1.719 2
0696 pf 01 -0.120 -0.641  0.652 2
0696 pf 02 -0.615 -0.228  0.656 1
0696 pf 03 -1.752 -0.464  1.813 1
0696 pf 04 -0.627 -0.911  1.106 2
0696 pf 05 -1.480 -0.449  1.547 1
0696 pf 06 -0.066 -1.605  1.606 2
0696 pf 07 -0.528 -1.592  1.677 2
0696 pf 08 -0.650 -0.234  0.691 1
0696 pf 09 -0.608 -0.947  1.125 2
0696 pf 10 -0.612 -0.642  0.887 2
0720 em 00 -0.643 -0.962  1.157 2
0720 cf 00 -0.148 -1.904  1.910 2
0720 pf 01  0.190 -0.619  0.647 3
0720 pf 02 -0.867 -0.213  0.893 1
0720 pf 03 -1.581 -0.823  1.783 1
0720 pf 04 -0.572 -1.047  1.193 2
0720 pf 05 -1.889 -0.437  1.939 1
0720 pf 06  0.116 -1.731  1.735 3
0720 pf 07 -0.242 -1.724  1.741 2
0720 pf 08 -0.630 -0.119  0.641 1
0720 pf 09 -0.982 -1.088  1.466 2
0720 pf 10 -0.355 -0.724  0.806 2
0744 em 00 -0.581 -0.935  1.101 2
0744 cf 00  0.026 -1.881  1.881 3
0744 pf 01  0.213 -0.735  0.765 3
0744 pf 02 -1.133 -0.226  1.155 1
0744 pf 03 -1.353 -0.861  1.604 1
0744 pf 04 -0.048 -1.164  1.165 2
0744 pf 05 -1.882 -0.567  1.965 1
0744 pf 06  0.054 -1.859  1.859 3
0744 pf 07 -0.147 -1.322  1.330 2
0744 pf 08 -0.743  0.025  0.744 8
0744 pf 09 -1.167 -1.125  1.621 1
0744 pf 10 -0.108 -0.428  0.441 2
0768 em 00 -0.531 -0.915  1.058 2
0768 cf 00 -0.077 -1.901  1.902 2
0768 pf 01  0.402 -0.686  0.795 3
0768 pf 02 -1.437 -0.377  1.486 1
0768 pf 03 -1.080 -0.794  1.340 1
0768 pf 04  0.047 -1.062  1.063 3
0768 pf 05 -1.593 -0.939  1.849 1
0768 pf 06  0.070 -1.790  1.791 3
0768 pf 07  0.192 -0.924  0.944 3
0768 pf 08 -0.876  0.209  0.901 8
0768 pf 09 -1.257 -1.182  1.726 1
0768 pf 10 -0.120 -0.459  0.474 2
0792 em 00 -0.392 -0.883  0.966 2
0792 cf 00  0.010 -1.753  1.753 3
0792 pf 01  0.506 -0.598  0.783 3
0792 pf 02 -1.657 -0.618  1.769 1
0792 pf 03 -0.761 -0.760  1.075 1
0792 pf 04  0.091 -0.747  0.752 3
0792 pf 05 -1.316 -1.025  1.668 1
0792 pf 06  0.396 -1.708  1.753 3
0792 pf 07  0.270 -0.890  0.930 3
0792 pf 08 -0.803  0.070  0.806 8
0792 pf 09 -0.966 -1.216  1.553 2
0792 pf 10  0.039 -0.311  0.313 3
0816 em 00 -0.310 -0.852  0.907 2
0816 cf 00  0.174 -1.569  1.579 3
0816 pf 01  0.604 -0.501  0.785 4
0816 pf 02 -1.801 -0.608  1.901 1
0816 pf 03 -0.581 -0.660  0.879 2
0816 pf 04  0.035 -0.430  0.432 3
0816 pf 05 -1.087 -0.951  1.445 1
0816 pf 06  0.705 -1.695  1.836 3
0816 pf 07  0.050 -0.685  0.687 3
0816 pf 08 -0.632 -0.309  0.703 1
0816 pf 09 -0.688 -1.180  1.365 2
0816 pf 10 -0.079 -0.630  0.635 2
0840 em 00 -0.316 -0.884  0.939 2
0840 cf 00  0.310 -1.715  1.743 3
0840 pf 01  0.491 -0.252  0.552 4
0840 pf 02 -1.870 -0.785  2.028 1
0840 pf 03 -0.761 -0.726  1.052 1
0840 pf 04 -0.087 -0.396  0.405 2
0840 pf 05 -0.916 -1.037  1.383 2
0840 pf 06  0.699 -1.450  1.610 3
0840 pf 07 -0.198 -0.703  0.731 2
0840 pf 08 -0.606 -0.555  0.822 1
0840 pf 09 -0.261 -1.379  1.403 2
0840 pf 10 -0.187 -0.573  0.603 2
0864 em 00 -0.256 -0.768  0.810 2
0864 cf 00  0.514 -1.771  1.844 3
0864 pf 01  0.688  0.390  0.791 5
0864 pf 02 -1.715 -0.911  1.942 1
0864 pf 03 -0.634 -0.757  0.987 2
0864 pf 04 -0.493 -0.122  0.508 1
0864 pf 05 -0.714 -0.984  1.216 2
0864 pf 06  0.269 -0.925  0.963 3
0864 pf 07 -0.203 -0.791  0.817 2
0864 pf 08 -0.529 -0.593  0.795 2
0864 pf 09  0.178 -1.260  1.273 3
0864 pf 10 -0.126 -0.598  0.611 2
0888 em 00 -0.187 -0.748  0.771 2
0888 cf 00  0.607 -1.967  2.059 3
0888 pf 01  0.778  0.521  0.936 5
0888 pf 02 -1.360 -0.968  1.670 1
0888 pf 03 -0.360 -0.868  0.939 2
0888 pf 04 -1.047 -0.170  1.061 1
0888 pf 05 -0.512 -0.992  1.116 2
0888 pf 06 -0.019 -0.516  0.516 2
0888 pf 07 -0.409 -0.963  1.046 2
0888 pf 08 -0.592 -0.670  0.894 2
0888 pf 09  0.422 -1.123  1.199 3
0888 pf 10  0.469 -0.377  0.602 4
0912 em 00 -0.153 -0.740  0.755 2
0912 cf 00  0.774 -2.009  2.152 3
0912 pf 01  0.852  0.413  0.947 5
0912 pf 02 -1.206 -0.784  1.439 1
0912 pf 03 -0.015 -0.810  0.810 2
0912 pf 04 -1.309 -0.397  1.367 1
0912 pf 05 -0.724 -0.890  1.147 2
0912 pf 06 -0.023 -0.285  0.286 2
0912 pf 07 -0.224 -1.058  1.081 2
0912 pf 08 -0.737 -0.733  1.040 1
0912 pf 09  0.331 -0.967  1.022 3
0912 pf 10  0.629 -0.477  0.790 4
0936 em 00 -0.191 -0.829  0.850 2
0936 cf 00  0.780 -2.137  2.275 3
0936 pf 01  0.698  0.459  0.835 5
0936 pf 02 -1.037 -0.844  1.337 1
0936 pf 03  0.300 -0.957  1.003 3
0936 pf 04 -1.385 -0.786  1.592 1
0936 pf 05 -0.611 -1.032  1.199 2
0936 pf 06 -0.033 -0.220  0.222 2
0936 pf 07 -0.461 -1.334  1.411 2
0936 pf 08 -1.230 -0.839  1.489 1
0936 pf 09  0.343 -1.085  1.138 3
0936 pf 10  0.575 -0.176  0.601 4
0960 em 00 -0.211 -0.731  0.761 2
0960 cf 00  0.986 -1.998  2.228 3
0960 pf 01  0.265  0.629  0.683 6
0960 pf 02 -0.878 -0.857  1.227 1
0960 pf 03  0.511 -0.781  0.933 3
0960 pf 04 -1.348 -0.966  1.659 1
0960 pf 05 -0.209 -0.982  1.004 2
0960 pf 06 -0.280 -0.146  0.316 1
0960 pf 07 -0.527 -1.236  1.344 2
0960 pf 08 -1.557 -0.862  1.780 1
0960 pf 09  0.653 -0.907  1.117 3
0960 pf 10  0.105  0.227  0.251 6
0984 em 00 -0.155 -0.646  0.665 2
0984 cf 00  1.133 -1.759  2.092 3
0984 pf 01  0.369  0.826  0.904 6
0984 pf 02 -0.705 -0.980  1.207 2
0984 pf 03  0.467 -0.572  0.739 3
0984 pf 04 -1.392 -1.015  1.723 1
0984 pf 05  0.109 -0.961  0.967 3
0984 pf 06 -0.165 -0.069  0.178 1
0984 pf 07 -0.272 -1.258  1.287 2
0984 pf 08 -1.636 -1.243  2.055 1
0984 pf 09  0.852 -0.327  0.912 4
0984 pf 10 -0.440  0.401  0.596 8
1008 em 00 -0.142 -0.513  0.532 2
1008 cf 00  1.329 -1.459  1.974 3
1008 pf 01  0.061  0.764  0.766 6
1008 pf 02 -0.704 -1.089  1.297 2
1008 pf 03  0.369 -0.465  0.594 3
1008 pf 04 -1.119 -0.806  1.379 1
1008 pf 05  0.017 -0.802  0.803 3
1008 pf 06 -0.261 -0.187  0.321 1
1008 pf 07 -0.033 -0.780  0.781 2
1008 pf 08 -1.381 -1.354  1.934 1
1008 pf 09  0.698  0.116  0.707 5
1008 pf 10 -0.541  0.523  0.752 8
1032 em 00 -0.133 -0.392  0.414 2
1032 cf 00  1.517 -1.208  1.939 4
1032 pf 01 -0.080  0.790  0.794 7
1032 pf 02 -0.710 -1.203  1.397 2
1032 pf 03  0.317 -0.144  0.349 4
1032 pf 04 -1.232 -0.585  1.364 1
1032 pf 05 -0.195 -0.648  0.677 2
1032 pf 06 -0.168 -0.249  0.300 2
1032 pf 07  0.147 -0.682  0.697 3
1032 pf 08 -1.204 -1.374  1.827 2
1032 pf 09  0.781  0.217  0.811 5
1032 pf 10 -0.665  0.832  1.065 7
1056 em 00 -0.171 -0.243  0.297 2
1056 cf 00  1.640 -0.955  1.898 4
1056 pf 01 -0.370  1.060  1.123 7
1056 pf 02 -0.381 -1.027  1.095 2
1056 pf 03  0.099 -0.060  0.116 4
1056 pf 04 -1.122 -0.601  1.272 1
1056 pf 05 -0.395 -0.425  0.580 2
1056 pf 06 -0.404 -0.223  0.461 1
1056 pf 07  0.495 -0.429  0.655 4
1056 pf 08 -1.001 -1.275  1.621 2
1056 pf 09  0.433  0.293  0.523 5
1056 pf 10 -0.889  0.991  1.331 7
1080 em 00 -0.225 -0.215  0.312 1
1080 cf 00  1.678 -0.754  1.839 4
1080 pf 01 -0.604  1.089  1.245 7
1080 pf 02 -0.158 -0.974  0.987 2
1080 pf 03 -0.113  0.125  0.168 7
1080 pf 04 -1.068 -0.546  1.199 1
1080 pf 05 -0.543 -0.338  0.640 1
1080 pf 06 -0.304 -0.278  0.412 1
1080 pf 07  0.560 -0.362  0.667 4
1080 pf 08 -0.808 -1.250  1.489 2
1080 pf 09  0.357  0.106  0.372 5
1080 pf 10 -1.451  0.837  1.675 8
1104 em 00 -0.243 -0.276  0.368 2
1104 cf 00  1.640 -0.516  1.719 4
1104 pf 01 -0.475  0.774  0.908 7
1104 pf 02  0.134 -0.994  1.003 3
1104 pf 03 -0.079 -0.191  0.206 2
1104 pf 04 -0.997 -0.397  1.073 1
1104 pf 05 -0.549 -0.235  0.597 1
1104 pf 06 -0.144 -0.691  0.706 2
1104 pf 07  0.649 -0.113  0.659 4
1104 pf 08 -0.820 -1.286  1.525 2
1104 pf 09  0.077  0.044  0.089 5
1104 pf 10 -2.077  0.576  2.155 8
