ecmf prod rf 2008062300 20220623 11 046
0024 em 00 -0.569  0.767  0.955 7
0024 cf 00 -0.615  0.824  1.028 7
0024 pf 01 -0.293  0.707  0.766 7
0024 pf 02 -0.562  0.722  0.915 7
0024 pf 03 -0.515  0.629  0.813 7
0024 pf 04 -0.569  0.868  1.038 7
0024 pf 05 -0.566  0.810  0.989 7
0024 pf 06 -0.715  0.737  1.027 7
0024 pf 07 -0.654  0.716  0.970 7
0024 pf 08 -0.655  0.860  1.081 7
0024 pf 09 -0.599  0.799  0.999 7
0024 pf 10 -0.395  0.702  0.806 7
0048 em 00 -0.674  0.668  0.949 8
0048 cf 00 -0.735  0.717  1.027 8
0048 pf 01 -0.513  0.954  1.083 7
0048 pf 02 -0.507  0.677  0.846 7
0048 pf 03 -0.402  0.535  0.669 7
0048 pf 04 -0.814  0.846  1.174 7
0048 pf 05 -0.635  0.607  0.879 8
0048 pf 06 -0.918  0.430  1.013 8
0048 pf 07 -0.650  0.520  0.832 8
0048 pf 08 -0.810  0.552  0.981 8
0048 pf 09 -0.804  0.637  1.026 8
0048 pf 10 -0.473  0.818  0.945 7
0072 em 00 -0.612  0.663  0.902 7
0072 cf 00 -0.690  0.681  0.970 8
0072 pf 01 -0.584  1.086  1.233 7
0072 pf 02 -0.487  0.647  0.810 7
0072 pf 03 -0.036  0.639  0.640 7
0072 pf 04 -0.935  0.693  1.164 8
0072 pf 05 -0.746  0.654  0.992 8
0072 pf 06 -0.804  0.288  0.854 8
0072 pf 07 -0.460  0.707  0.843 7
0072 pf 08 -0.764  0.539  0.935 8
0072 pf 09 -0.657  0.520  0.838 8
0072 pf 10 -0.459  0.779  0.904 7
0096 em 00 -0.420  0.539  0.683 7
0096 cf 00 -0.541  0.459  0.709 8
0096 pf 01 -0.572  1.085  1.227 7
0096 pf 02 -0.141  0.448  0.470 7
0096 pf 03  0.214  0.743  0.774 6
0096 pf 04 -0.916  0.676  1.139 8
0096 pf 05 -0.556  0.552  0.783 8
0096 pf 06 -0.754 -0.057  0.756 1
0096 pf 07  0.145  0.755  0.769 6
0096 pf 08 -0.511  0.313  0.599 8
0096 pf 09 -0.342  0.298  0.453 8
0096 pf 10 -0.592  0.613  0.852 7
0120 em 00 -0.350  0.326  0.478 8
0120 cf 00 -0.550  0.196  0.584 8
0120 pf 01 -0.548  0.770  0.945 7
0120 pf 02  0.098  0.367  0.380 6
0120 pf 03  0.267  0.569  0.628 6
0120 pf 04 -1.008  0.460  1.109 8
0120 pf 05 -0.430  0.356  0.558 8
0120 pf 06 -0.629 -0.302  0.698 1
0120 pf 07  0.361  0.615  0.714 6
0120 pf 08 -0.478  0.044  0.480 8
0120 pf 09 -0.113  0.089  0.143 8
0120 pf 10 -0.770  0.410  0.872 8
0144 em 00 -0.542  0.013  0.542 8
0144 cf 00 -0.575 -0.209  0.612 1
0144 pf 01 -0.952  0.401  1.033 8
0144 pf 02 -0.036 -0.100  0.107 2
0144 pf 03  0.001  0.235  0.235 6
0144 pf 04 -1.215  0.148  1.224 8
0144 pf 05 -0.573  0.107  0.583 8
0144 pf 06 -0.660 -0.524  0.842 1
0144 pf 07  0.277  0.457  0.534 6
0144 pf 08 -0.715 -0.340  0.792 1
0144 pf 09 -0.299 -0.155  0.337 1
0144 pf 10 -1.125  0.164  1.137 8
0168 em 00 -0.914 -0.298  0.961 1
0168 cf 00 -0.946 -0.496  1.068 1
0168 pf 01 -1.038 -0.199  1.056 1
0168 pf 02 -0.320 -0.222  0.390 1
0168 pf 03 -0.436 -0.060  0.440 1
0168 pf 04 -2.037 -0.172  2.045 1
0168 pf 05 -0.909 -0.149  0.921 1
0168 pf 06 -0.868 -0.684  1.105 1
0168 pf 07 -0.050  0.381  0.384 7
0168 pf 08 -1.227 -0.698  1.412 1
0168 pf 09 -0.610 -0.594  0.852 1
0168 pf 10 -1.505 -0.333  1.541 1
0192 em 00 -1.159 -0.478  1.254 1
0192 cf 00 -1.129 -0.716  1.337 1
0192 pf 01 -1.165 -0.633  1.326 1
0192 pf 02 -0.706 -0.204  0.735 1
0192 pf 03 -0.763 -0.392  0.858 1
0192 pf 04 -2.401 -0.168  2.407 1
0192 pf 05 -1.333 -0.213  1.349 1
0192 pf 06 -0.959 -0.838  1.274 1
0192 pf 07 -0.212  0.158  0.265 8
0192 pf 08 -1.539 -0.827  1.747 1
0192 pf 09 -0.747 -0.832  1.119 2
0192 pf 10 -1.715 -0.553  1.802 1
0216 em 00 -1.325 -0.638  1.471 1
0216 cf 00 -1.389 -0.743  1.576 1
0216 pf 01 -1.353 -0.680  1.515 1
0216 pf 02 -0.758 -0.302  0.816 1
0216 pf 03 -0.950 -0.583  1.115 1
0216 pf 04 -2.706 -0.327  2.725 1
0216 pf 05 -1.575 -0.231  1.592 1
0216 pf 06 -1.269 -1.126  1.697 1
0216 pf 07 -0.342 -0.192  0.392 1
0216 pf 08 -1.616 -1.091  1.950 1
0216 pf 09 -0.757 -1.143  1.371 2
0216 pf 10 -1.808 -0.547  1.889 1
0240 em 00 -1.449 -0.635  1.582 1
0240 cf 00 -1.589 -0.888  1.820 1
0240 pf 01 -1.446 -0.648  1.585 1
0240 pf 02 -0.824 -0.305  0.879 1
0240 pf 03 -0.991 -0.595  1.156 1
0240 pf 04 -2.640 -0.286  2.655 1
0240 pf 05 -1.667 -0.199  1.679 1
0240 pf 06 -1.415 -0.967  1.714 1
0240 pf 07 -0.567 -0.002  0.567 1
0240 pf 08 -1.711 -1.433  2.232 1
0240 pf 09 -0.918 -1.136  1.460 2
0240 pf 10 -2.142 -0.502  2.201 1
0264 em 00 -1.467 -0.609  1.588 1
0264 cf 00 -1.724 -0.877  1.934 1
0264 pf 01 -1.158 -0.532  1.274 1
0264 pf 02 -0.945 -0.248  0.977 1
0264 pf 03 -0.812 -0.632  1.029 1
0264 pf 04 -2.674 -0.406  2.704 1
0264 pf 05 -1.768 -0.163  1.776 1
0264 pf 06 -1.548 -1.069  1.881 1
0264 pf 07 -0.537  0.255  0.594 8
0264 pf 08 -1.858 -1.455  2.360 1
0264 pf 09 -0.735 -1.156  1.370 2
0264 pf 10 -2.339 -0.432  2.379 1
0288 em 00 -1.336 -0.536  1.439 1
0288 cf 00 -1.612 -0.805  1.802 1
0288 pf 01 -1.188 -0.403  1.254 1
0288 pf 02 -0.933 -0.337  0.992 1
0288 pf 03 -0.560 -0.747  0.934 2
0288 pf 04 -2.557 -0.610  2.628 1
0288 pf 05 -1.672  0.128  1.677 8
0288 pf 06 -1.547 -1.031  1.859 1
0288 pf 07 -0.587  0.587  0.830 7
0288 pf 08 -1.537 -1.178  1.936 1
0288 pf 09 -0.472 -1.135  1.229 2
0288 pf 10 -2.028 -0.383  2.064 1
0312 em 00 -1.225 -0.556  1.346 1
0312 cf 00 -1.366 -0.896  1.634 1
0312 pf 01 -1.453 -0.480  1.530 1
0312 pf 02 -1.016 -0.264  1.050 1
0312 pf 03 -0.586 -0.787  0.981 2
0312 pf 04 -2.305 -0.971  2.502 1
0312 pf 05 -1.239  0.287  1.272 8
0312 pf 06 -1.600 -1.000  1.887 1
0312 pf 07 -0.605  0.742  0.958 7
0312 pf 08 -1.230 -1.102  1.652 1
0312 pf 09 -0.236 -1.068  1.094 2
0312 pf 10 -1.852 -0.601  1.947 1
0336 em 00 -1.159 -0.569  1.291 1
0336 cf 00 -1.288 -0.825  1.530 1
0336 pf 01 -1.619 -0.583  1.721 1
0336 pf 02 -0.971 -0.267  1.007 1
0336 pf 03 -0.596 -0.503  0.780 1
0336 pf 04 -2.153 -1.128  2.431 1
0336 pf 05 -1.086  0.221  1.109 8
0336 pf 06 -1.376 -1.256  1.863 1
0336 pf 07 -0.651  0.874  1.090 7
0336 pf 08 -0.950 -1.232  1.555 2
0336 pf 09 -0.169 -0.826  0.843 2
0336 pf 10 -1.899 -0.778  2.052 1
0360 em 00 -1.073 -0.667  1.264 1
0360 cf 00 -1.237 -0.694  1.419 1
0360 pf 01 -1.690 -0.604  1.794 1
0360 pf 02 -0.915 -0.226  0.942 1
0360 pf 03 -0.569 -0.489  0.751 1
0360 pf 04 -2.271 -1.420  2.678 1
0360 pf 05 -0.705  0.064  0.708 8
0360 pf 06 -1.101 -1.421  1.798 2
0360 pf 07 -0.640  0.791  1.018 7
0360 pf 08 -0.674 -1.327  1.488 2
0360 pf 09  0.224 -0.982  1.007 3
0360 pf 10 -2.242 -1.106  2.500 1
0384 em 00 -0.929 -0.747  1.192 1
0384 cf 00 -1.321 -0.506  1.414 1
0384 pf 01 -1.510 -0.953  1.786 1
0384 pf 02 -0.628 -0.342  0.715 1
0384 pf 03 -0.594 -0.540  0.802 1
0384 pf 04 -1.999 -1.443  2.465 1
0384 pf 05 -0.616  0.101  0.624 8
0384 pf 06 -0.790 -1.622  1.804 2
0384 pf 07 -0.576  0.320  0.659 8
0384 pf 08 -0.403 -1.191  1.258 2
0384 pf 09  0.333 -0.693  0.769 3
0384 pf 10 -2.123 -1.444  2.567 1
0408 em 00 -0.838 -0.850  1.193 2
0408 cf 00 -1.381 -0.417  1.443 1
0408 pf 01 -0.831 -1.010  1.308 2
0408 pf 02 -0.651 -0.641  0.914 1
0408 pf 03 -0.554 -0.731  0.917 2
0408 pf 04 -1.932 -1.138  2.243 1
0408 pf 05 -0.904  0.113  0.911 8
0408 pf 06 -0.408 -1.729  1.776 2
0408 pf 07 -0.817 -0.107  0.824 1
0408 pf 08 -0.274 -1.135  1.168 2
0408 pf 09  0.505 -0.797  0.944 3
0408 pf 10 -1.964 -1.866  2.709 1
0432 em 00 -0.763 -0.895  1.176 2
0432 cf 00 -1.353 -0.554  1.462 1
0432 pf 01 -0.262 -1.188  1.217 2
0432 pf 02 -0.895 -0.637  1.098 1
0432 pf 03 -0.380 -0.957  1.030 2
0432 pf 04 -1.903 -1.251  2.277 1
0432 pf 05 -1.007  0.238  1.034 8
0432 pf 06 -0.316 -1.524  1.556 2
0432 pf 07 -0.689 -0.231  0.727 1
0432 pf 08 -0.180 -1.137  1.151 2
0432 pf 09  0.607 -0.709  0.934 3
0432 pf 10 -1.990 -2.027  2.841 2
0456 em 00 -0.569 -0.922  1.084 2
0456 cf 00 -1.104 -0.677  1.295 1
0456 pf 01 -0.012 -1.397  1.397 2
0456 pf 02 -1.020 -0.785  1.287 1
0456 pf 03 -0.003 -0.768  0.768 2
0456 pf 04 -1.366 -1.249  1.851 1
0456 pf 05 -0.666 -0.075  0.670 1
0456 pf 06 -0.367 -1.136  1.194 2
0456 pf 07 -0.338 -0.187  0.386 1
0456 pf 08 -0.412 -1.388  1.447 2
0456 pf 09  0.592 -0.469  0.755 4
0456 pf 10 -1.557 -2.168  2.670 2
0480 em 00 -0.367 -0.830  0.908 2
0480 cf 00 -1.103 -1.044  1.519 1
0480 pf 01  0.408 -1.044  1.121 3
0480 pf 02 -1.133 -0.541  1.255 1
0480 pf 03  0.041 -0.684  0.685 3
0480 pf 04 -0.943 -1.174  1.506 2
0480 pf 05 -0.063 -0.251  0.259 2
0480 pf 06 -0.457 -0.436  0.632 1
0480 pf 07 -0.261 -0.381  0.462 2
0480 pf 08 -0.250 -1.388  1.410 2
0480 pf 09  0.630 -0.238  0.674 4
0480 pf 10 -0.891 -2.109  2.289 2
0504 em 00 -0.208 -0.727  0.756 2
0504 cf 00 -0.953 -1.352  1.654 2
0504 pf 01  0.737 -0.630  0.969 4
0504 pf 02 -1.003 -0.725  1.237 1
0504 pf 03  0.425 -0.344  0.547 4
0504 pf 04 -0.951 -1.429  1.716 2
0504 pf 05  0.356 -0.350  0.499 4
0504 pf 06 -0.377 -0.033  0.378 1
0504 pf 07 -0.222 -0.516  0.561 2
0504 pf 08 -0.281 -1.113  1.148 2
0504 pf 09  0.607  0.082  0.612 5
0504 pf 10 -0.596 -1.742  1.841 2
0528 em 00 -0.144 -0.663  0.678 2
0528 cf 00 -0.740 -1.450  1.628 2
0528 pf 01  1.144 -0.327  1.190 4
0528 pf 02 -1.082 -0.679  1.278 1
0528 pf 03  0.611 -0.257  0.663 4
0528 pf 04 -1.156 -1.795  2.135 2
0528 pf 05  0.665 -0.411  0.782 4
0528 pf 06 -0.635 -0.163  0.656 1
0528 pf 07 -0.352 -0.289  0.455 1
0528 pf 08  0.032 -1.025  1.025 3
0528 pf 09  0.313  0.428  0.530 6
0528 pf 10 -0.338 -1.471  1.510 2
0552 em 00 -0.086 -0.619  0.625 2
0552 cf 00 -0.526 -1.515  1.604 2
0552 pf 01  1.063 -0.011  1.063 4
0552 pf 02 -1.150 -1.036  1.548 1
0552 pf 03  0.594 -0.102  0.603 4
0552 pf 04 -1.098 -1.913  2.205 2
0552 pf 05  0.982 -0.451  1.081 4
0552 pf 06 -0.729 -0.418  0.841 1
0552 pf 07  0.045 -0.384  0.387 3
0552 pf 08  0.117 -0.776  0.785 3
0552 pf 09 -0.140  0.743  0.756 7
0552 pf 10 -0.014 -1.086  1.086 2
0576 em 00  0.066 -0.571  0.575 3
0576 cf 00 -0.134 -1.688  1.693 2
0576 pf 01  0.982  0.462  1.085 5
0576 pf 02 -0.654 -1.270  1.428 2
0576 pf 03  0.582 -0.059  0.585 4
0576 pf 04 -0.763 -2.139  2.271 2
0576 pf 05  0.873 -0.093  0.878 4
0576 pf 06 -0.787 -0.617  1.000 1
0576 pf 07  0.418 -0.584  0.718 3
0576 pf 08  0.236 -0.595  0.640 3
0576 pf 09 -0.179  1.041  1.056 7
0576 pf 10  0.246 -0.858  0.893 3
0600 em 00  0.224 -0.425  0.480 3
0600 cf 00  0.240 -1.601  1.619 3
0600 pf 01  0.883  0.849  1.225 5
0600 pf 02 -0.464 -1.471  1.542 2
0600 pf 03  0.868  0.340  0.932 5
0600 pf 04 -0.265 -2.103  2.119 2
0600 pf 05  0.862  0.194  0.884 5
0600 pf 06 -0.901 -0.671  1.123 1
0600 pf 07  0.718 -0.620  0.949 4
0600 pf 08  0.267 -0.295  0.398 3
0600 pf 09 -0.336  1.018  1.072 7
0600 pf 10  0.688 -0.450  0.822 4
0624 em 00  0.278 -0.396  0.484 3
0624 cf 00  0.567 -1.283  1.403 3
0624 pf 01  0.883  0.933  1.285 6
0624 pf 02 -0.374 -1.561  1.605 2
0624 pf 03  1.026  0.517  1.149 5
0624 pf 04 -0.188 -2.108  2.116 2
0624 pf 05  0.833  0.221  0.862 5
0624 pf 06 -0.886 -0.917  1.275 2
0624 pf 07  1.238 -0.600  1.375 4
0624 pf 08  0.154 -0.108  0.188 4
0624 pf 09 -0.748  0.944  1.204 7
0624 pf 10  0.643 -0.521  0.828 4
0648 em 00  0.290 -0.326  0.436 3
0648 cf 00  0.761 -1.051  1.298 3
0648 pf 01  0.687  0.993  1.207 6
0648 pf 02 -0.109 -1.380  1.384 2
0648 pf 03  0.961  0.875  1.300 5
0648 pf 04 -0.104 -1.964  1.966 2
0648 pf 05  1.214  0.396  1.277 5
0648 pf 06 -0.888 -0.977  1.320 2
0648 pf 07  1.563 -0.263  1.585 4
0648 pf 08  0.049 -0.293  0.297 3
0648 pf 09 -1.200  0.740  1.410 8
0648 pf 10  0.368 -0.785  0.867 3
0672 em 00  0.369 -0.283  0.465 4
0672 cf 00  0.932 -0.815  1.238 4
0672 pf 01  0.825  0.625  1.035 5
0672 pf 02  0.137 -0.739  0.752 3
0672 pf 03  0.642  1.105  1.278 6
0672 pf 04  0.044 -1.853  1.854 3
0672 pf 05  1.560  0.658  1.693 5
0672 pf 06 -0.561 -1.034  1.176 2
0672 pf 07  1.875 -0.203  1.886 4
0672 pf 08 -0.139 -0.547  0.564 2
0672 pf 09 -1.364  0.497  1.451 8
0672 pf 10  0.219 -0.916  0.942 3
0696 em 00  0.362 -0.247  0.438 4
0696 cf 00  0.934 -0.619  1.120 4
0696 pf 01  0.694  0.330  0.768 5
0696 pf 02  0.351 -0.524  0.630 3
0696 pf 03  0.529  1.145  1.261 6
0696 pf 04 -0.006 -1.583  1.583 2
0696 pf 05  1.776  1.044  2.060 5
0696 pf 06 -0.466 -1.295  1.376 2
0696 pf 07  1.578  0.059  1.579 5
0696 pf 08 -0.296 -0.765  0.820 2
0696 pf 09 -1.436  0.084  1.438 8
0696 pf 10  0.443 -0.667  0.801 3
0720 em 00  0.361 -0.238  0.432 4
0720 cf 00  0.857 -0.396  0.944 4
0720 pf 01  0.369 -0.063  0.375 4
0720 pf 02  0.479 -0.251  0.540 4
0720 pf 03  0.429  0.969  1.060 6
0720 pf 04  0.445 -1.277  1.353 3
0720 pf 05  1.941  1.270  2.320 5
0720 pf 06 -0.586 -1.438  1.552 2
0720 pf 07  1.333  0.137  1.340 5
0720 pf 08 -0.534 -0.698  0.879 2
0720 pf 09 -1.344 -0.097  1.348 1
0720 pf 10  0.707 -0.830  1.091 3
0744 em 00  0.316 -0.081  0.326 4
0744 cf 00  0.687  0.105  0.695 5
0744 pf 01  0.362 -0.249  0.440 4
0744 pf 02  0.388  0.019  0.389 5
0744 pf 03  0.336  0.896  0.957 6
0744 pf 04  0.501 -0.982  1.103 3
0744 pf 05  1.958  1.566  2.507 5
0744 pf 06 -0.685 -1.201  1.382 2
0744 pf 07  0.810  0.310  0.867 5
0744 pf 08 -0.382 -0.587  0.700 2
0744 pf 09 -1.179 -0.207  1.197 1
0744 pf 10  0.812 -0.586  1.002 4
0768 em 00  0.239 -0.016  0.240 4
0768 cf 00  0.606  0.560  0.825 5
0768 pf 01  0.401 -0.559  0.688 3
0768 pf 02  0.704  0.191  0.730 5
0768 pf 03  0.175  0.598  0.623 6
0768 pf 04  0.398 -0.532  0.665 3
0768 pf 05  1.506  1.682  2.257 6
0768 pf 06 -0.603 -1.276  1.411 2
0768 pf 07  0.417  0.355  0.548 5
0768 pf 08 -0.403 -0.638  0.755 2
0768 pf 09 -1.136  0.057  1.138 8
0768 pf 10  0.706 -0.633  0.948 4
0792 em 00  0.192 -0.009  0.192 4
0792 cf 00  0.357  0.701  0.787 6
0792 pf 01  0.498 -0.615  0.791 3
0792 pf 02  1.200  0.476  1.291 5
0792 pf 03  0.130  0.382  0.404 6
0792 pf 04  0.076 -0.354  0.362 3
0792 pf 05  1.224  1.564  1.986 6
0792 pf 06 -0.757 -1.202  1.420 2
0792 pf 07  0.377  0.513  0.636 6
0792 pf 08 -0.585 -0.734  0.939 2
0792 pf 09 -1.081  0.016  1.081 8
0792 pf 10  0.776 -0.862  1.160 3
0816 em 00  0.183 -0.054  0.191 4
0816 cf 00  0.168  0.849  0.866 6
0816 pf 01  0.566 -0.730  0.924 3
0816 pf 02  1.569  0.576  1.672 5
0816 pf 03  0.034  0.125  0.130 6
0816 pf 04 -0.209 -0.416  0.465 2
0816 pf 05  0.928  1.318  1.612 6
0816 pf 06 -0.374 -1.158  1.216 2
0816 pf 07  0.327  0.411  0.525 6
0816 pf 08 -1.017 -0.703  1.236 1
0816 pf 09 -0.740  0.108  0.748 8
0816 pf 10  0.821 -0.957  1.261 3
0840 em 00  0.201 -0.130  0.239 4
0840 cf 00  0.094  0.639  0.646 6
0840 pf 01  0.499 -0.706  0.865 3
0840 pf 02  1.711  0.884  1.926 5
0840 pf 03  0.093 -0.488  0.497 3
0840 pf 04 -0.438 -0.435  0.617 1
0840 pf 05  0.949  1.227  1.552 6
0840 pf 06 -0.058 -1.191  1.193 2
0840 pf 07  0.097  0.413  0.424 6
0840 pf 08 -1.144 -0.826  1.411 1
0840 pf 09 -0.511  0.179  0.541 8
0840 pf 10  0.970 -1.087  1.457 3
0864 em 00  0.207 -0.144  0.252 4
0864 cf 00  0.051  0.523  0.526 6
0864 pf 01  0.563 -0.800  0.978 3
0864 pf 02  1.777  1.171  2.129 5
0864 pf 03 -0.008 -0.914  0.914 2
0864 pf 04 -0.451 -0.400  0.602 1
0864 pf 05  0.554  1.559  1.655 6
0864 pf 06  0.190 -1.380  1.393 3
0864 pf 07 -0.105  0.151  0.184 7
0864 pf 08 -1.270 -0.890  1.551 1
0864 pf 09  0.001  0.190  0.190 6
0864 pf 10  1.037 -0.733  1.270 4
0888 em 00  0.279 -0.133  0.309 4
0888 cf 00 -0.013  0.326  0.326 7
0888 pf 01  0.588 -0.639  0.868 3
0888 pf 02  1.767  1.310  2.199 5
0888 pf 03  0.120 -1.256  1.262 3
0888 pf 04 -0.330 -0.338  0.472 2
0888 pf 05  0.241  1.718  1.735 6
0888 pf 06  0.378 -1.576  1.621 3
0888 pf 07 -0.265  0.103  0.284 8
0888 pf 08 -1.066 -0.964  1.437 1
0888 pf 09  0.540  0.222  0.584 5
0888 pf 10  1.139 -0.304  1.178 4
0912 em 00  0.326 -0.062  0.332 4
0912 cf 00  0.226  0.273  0.355 6
0912 pf 01  0.690 -0.520  0.864 4
0912 pf 02  1.558  1.415  2.104 5
0912 pf 03  0.298 -1.258  1.293 3
0912 pf 04 -0.034  0.058  0.067 7
0912 pf 05 -0.117  1.684  1.688 7
0912 pf 06  0.331 -1.636  1.670 3
0912 pf 07 -0.396 -0.053  0.400 1
0912 pf 08 -0.857 -1.003  1.320 2
0912 pf 09  0.589  0.459  0.747 5
0912 pf 10  1.290 -0.040  1.290 4
0936 em 00  0.387 -0.104  0.400 4
0936 cf 00  0.384  0.106  0.398 5
0936 pf 01  0.510 -0.660  0.834 3
0936 pf 02  1.375  1.076  1.746 5
0936 pf 03  0.534 -1.302  1.407 3
0936 pf 04  0.059  0.293  0.299 6
0936 pf 05 -0.589  1.301  1.429 7
0936 pf 06  0.532 -1.696  1.778 3
0936 pf 07 -0.312 -0.018  0.313 1
0936 pf 08 -0.433 -1.031  1.118 2
0936 pf 09  0.625  0.679  0.923 6
0936 pf 10  1.491  0.165  1.500 5
0960 em 00  0.393 -0.193  0.438 4
0960 cf 00  0.553 -0.068  0.557 4
0960 pf 01  0.382 -0.680  0.780 3
0960 pf 02  1.024  0.825  1.315 5
0960 pf 03  0.599 -1.425  1.546 3
0960 pf 04 -0.064  0.151  0.164 7
0960 pf 05 -0.809  1.103  1.368 7
0960 pf 06  0.601 -1.541  1.654 3
0960 pf 07 -0.302 -0.358  0.468 2
0960 pf 08 -0.149 -0.974  0.985 2
0960 pf 09  0.606  0.656  0.893 6
0960 pf 10  1.804  0.265  1.823 5
0984 em 00  0.275 -0.248  0.370 4
0984 cf 00  0.648 -0.166  0.669 4
0984 pf 01  0.011 -0.681  0.681 3
0984 pf 02  0.534  0.432  0.687 5
0984 pf 03  0.805 -1.553  1.749 3
0984 pf 04 -0.079  0.004  0.079 8
0984 pf 05 -0.873  0.846  1.216 8
0984 pf 06  0.634 -1.389  1.527 3
0984 pf 07 -0.489 -0.677  0.836 2
0984 pf 08 -0.190 -0.954  0.973 2
0984 pf 09  0.278  0.960  0.999 6
0984 pf 10  1.667  0.499  1.740 5
1008 em 00  0.162 -0.256  0.303 3
1008 cf 00  0.579 -0.331  0.667 4
1008 pf 01 -0.157 -0.586  0.607 2
1008 pf 02  0.244  0.432  0.497 6
1008 pf 03  1.073 -1.126  1.555 3
1008 pf 04  0.012 -0.169  0.169 3
1008 pf 05 -0.882  0.523  1.026 8
1008 pf 06  0.571 -1.268  1.391 3
1008 pf 07 -0.885 -0.895  1.259 2
1008 pf 08 -0.208 -0.848  0.873 2
1008 pf 09 -0.133  0.918  0.927 7
1008 pf 10  1.499  0.565  1.602 5
1032 em 00  0.194 -0.222  0.295 3
1032 cf 00  0.494 -0.276  0.565 4
1032 pf 01 -0.073 -0.340  0.347 2
1032 pf 02  0.444  0.889  0.993 6
1032 pf 03  1.184 -0.537  1.300 4
1032 pf 04  0.107 -0.422  0.435 3
1032 pf 05 -1.089  0.075  1.092 8
1032 pf 06  0.416 -1.147  1.220 3
1032 pf 07 -0.775 -1.037  1.295 2
1032 pf 08  0.083 -0.719  0.724 3
1032 pf 09 -0.353  0.497  0.610 7
1032 pf 10  1.600  0.583  1.703 5
1056 em 00  0.264 -0.136  0.297 4
1056 cf 00  0.676 -0.076  0.680 4
1056 pf 01  0.162 -0.198  0.256 3
1056 pf 02  0.270  1.067  1.101 6
1056 pf 03  1.345 -0.194  1.359 4
1056 pf 04  0.235 -0.635  0.677 3
1056 pf 05 -1.097 -0.201  1.115 1
1056 pf 06  0.708 -0.882  1.132 3
1056 pf 07 -0.693 -1.021  1.234 2
1056 pf 08  0.443 -0.486  0.658 3
1056 pf 09 -0.732  0.543  0.911 8
1056 pf 10  1.511  0.592  1.623 5
1080 em 00  0.346 -0.063  0.351 4
1080 cf 00  0.557 -0.220  0.599 4
1080 pf 01  0.148 -0.256  0.295 3
1080 pf 02  0.281  1.217  1.249 6
1080 pf 03  1.444  0.101  1.448 5
1080 pf 04  0.362 -0.699  0.787 3
1080 pf 05 -0.970 -0.354  1.032 1
1080 pf 06  1.039 -0.492  1.150 4
1080 pf 07 -0.744 -0.746  1.054 2
1080 pf 08  0.762 -0.460  0.890 4
1080 pf 09 -0.368  0.706  0.796 7
1080 pf 10  1.240  0.486  1.332 5
1104 em 00  0.335 -0.038  0.337 4
1104 cf 00  0.277 -0.141  0.311 4
1104 pf 01 -0.214 -0.380  0.436 2
1104 pf 02  0.250  1.179  1.205 6
1104 pf 03  1.458  0.261  1.481 5
1104 pf 04  0.465 -0.921  1.032 3
1104 pf 05 -0.932 -0.255  0.966 1
1104 pf 06  1.122 -0.334  1.171 4
1104 pf 07 -0.478 -0.556  0.733 2
1104 pf 08  0.982 -0.645  1.175 4
1104 pf 09 -0.011  0.983  0.983 7
1104 pf 10  0.726  0.368  0.814 5
