ecmf prod rf 2006062600 20230626 11 046
0024 em 00  1.156 -0.044  1.157 4
0024 cf 00  1.094 -0.037  1.095 4
0024 pf 01  1.090 -0.019  1.090 4
0024 pf 02  1.147 -0.119  1.153 4
0024 pf 03  1.074 -0.159  1.085 4
0024 pf 04  1.116  0.038  1.117 5
0024 pf 05  1.165 -0.008  1.165 4
0024 pf 06  1.162 -0.132  1.170 4
0024 pf 07  1.139  0.068  1.141 5
0024 pf 08  1.264 -0.198  1.280 4
0024 pf 09  1.167 -0.043  1.168 4
0024 pf 10  1.261 -0.014  1.261 4
0048 em 00  1.333  0.166  1.343 5
0048 cf 00  1.294  0.215  1.311 5
0048 pf 01  1.152  0.170  1.165 5
0048 pf 02  1.359 -0.031  1.360 4
0048 pf 03  1.212  0.091  1.216 5
0048 pf 04  1.225  0.165  1.236 5
0048 pf 05  1.190  0.111  1.195 5
0048 pf 06  1.408  0.144  1.415 5
0048 pf 07  1.250  0.313  1.288 5
0048 pf 08  1.473  0.010  1.473 5
0048 pf 09  1.523  0.313  1.555 5
0048 pf 10  1.547  0.199  1.560 5
0072 em 00  1.206  0.296  1.241 5
0072 cf 00  1.143  0.342  1.194 5
0072 pf 01  0.944  0.408  1.028 5
0072 pf 02  1.421  0.073  1.423 5
0072 pf 03  1.155  0.321  1.199 5
0072 pf 04  1.034  0.111  1.040 5
0072 pf 05  1.010  0.300  1.053 5
0072 pf 06  1.436  0.289  1.465 5
0072 pf 07  0.949  0.398  1.029 5
0072 pf 08  1.321  0.206  1.337 5
0072 pf 09  1.451  0.291  1.479 5
0072 pf 10  1.397  0.427  1.460 5
0096 em 00  1.038  0.486  1.146 5
0096 cf 00  0.933  0.470  1.045 5
0096 pf 01  0.675  0.733  0.997 6
0096 pf 02  1.502  0.144  1.508 5
0096 pf 03  0.938  0.462  1.046 5
0096 pf 04  0.983  0.063  0.985 5
0096 pf 05  0.675  0.519  0.851 5
0096 pf 06  1.539  0.641  1.667 5
0096 pf 07  0.500  0.423  0.655 5
0096 pf 08  1.099  0.583  1.244 5
0096 pf 09  1.217  0.514  1.321 5
0096 pf 10  1.374  0.729  1.555 5
0120 em 00  0.970  0.666  1.177 5
0120 cf 00  0.811  0.541  0.975 5
0120 pf 01  0.480  0.652  0.810 6
0120 pf 02  1.892  0.487  1.954 5
0120 pf 03  0.805  0.872  1.187 6
0120 pf 04  1.268  0.103  1.272 5
0120 pf 05  0.511  0.748  0.906 6
0120 pf 06  1.564  1.000  1.856 5
0120 pf 07  0.403  0.411  0.576 6
0120 pf 08  0.713  0.928  1.170 6
0120 pf 09  1.096  0.532  1.218 5
0120 pf 10  1.128  0.967  1.485 5
0144 em 00  0.702  0.729  1.012 6
0144 cf 00  0.554  0.568  0.793 6
0144 pf 01  0.177  0.659  0.682 6
0144 pf 02  1.934  0.650  2.040 5
0144 pf 03  0.426  0.781  0.889 6
0144 pf 04  1.249  0.140  1.256 5
0144 pf 05  0.048  0.598  0.600 6
0144 pf 06  1.353  1.129  1.763 5
0144 pf 07  0.209  0.324  0.385 6
0144 pf 08  0.326  1.008  1.059 6
0144 pf 09  0.767  0.978  1.243 6
0144 pf 10  0.722  1.075  1.295 6
0168 em 00  0.337  0.599  0.688 6
0168 cf 00  0.260  0.413  0.488 6
0168 pf 01 -0.135  0.369  0.393 7
0168 pf 02  1.659  0.985  1.929 5
0168 pf 03 -0.072  0.466  0.471 7
0168 pf 04  0.837  0.101  0.843 5
0168 pf 05 -0.191  0.387  0.431 7
0168 pf 06  0.768  0.825  1.127 6
0168 pf 07  0.052  0.212  0.218 6
0168 pf 08 -0.201  0.854  0.878 7
0168 pf 09  0.465  1.050  1.149 6
0168 pf 10  0.304  0.859  0.911 6
0192 em 00 -0.037  0.617  0.618 7
0192 cf 00  0.023  0.411  0.412 6
0192 pf 01 -0.514  0.374  0.635 8
0192 pf 02  1.252  1.364  1.852 6
0192 pf 03 -0.644  0.158  0.664 8
0192 pf 04  0.450  0.165  0.479 5
0192 pf 05 -0.293  0.353  0.459 7
0192 pf 06  0.256  0.862  0.899 6
0192 pf 07  0.037  0.393  0.394 6
0192 pf 08 -0.605  0.824  1.022 7
0192 pf 09  0.056  1.008  1.010 6
0192 pf 10 -0.399  0.849  0.938 7
0216 em 00 -0.168  0.593  0.616 7
0216 cf 00 -0.057  0.356  0.360 7
0216 pf 01 -0.848  0.254  0.886 8
0216 pf 02  1.092  1.764  2.075 6
0216 pf 03 -0.878  0.150  0.891 8
0216 pf 04  0.473  0.229  0.525 5
0216 pf 05 -0.170  0.314  0.357 7
0216 pf 06 -0.099  0.624  0.632 7
0216 pf 07  0.161  0.470  0.496 6
0216 pf 08 -0.936  0.537  1.080 8
0216 pf 09  0.059  1.050  1.052 6
0216 pf 10 -0.616  0.725  0.951 7
0240 em 00 -0.224  0.512  0.559 7
0240 cf 00 -0.082  0.247  0.261 7
0240 pf 01 -1.031 -0.008  1.031 1
0240 pf 02  0.720  2.218  2.332 6
0240 pf 03 -0.857  0.232  0.888 8
0240 pf 04  0.338  0.273  0.434 5
0240 pf 05  0.190  0.080  0.207 5
0240 pf 06 -0.138  0.401  0.424 7
0240 pf 07 -0.056  0.519  0.522 7
0240 pf 08 -0.894  0.171  0.910 8
0240 pf 09  0.130  1.030  1.038 6
0240 pf 10 -0.763  0.422  0.872 8
0264 em 00 -0.149  0.442  0.466 7
0264 cf 00 -0.035  0.131  0.136 7
0264 pf 01 -0.886 -0.078  0.889 1
0264 pf 02  0.450  2.219  2.264 6
0264 pf 03 -0.658  0.105  0.666 8
0264 pf 04  0.500  0.287  0.576 5
0264 pf 05  0.577  0.029  0.577 5
0264 pf 06 -0.166  0.416  0.448 7
0264 pf 07 -0.141  0.177  0.226 7
0264 pf 08 -0.722 -0.049  0.724 1
0264 pf 09  0.153  0.893  0.906 6
0264 pf 10 -0.701  0.671  0.970 8
0288 em 00 -0.173  0.392  0.428 7
0288 cf 00 -0.014  0.276  0.277 7
0288 pf 01 -0.598 -0.184  0.625 1
0288 pf 02  0.018  1.950  1.950 6
0288 pf 03 -0.681  0.030  0.682 8
0288 pf 04  0.582  0.304  0.657 5
0288 pf 05  0.645 -0.169  0.666 4
0288 pf 06 -0.199  0.635  0.666 7
0288 pf 07 -0.513 -0.081  0.519 1
0288 pf 08 -0.556 -0.166  0.581 1
0288 pf 09  0.230  0.789  0.822 6
0288 pf 10 -0.808  0.876  1.191 7
0312 em 00 -0.153  0.439  0.465 7
0312 cf 00  0.050  0.206  0.212 6
0312 pf 01 -0.413 -0.253  0.484 1
0312 pf 02 -0.311  1.951  1.975 7
0312 pf 03 -0.351 -0.095  0.363 1
0312 pf 04  0.662  0.377  0.762 5
0312 pf 05  0.581 -0.019  0.581 4
0312 pf 06 -0.323  0.764  0.830 7
0312 pf 07 -0.836 -0.154  0.850 1
0312 pf 08 -0.400 -0.022  0.401 1
0312 pf 09  0.481  0.901  1.022 6
0312 pf 10 -0.796  1.114  1.369 7
0336 em 00 -0.105  0.427  0.440 7
0336 cf 00  0.007 -0.006  0.009 4
0336 pf 01 -0.182 -0.582  0.610 2
0336 pf 02 -0.394  1.720  1.765 7
0336 pf 03 -0.175 -0.232  0.291 2
0336 pf 04  0.520  0.452  0.689 5
0336 pf 05  0.481  0.145  0.503 5
0336 pf 06 -0.212  0.875  0.900 7
0336 pf 07 -0.863 -0.120  0.871 1
0336 pf 08 -0.270  0.162  0.315 8
0336 pf 09  0.665  0.934  1.146 6
0336 pf 10 -0.686  1.299  1.469 7
0360 em 00 -0.071  0.469  0.474 7
0360 cf 00  0.037 -0.075  0.083 3
0360 pf 01  0.016 -0.447  0.447 3
0360 pf 02 -0.280  1.559  1.584 7
0360 pf 03 -0.071  0.061  0.094 8
0360 pf 04  0.648  0.857  1.075 6
0360 pf 05  0.002  0.145  0.145 6
0360 pf 06 -0.328  0.805  0.869 7
0360 pf 07 -0.533  0.196  0.568 8
0360 pf 08 -0.336  0.144  0.365 8
0360 pf 09  0.518  0.708  0.877 6
0360 pf 10 -0.394  1.157  1.222 7
0384 em 00 -0.078  0.531  0.536 7
0384 cf 00  0.173  0.054  0.181 5
0384 pf 01  0.268 -0.202  0.336 4
0384 pf 02 -0.460  1.307  1.386 7
0384 pf 03  0.049  0.009  0.050 5
0384 pf 04  0.382  1.322  1.376 6
0384 pf 05 -0.251  0.064  0.259 8
0384 pf 06 -0.182  0.748  0.770 7
0384 pf 07 -0.173  0.488  0.518 7
0384 pf 08 -0.402  0.318  0.513 8
0384 pf 09  0.282  0.763  0.813 6
0384 pf 10 -0.494  0.893  1.020 7
0408 em 00 -0.077  0.530  0.536 7
0408 cf 00  0.296 -0.022  0.296 4
0408 pf 01  0.145 -0.076  0.163 4
0408 pf 02 -0.382  1.072  1.138 7
0408 pf 03 -0.202 -0.033  0.205 1
0408 pf 04  0.389  1.841  1.881 6
0408 pf 05 -0.494  0.109  0.506 8
0408 pf 06 -0.028  0.900  0.900 7
0408 pf 07  0.196  0.474  0.513 6
0408 pf 08 -0.368  0.236  0.437 8
0408 pf 09  0.167  0.633  0.654 6
0408 pf 10 -0.527  0.645  0.833 7
0432 em 00 -0.132  0.518  0.535 7
0432 cf 00  0.294 -0.011  0.294 4
0432 pf 01  0.048  0.012  0.049 5
0432 pf 02 -0.177  1.248  1.261 7
0432 pf 03 -0.331 -0.041  0.333 1
0432 pf 04  0.378  1.854  1.892 6
0432 pf 05 -0.963  0.117  0.970 8
0432 pf 06 -0.177  0.942  0.958 7
0432 pf 07  0.352  0.467  0.585 6
0432 pf 08 -0.477  0.116  0.491 8
0432 pf 09  0.265  0.685  0.734 6
0432 pf 10 -0.617  0.261  0.670 8
0456 em 00 -0.085  0.542  0.548 7
0456 cf 00  0.299  0.138  0.329 5
0456 pf 01  0.013 -0.124  0.124 3
0456 pf 02  0.318  1.252  1.291 6
0456 pf 03 -0.249  0.282  0.376 7
0456 pf 04  0.299  1.986  2.008 6
0456 pf 05 -1.252  0.164  1.263 8
0456 pf 06 -0.207  1.065  1.085 7
0456 pf 07  0.375  0.351  0.513 5
0456 pf 08 -0.269 -0.014  0.270 1
0456 pf 09  0.336  0.881  0.943 6
0456 pf 10 -0.561 -0.068  0.565 1
0480 em 00 -0.068  0.593  0.597 7
0480 cf 00  0.272  0.492  0.562 6
0480 pf 01  0.004 -0.041  0.041 3
0480 pf 02  0.426  1.515  1.574 6
0480 pf 03 -0.287  0.184  0.341 8
0480 pf 04 -0.018  2.104  2.104 7
0480 pf 05 -1.481  0.147  1.488 8
0480 pf 06  0.053  1.229  1.230 6
0480 pf 07  0.203  0.476  0.517 6
0480 pf 08  0.189 -0.082  0.206 4
0480 pf 09  0.343  1.028  1.084 6
0480 pf 10 -0.395 -0.589  0.710 2
0504 em 00 -0.075  0.465  0.471 7
0504 cf 00  0.119  0.242  0.270 6
0504 pf 01  0.328 -0.186  0.377 4
0504 pf 02  0.185  1.865  1.874 6
0504 pf 03 -0.379  0.020  0.379 8
0504 pf 04 -0.495  2.247  2.301 7
0504 pf 05 -1.389  0.001  1.389 8
0504 pf 06  0.202  0.951  0.972 6
0504 pf 07  0.359  0.437  0.566 6
0504 pf 08  0.332 -0.395  0.516 3
0504 pf 09  0.090  0.978  0.983 6
0504 pf 10 -0.109 -1.097  1.102 2
0528 em 00 -0.094  0.356  0.368 7
0528 cf 00 -0.174 -0.063  0.185 1
0528 pf 01  0.538 -0.397  0.668 4
0528 pf 02  0.273  2.010  2.028 6
0528 pf 03 -0.467 -0.065  0.471 1
0528 pf 04 -0.944  1.803  2.035 7
0528 pf 05 -1.391 -0.273  1.418 1
0528 pf 06  0.411  0.703  0.814 6
0528 pf 07  0.331  0.631  0.713 6
0528 pf 08  0.339 -0.174  0.381 4
0528 pf 09 -0.059  1.064  1.065 7
0528 pf 10  0.156 -1.372  1.381 3
0552 em 00 -0.131  0.243  0.276 7
0552 cf 00 -0.373 -0.686  0.781 2
0552 pf 01  0.396 -0.479  0.621 3
0552 pf 02  0.287  2.041  2.061 6
0552 pf 03 -0.418 -0.092  0.428 1
0552 pf 04 -1.097  1.170  1.604 7
0552 pf 05 -1.428 -0.433  1.492 1
0552 pf 06  0.367  0.538  0.651 6
0552 pf 07  0.176  0.845  0.864 6
0552 pf 08  0.083 -0.045  0.095 4
0552 pf 09 -0.173  1.047  1.061 7
0552 pf 10  0.796 -1.272  1.501 3
0576 em 00 -0.223  0.122  0.254 8
0576 cf 00 -0.568 -0.971  1.125 2
0576 pf 01  0.389 -0.137  0.412 4
0576 pf 02  0.309  2.138  2.161 6
0576 pf 03 -0.687 -0.344  0.768 1
0576 pf 04 -1.242  0.384  1.300 8
0576 pf 05 -1.381 -0.712  1.554 1
0576 pf 06  0.217  0.333  0.398 6
0576 pf 07 -0.255  0.791  0.831 7
0576 pf 08 -0.092 -0.013  0.093 1
0576 pf 09 -0.324  0.865  0.924 7
0576 pf 10  1.226 -1.029  1.601 4
0600 em 00 -0.263  0.020  0.264 8
0600 cf 00 -0.765 -1.198  1.422 2
0600 pf 01  0.461  0.012  0.461 5
0600 pf 02  0.367  2.124  2.155 6
0600 pf 03 -0.759 -0.504  0.911 1
0600 pf 04 -1.093 -0.062  1.094 1
0600 pf 05 -1.127 -1.007  1.511 1
0600 pf 06 -0.031  0.306  0.308 7
0600 pf 07 -0.339  0.583  0.675 7
0600 pf 08 -0.639  0.164  0.660 8
0600 pf 09 -0.470  0.612  0.771 7
0600 pf 10  1.533 -0.842  1.749 4
0624 em 00 -0.282 -0.029  0.284 1
0624 cf 00 -0.670 -1.290  1.454 2
0624 pf 01  0.307  0.107  0.325 5
0624 pf 02 -0.025  2.125  2.125 7
0624 pf 03 -1.077 -0.556  1.212 1
0624 pf 04 -1.229 -0.362  1.281 1
0624 pf 05 -0.803 -1.229  1.468 2
0624 pf 06  0.017  0.192  0.193 6
0624 pf 07 -0.276  0.421  0.504 7
0624 pf 08 -0.827  0.234  0.859 8
0624 pf 09 -0.362  0.280  0.458 8
0624 pf 10  1.872 -0.263  1.890 4
0648 em 00 -0.319 -0.109  0.337 1
0648 cf 00 -0.472 -1.310  1.392 2
0648 pf 01  0.070  0.290  0.299 6
0648 pf 02 -0.237  1.666  1.683 7
0648 pf 03 -1.545 -0.371  1.589 1
0648 pf 04 -1.165 -0.820  1.424 1
0648 pf 05 -0.343 -1.432  1.472 2
0648 pf 06 -0.355  0.385  0.524 7
0648 pf 07 -0.124  0.264  0.291 7
0648 pf 08 -0.998  0.130  1.007 8
0648 pf 09 -0.161 -0.019  0.162 1
0648 pf 10  1.864  0.003  1.864 5
0672 em 00 -0.378 -0.222  0.438 1
0672 cf 00 -0.341 -1.551  1.588 2
0672 pf 01 -0.040  0.328  0.331 7
0672 pf 02 -0.392  1.368  1.423 7
0672 pf 03 -1.468 -0.566  1.573 1
0672 pf 04 -1.404 -1.453  2.021 2
0672 pf 05  0.058 -1.584  1.585 3
0672 pf 06 -0.562  0.337  0.655 8
0672 pf 07 -0.013  0.281  0.282 7
0672 pf 08 -1.218  0.301  1.255 8
0672 pf 09 -0.494 -0.387  0.627 1
0672 pf 10  1.764  0.477  1.827 5
0696 em 00 -0.427 -0.267  0.503 1
0696 cf 00 -0.397 -1.531  1.582 2
0696 pf 01 -0.525  0.432  0.680 8
0696 pf 02 -0.266  0.974  1.010 7
0696 pf 03 -1.409 -0.711  1.578 1
0696 pf 04 -1.436 -1.925  2.402 2
0696 pf 05  0.514 -1.370  1.464 3
0696 pf 06 -0.473  0.323  0.572 8
0696 pf 07  0.057  0.619  0.622 6
0696 pf 08 -1.267  0.368  1.320 8
0696 pf 09 -0.612 -0.705  0.934 2
0696 pf 10  1.216  0.606  1.359 5
0720 em 00 -0.473 -0.259  0.539 1
0720 cf 00 -0.576 -1.364  1.480 2
0720 pf 01 -0.918  0.462  1.028 8
0720 pf 02 -0.543  0.904  1.055 7
0720 pf 03 -1.547 -1.085  1.890 1
0720 pf 04 -1.065 -1.979  2.248 2
0720 pf 05  0.854 -1.042  1.348 3
0720 pf 06 -0.246  0.070  0.256 8
0720 pf 07  0.181  0.974  0.991 6
0720 pf 08 -1.183  0.332  1.228 8
0720 pf 09 -0.661 -0.673  0.943 2
0720 pf 10  0.625  0.579  0.852 5
0744 em 00 -0.432 -0.321  0.538 1
0744 cf 00 -0.747 -1.450  1.631 2
0744 pf 01 -0.969  0.499  1.090 8
0744 pf 02 -0.826  0.517  0.975 8
0744 pf 03 -1.622 -1.298  2.078 1
0744 pf 04 -0.337 -2.167  2.193 2
0744 pf 05  1.267 -1.012  1.622 4
0744 pf 06 -0.122  0.187  0.223 7
0744 pf 07  0.163  1.261  1.271 6
0744 pf 08 -0.949  0.197  0.969 8
0744 pf 09 -0.463 -0.770  0.898 2
0744 pf 10 -0.025  0.544  0.544 7
0768 em 00 -0.350 -0.317  0.472 1
0768 cf 00 -0.597 -1.605  1.713 2
0768 pf 01 -0.949  0.796  1.238 8
0768 pf 02 -0.806  0.220  0.836 8
0768 pf 03 -1.675 -1.569  2.295 1
0768 pf 04 -0.131 -2.129  2.133 2
0768 pf 05  1.511 -0.921  1.769 4
0768 pf 06  0.176  0.279  0.330 6
0768 pf 07  0.040  1.128  1.128 6
0768 pf 08 -0.585  0.342  0.678 8
0768 pf 09 -0.476 -0.676  0.827 2
0768 pf 10 -0.244  0.671  0.714 7
0792 em 00 -0.320 -0.367  0.487 2
0792 cf 00 -0.581 -1.714  1.810 2
0792 pf 01 -0.713  0.910  1.156 7
0792 pf 02 -0.580 -0.113  0.591 1
0792 pf 03 -1.777 -1.433  2.283 1
0792 pf 04  0.138 -1.424  1.431 3
0792 pf 05  1.479 -0.539  1.574 4
0792 pf 06  0.143  0.066  0.158 5
0792 pf 07 -0.092  0.504  0.513 7
0792 pf 08 -0.259  0.171  0.310 8
0792 pf 09 -0.641 -0.913  1.116 2
0792 pf 10 -0.502  0.488  0.700 8
0816 em 00 -0.370 -0.417  0.558 2
0816 cf 00 -0.549 -1.671  1.759 2
0816 pf 01 -0.566  1.028  1.174 7
0816 pf 02 -0.584 -0.579  0.822 1
0816 pf 03 -1.843 -1.307  2.259 1
0816 pf 04  0.382 -1.012  1.082 3
0816 pf 05  1.338 -0.618  1.474 4
0816 pf 06  0.113 -0.474  0.488 3
0816 pf 07 -0.253  0.431  0.500 7
0816 pf 08 -0.123  0.269  0.296 7
0816 pf 09 -0.842 -0.821  1.176 1
0816 pf 10 -1.022  0.220  1.046 8
0840 em 00 -0.361 -0.477  0.598 2
0840 cf 00 -0.397 -1.565  1.615 2
0840 pf 01 -0.492  1.018  1.131 7
0840 pf 02 -0.443 -1.025  1.117 2
0840 pf 03 -1.848 -1.350  2.288 1
0840 pf 04  0.333 -0.882  0.942 3
0840 pf 05  1.376 -0.316  1.411 4
0840 pf 06  0.116 -0.719  0.728 3
0840 pf 07 -0.429  0.407  0.592 8
0840 pf 08  0.184  0.142  0.232 5
0840 pf 09 -0.933 -0.760  1.204 1
0840 pf 10 -1.321 -0.121  1.326 1
0864 em 00 -0.353 -0.506  0.617 2
0864 cf 00 -0.060 -1.430  1.431 2
0864 pf 01 -0.707  0.750  1.031 7
0864 pf 02 -0.238 -1.213  1.236 2
0864 pf 03 -1.761 -1.310  2.195 1
0864 pf 04  0.221 -1.006  1.030 3
0864 pf 05  1.121 -0.097  1.125 4
0864 pf 06  0.145 -0.784  0.797 3
0864 pf 07 -0.734  0.101  0.741 8
0864 pf 08  0.450  0.092  0.459 5
0864 pf 09 -0.799 -0.483  0.934 1
0864 pf 10 -1.404 -0.079  1.406 1
0888 em 00 -0.356 -0.515  0.626 2
0888 cf 00  0.054 -1.368  1.369 3
0888 pf 01 -0.761  0.423  0.870 8
0888 pf 02 -0.104 -1.224  1.229 2
0888 pf 03 -1.547 -1.271  2.002 1
0888 pf 04  0.316 -0.704  0.772 3
0888 pf 05  0.869  0.181  0.888 5
0888 pf 06  0.478 -0.985  1.094 3
0888 pf 07 -1.032  0.182  1.048 8
0888 pf 08  0.426  0.142  0.449 5
0888 pf 09 -0.948 -0.649  1.149 1
0888 pf 10 -1.535 -0.293  1.562 1
0912 em 00 -0.331 -0.508  0.606 2
0912 cf 00  0.025 -1.122  1.123 3
0912 pf 01 -0.438  0.081  0.445 8
0912 pf 02 -0.050 -1.048  1.049 2
0912 pf 03 -1.156 -1.350  1.777 2
0912 pf 04  0.172 -0.492  0.521 3
0912 pf 05  0.477  0.449  0.655 5
0912 pf 06  0.774 -0.994  1.260 3
0912 pf 07 -0.933  0.206  0.956 8
0912 pf 08  0.122  0.035  0.127 5
0912 pf 09 -0.926 -0.639  1.125 1
0912 pf 10 -1.566 -0.605  1.679 1
0936 em 00 -0.248 -0.572  0.624 2
0936 cf 00  0.205 -0.965  0.987 3
0936 pf 01 -0.393  0.085  0.402 8
0936 pf 02  0.216 -1.146  1.166 3
0936 pf 03 -0.976 -1.725  1.982 2
0936 pf 04  0.428 -0.575  0.717 3
0936 pf 05  0.319  0.558  0.643 6
0936 pf 06  0.729 -0.959  1.204 3
0936 pf 07 -0.739  0.057  0.741 8
0936 pf 08 -0.124 -0.149  0.194 2
0936 pf 09 -1.163 -0.556  1.289 1
0936 pf 10 -1.120 -0.804  1.379 1
0960 em 00 -0.146 -0.558  0.577 2
0960 cf 00  0.649 -0.906  1.114 3
0960 pf 01 -0.317 -0.025  0.318 1
0960 pf 02  0.359 -0.983  1.047 3
0960 pf 03 -0.795 -1.773  1.943 2
0960 pf 04  0.272 -0.555  0.618 3
0960 pf 05  0.188  0.790  0.812 6
0960 pf 06  0.807 -0.750  1.102 4
0960 pf 07 -0.563 -0.182  0.591 1
0960 pf 08 -0.471 -0.391  0.612 1
0960 pf 09 -0.945 -0.435  1.040 1
0960 pf 10 -0.701 -0.831  1.087 2
0984 em 00 -0.075 -0.450  0.456 2
0984 cf 00  0.891 -0.833  1.220 4
0984 pf 01 -0.471  0.047  0.474 8
0984 pf 02  0.501 -0.848  0.985 3
0984 pf 03 -0.679 -1.509  1.655 2
0984 pf 04  0.199 -0.372  0.422 3
0984 pf 05 -0.069  0.899  0.901 7
0984 pf 06  1.261 -0.510  1.360 4
0984 pf 07 -0.582 -0.351  0.680 1
0984 pf 08 -0.516 -0.588  0.783 2
0984 pf 09 -0.719 -0.260  0.765 1
0984 pf 10 -0.580 -0.525  0.783 1
1008 em 00 -0.032 -0.330  0.332 2
1008 cf 00  0.809 -0.701  1.070 4
1008 pf 01 -0.453  0.056  0.456 8
1008 pf 02  0.357 -0.482  0.600 3
1008 pf 03 -0.317 -1.373  1.409 2
1008 pf 04  0.201 -0.212  0.292 3
1008 pf 05 -0.430  0.899  0.997 7
1008 pf 06  1.758 -0.288  1.782 4
1008 pf 07 -0.658 -0.156  0.676 1
1008 pf 08 -0.455 -0.518  0.689 2
1008 pf 09 -0.793 -0.250  0.832 1
1008 pf 10 -0.312 -0.519  0.606 2
1032 em 00  0.012 -0.269  0.269 3
1032 cf 00  0.787 -0.644  1.017 4
1032 pf 01 -0.122  0.137  0.184 7
1032 pf 02  0.291 -0.368  0.469 3
1032 pf 03 -0.241 -1.335  1.356 2
1032 pf 04  0.323 -0.123  0.346 4
1032 pf 05 -0.499  1.024  1.139 7
1032 pf 06  1.619 -0.138  1.625 4
1032 pf 07 -0.858  0.071  0.861 8
1032 pf 08 -0.258 -0.458  0.525 2
1032 pf 09 -0.720 -0.222  0.754 1
1032 pf 10 -0.159 -0.838  0.853 2
1056 em 00 -0.020 -0.243  0.244 2
1056 cf 00  0.863 -0.588  1.044 4
1056 pf 01 -0.114  0.086  0.143 8
1056 pf 02  0.085 -0.364  0.374 3
1056 pf 03 -0.168 -1.196  1.207 2
1056 pf 04  0.254  0.248  0.355 5
1056 pf 05 -0.377  0.951  1.023 7
1056 pf 06  1.017 -0.048  1.018 4
1056 pf 07 -1.128  0.128  1.136 8
1056 pf 08 -0.067 -0.537  0.541 2
1056 pf 09 -0.530 -0.295  0.607 1
1056 pf 10 -0.048 -0.991  0.993 2
1080 em 00 -0.075 -0.208  0.221 2
1080 cf 00  0.931 -0.527  1.069 4
1080 pf 01 -0.302  0.289  0.418 8
1080 pf 02 -0.141 -0.512  0.532 2
1080 pf 03 -0.076 -0.959  0.962 2
1080 pf 04  0.280  0.434  0.517 6
1080 pf 05 -0.418  0.826  0.926 7
1080 pf 06  0.591 -0.251  0.642 4
1080 pf 07 -1.178  0.119  1.184 8
1080 pf 08  0.011 -0.194  0.194 3
1080 pf 09 -0.511 -0.293  0.589 1
1080 pf 10  0.023 -1.189  1.189 3
1104 em 00 -0.115 -0.139  0.181 2
1104 cf 00  0.717 -0.349  0.797 4
1104 pf 01 -0.384  0.296  0.485 8
1104 pf 02 -0.277 -0.284  0.396 2
1104 pf 03 -0.113 -0.566  0.577 2
1104 pf 04  0.190  0.347  0.396 6
1104 pf 05 -0.561  0.468  0.731 8
1104 pf 06  0.177 -0.196  0.264 3
1104 pf 07 -0.998  0.429  1.087 8
1104 pf 08  0.040 -0.089  0.098 3
1104 pf 09 -0.600 -0.325  0.683 1
1104 pf 10  0.566 -1.278  1.397 3
