ecmf prod rf 2000040300 20170403 11 046
0024 em 00  0.159 -0.307  0.346 3
0024 cf 00  0.137 -0.295  0.326 3
0024 pf 01  0.127 -0.224  0.258 3
0024 pf 02  0.183 -0.314  0.364 3
0024 pf 03  0.075 -0.455  0.461 3
0024 pf 04  0.273 -0.337  0.434 3
0024 pf 05  0.145 -0.317  0.348 3
0024 pf 06  0.164 -0.369  0.403 3
0024 pf 07  0.024 -0.117  0.120 3
0024 pf 08  0.334 -0.284  0.439 4
0024 pf 09  0.085 -0.387  0.396 3
0024 pf 10  0.205 -0.314  0.375 3
0048 em 00  0.362 -0.197  0.412 4
0048 cf 00  0.386 -0.195  0.432 4
0048 pf 01  0.251 -0.194  0.318 4
0048 pf 02  0.452 -0.189  0.490 4
0048 pf 03  0.295 -0.332  0.445 3
0048 pf 04  0.615 -0.181  0.642 4
0048 pf 05  0.317 -0.137  0.346 4
0048 pf 06  0.304 -0.304  0.430 4
0048 pf 07  0.271 -0.160  0.314 4
0048 pf 08  0.438 -0.177  0.473 4
0048 pf 09  0.293 -0.154  0.331 4
0048 pf 10  0.376 -0.167  0.411 4
0072 em 00  0.474 -0.266  0.544 4
0072 cf 00  0.538 -0.269  0.602 4
0072 pf 01  0.310 -0.286  0.422 4
0072 pf 02  0.671 -0.295  0.733 4
0072 pf 03  0.246 -0.342  0.421 3
0072 pf 04  0.788 -0.247  0.826 4
0072 pf 05  0.490 -0.213  0.534 4
0072 pf 06  0.632 -0.294  0.697 4
0072 pf 07  0.401 -0.192  0.445 4
0072 pf 08  0.288 -0.237  0.373 4
0072 pf 09  0.367 -0.247  0.442 4
0072 pf 10  0.523 -0.298  0.601 4
0096 em 00  0.254 -0.138  0.289 4
0096 cf 00  0.282 -0.072  0.291 4
0096 pf 01  0.163 -0.040  0.168 4
0096 pf 02  0.358 -0.221  0.421 4
0096 pf 03  0.120 -0.197  0.231 3
0096 pf 04  0.437  0.015  0.437 5
0096 pf 05  0.101 -0.227  0.248 3
0096 pf 06  0.625 -0.078  0.629 4
0096 pf 07  0.230 -0.099  0.250 4
0096 pf 08 -0.059 -0.152  0.163 2
0096 pf 09  0.227 -0.281  0.361 3
0096 pf 10  0.382 -0.146  0.409 4
0120 em 00  0.117  0.047  0.126 5
0120 cf 00  0.132  0.106  0.169 5
0120 pf 01 -0.070  0.144  0.161 7
0120 pf 02  0.230 -0.118  0.258 4
0120 pf 03 -0.105 -0.060  0.121 1
0120 pf 04  0.387  0.210  0.440 5
0120 pf 05  0.019 -0.065  0.068 3
0120 pf 06  0.411  0.085  0.419 5
0120 pf 07  0.169  0.250  0.302 6
0120 pf 08 -0.186 -0.050  0.193 1
0120 pf 09  0.102 -0.033  0.107 4
0120 pf 10  0.303  0.048  0.307 5
0144 em 00  0.199  0.050  0.205 5
0144 cf 00  0.181  0.144  0.232 5
0144 pf 01  0.194  0.156  0.249 5
0144 pf 02  0.404 -0.149  0.430 4
0144 pf 03  0.016 -0.132  0.133 3
0144 pf 04  0.335  0.209  0.395 5
0144 pf 05  0.148  0.129  0.197 5
0144 pf 06  0.470  0.085  0.478 5
0144 pf 07  0.275  0.263  0.381 5
0144 pf 08 -0.139 -0.044  0.146 1
0144 pf 09  0.227 -0.124  0.259 4
0144 pf 10  0.157  0.047  0.164 5
0168 em 00  0.348 -0.091  0.360 4
0168 cf 00  0.497  0.024  0.497 5
0168 pf 01  0.186 -0.102  0.212 4
0168 pf 02  0.592 -0.305  0.666 4
0168 pf 03  0.376 -0.401  0.550 3
0168 pf 04  0.389 -0.011  0.389 4
0168 pf 05  0.105 -0.086  0.136 4
0168 pf 06  0.759  0.018  0.760 5
0168 pf 07  0.225  0.135  0.262 5
0168 pf 08  0.194  0.061  0.203 5
0168 pf 09  0.354 -0.335  0.487 4
0168 pf 10  0.205  0.067  0.215 5
0192 em 00  0.332 -0.199  0.387 4
0192 cf 00  0.459 -0.047  0.461 4
0192 pf 01  0.250 -0.468  0.531 3
0192 pf 02  0.625 -0.284  0.687 4
0192 pf 03  0.461 -0.423  0.626 4
0192 pf 04  0.401  0.062  0.406 5
0192 pf 05 -0.054 -0.281  0.287 2
0192 pf 06  0.904 -0.039  0.905 4
0192 pf 07 -0.014  0.094  0.095 7
0192 pf 08  0.092 -0.182  0.204 3
0192 pf 09  0.349 -0.503  0.612 3
0192 pf 10  0.214 -0.011  0.214 4
0216 em 00  0.262 -0.296  0.395 3
0216 cf 00  0.276 -0.138  0.308 4
0216 pf 01  0.362 -0.665  0.757 3
0216 pf 02  0.670 -0.500  0.836 4
0216 pf 03  0.506 -0.702  0.866 3
0216 pf 04  0.131 -0.022  0.133 4
0216 pf 05 -0.016 -0.227  0.228 2
0216 pf 06  0.707 -0.278  0.759 4
0216 pf 07 -0.201  0.251  0.322 7
0216 pf 08 -0.013 -0.082  0.083 2
0216 pf 09  0.313 -0.541  0.625 3
0216 pf 10  0.161 -0.249  0.297 3
0240 em 00  0.294 -0.204  0.358 4
0240 cf 00  0.253 -0.220  0.335 4
0240 pf 01  0.425 -0.622  0.753 3
0240 pf 02  0.769 -0.348  0.844 4
0240 pf 03  0.407 -0.452  0.609 3
0240 pf 04  0.149  0.018  0.150 5
0240 pf 05 -0.015 -0.022  0.027 2
0240 pf 06  0.678 -0.022  0.678 4
0240 pf 07 -0.140  0.259  0.294 7
0240 pf 08 -0.143 -0.228  0.269 2
0240 pf 09  0.545 -0.252  0.600 4
0240 pf 10  0.322 -0.248  0.407 4
0264 em 00  0.253 -0.135  0.286 4
0264 cf 00  0.032 -0.166  0.170 3
0264 pf 01  0.664 -0.446  0.799 4
0264 pf 02  0.819 -0.238  0.853 4
0264 pf 03  0.534 -0.206  0.573 4
0264 pf 04 -0.157 -0.263  0.306 2
0264 pf 05 -0.148 -0.048  0.155 1
0264 pf 06  0.582 -0.053  0.584 4
0264 pf 07 -0.117  0.323  0.344 7
0264 pf 08 -0.367  0.049  0.371 8
0264 pf 09  0.657 -0.142  0.673 4
0264 pf 10  0.320 -0.206  0.380 4
0288 em 00  0.246 -0.019  0.246 4
0288 cf 00 -0.098 -0.085  0.130 1
0288 pf 01  0.529 -0.250  0.585 4
0288 pf 02  0.754  0.037  0.755 5
0288 pf 03  0.777  0.064  0.780 5
0288 pf 04 -0.223 -0.009  0.223 1
0288 pf 05 -0.009 -0.081  0.082 2
0288 pf 06  0.447 -0.114  0.461 4
0288 pf 07 -0.079  0.444  0.451 7
0288 pf 08 -0.416 -0.133  0.437 1
0288 pf 09  0.773  0.189  0.796 5
0288 pf 10  0.288 -0.188  0.344 4
0312 em 00  0.226  0.100  0.247 5
0312 cf 00 -0.219 -0.203  0.299 1
0312 pf 01  0.532  0.041  0.533 5
0312 pf 02  0.557  0.146  0.576 5
0312 pf 03  0.771  0.111  0.779 5
0312 pf 04 -0.454  0.071  0.460 8
0312 pf 05  0.102 -0.003  0.102 4
0312 pf 06  0.235 -0.133  0.270 4
0312 pf 07 -0.025  0.447  0.448 7
0312 pf 08 -0.383 -0.120  0.401 1
0312 pf 09  0.959  0.615  1.139 5
0312 pf 10  0.460  0.233  0.516 5
0336 em 00  0.224  0.173  0.283 5
0336 cf 00 -0.323 -0.268  0.420 1
0336 pf 01  0.712  0.225  0.746 5
0336 pf 02  0.594  0.427  0.732 5
0336 pf 03  0.341  0.355  0.493 6
0336 pf 04 -0.344 -0.206  0.401 1
0336 pf 05  0.145  0.055  0.155 5
0336 pf 06  0.039 -0.149  0.154 3
0336 pf 07  0.025  0.517  0.518 6
0336 pf 08 -0.329 -0.139  0.357 1
0336 pf 09  1.019  0.639  1.203 5
0336 pf 10  0.636  0.580  0.861 5
0360 em 00  0.261  0.215  0.339 5
0360 cf 00 -0.289 -0.168  0.334 1
0360 pf 01  0.787  0.314  0.847 5
0360 pf 02  0.674  0.538  0.863 5
0360 pf 03  0.250  0.545  0.600 6
0360 pf 04 -0.116 -0.137  0.180 2
0360 pf 05  0.239 -0.163  0.290 4
0360 pf 06 -0.034 -0.062  0.071 2
0360 pf 07  0.165  0.395  0.429 6
0360 pf 08 -0.281 -0.207  0.349 1
0360 pf 09  0.757  0.627  0.983 5
0360 pf 10  0.752  0.810  1.106 6
0384 em 00  0.374  0.274  0.464 5
0384 cf 00 -0.173  0.070  0.187 8
0384 pf 01  1.153  0.552  1.279 5
0384 pf 02  0.841  0.697  1.092 5
0384 pf 03  0.100  0.719  0.726 6
0384 pf 04  0.055 -0.023  0.059 4
0384 pf 05  0.293  0.008  0.293 5
0384 pf 06  0.196 -0.326  0.380 3
0384 pf 07  0.125  0.156  0.200 6
0384 pf 08 -0.039 -0.098  0.106 2
0384 pf 09  0.461  0.527  0.700 6
0384 pf 10  1.084  0.863  1.386 5
0408 em 00  0.445  0.223  0.498 5
0408 cf 00  0.233  0.117  0.261 5
0408 pf 01  1.440  0.751  1.625 5
0408 pf 02  0.737  0.617  0.961 5
0408 pf 03  0.396  0.570  0.694 6
0408 pf 04  0.153  0.062  0.165 5
0408 pf 05  0.121  0.069  0.140 5
0408 pf 06  0.313 -0.434  0.535 3
0408 pf 07  0.168 -0.136  0.216 4
0408 pf 08  0.125 -0.036  0.131 4
0408 pf 09  0.225  0.376  0.438 6
0408 pf 10  0.929  0.650  1.134 5
0432 em 00  0.365  0.249  0.442 5
0432 cf 00  0.462  0.392  0.605 5
0432 pf 01  1.305  1.092  1.702 5
0432 pf 02  0.617  0.848  1.049 6
0432 pf 03  0.391  0.241  0.459 5
0432 pf 04 -0.178  0.114  0.211 8
0432 pf 05 -0.082  0.078  0.113 8
0432 pf 06  0.324 -0.416  0.527 3
0432 pf 07  0.083 -0.213  0.229 3
0432 pf 08  0.308 -0.194  0.364 4
0432 pf 09  0.258  0.365  0.447 6
0432 pf 10  0.440  0.571  0.721 6
0456 em 00  0.295  0.410  0.505 6
0456 cf 00  0.507  0.510  0.719 6
0456 pf 01  0.980  1.736  1.993 6
0456 pf 02  0.783  0.724  1.066 5
0456 pf 03  0.167  0.369  0.405 6
0456 pf 04 -0.090  0.224  0.242 7
0456 pf 05 -0.160  0.305  0.344 7
0456 pf 06  0.246 -0.293  0.382 3
0456 pf 07  0.102 -0.059  0.118 4
0456 pf 08  0.209 -0.325  0.386 3
0456 pf 09  0.242  0.586  0.634 6
0456 pf 10  0.152  0.855  0.869 6
0480 em 00  0.238  0.449  0.508 6
0480 cf 00  0.370  0.612  0.715 6
0480 pf 01  0.457  1.898  1.953 6
0480 pf 02  0.594  0.582  0.832 5
0480 pf 03 -0.009  0.527  0.527 7
0480 pf 04  0.076  0.542  0.547 6
0480 pf 05 -0.332  0.372  0.498 7
0480 pf 06  0.245 -0.257  0.354 3
0480 pf 07  0.309 -0.099  0.325 4
0480 pf 08  0.203 -0.387  0.437 3
0480 pf 09  0.188  0.591  0.620 6
0480 pf 10  0.419  0.680  0.799 6
0504 em 00  0.235  0.455  0.512 6
0504 cf 00  0.180  0.572  0.600 6
0504 pf 01 -0.084  1.830  1.832 7
0504 pf 02  0.210  0.888  0.912 6
0504 pf 03  0.200  0.560  0.595 6
0504 pf 04  0.397  0.567  0.692 6
0504 pf 05 -0.236  0.289  0.373 7
0504 pf 06  0.263 -0.222  0.344 4
0504 pf 07  0.485 -0.231  0.537 4
0504 pf 08  0.550 -0.482  0.731 4
0504 pf 09  0.160  0.841  0.856 6
0504 pf 10  0.369  0.524  0.641 6
0528 em 00  0.136  0.384  0.407 6
0528 cf 00 -0.129  0.607  0.620 7
0528 pf 01 -0.605  1.701  1.805 7
0528 pf 02 -0.016  0.981  0.981 7
0528 pf 03 -0.012  0.350  0.350 7
0528 pf 04  0.454  0.770  0.894 6
0528 pf 05  0.104 -0.088  0.137 4
0528 pf 06  0.724 -0.356  0.807 4
0528 pf 07  0.207  0.060  0.216 5
0528 pf 08  0.902 -0.708  1.147 4
0528 pf 09 -0.278  0.697  0.751 7
0528 pf 10  0.074  0.341  0.349 6
0552 em 00  0.092  0.410  0.421 6
0552 cf 00 -0.289  0.494  0.572 7
0552 pf 01 -0.837  1.711  1.905 7
0552 pf 02  0.015  0.845  0.846 6
0552 pf 03 -0.050  0.156  0.163 7
0552 pf 04  0.333  0.956  1.012 6
0552 pf 05  0.320 -0.012  0.320 4
0552 pf 06  0.936 -0.185  0.954 4
0552 pf 07  0.049  0.143  0.151 6
0552 pf 08  1.117 -0.666  1.300 4
0552 pf 09 -0.816  0.864  1.189 7
0552 pf 10  0.159  0.341  0.376 6
0576 em 00  0.075  0.433  0.440 6
0576 cf 00 -0.133  0.384  0.406 7
0576 pf 01 -0.710  1.785  1.921 7
0576 pf 02 -0.405  0.561  0.693 7
0576 pf 03 -0.030  0.215  0.217 7
0576 pf 04 -0.019  0.899  0.899 7
0576 pf 05  0.202 -0.112  0.231 4
0576 pf 06  1.162  0.250  1.188 5
0576 pf 07  0.097 -0.055  0.112 4
0576 pf 08  1.164 -0.223  1.185 4
0576 pf 09 -0.911  0.912  1.289 7
0576 pf 10  0.327  0.259  0.418 5
0600 em 00  0.071  0.386  0.393 6
0600 cf 00  0.073  0.131  0.150 6
0600 pf 01 -0.431  1.681  1.736 7
0600 pf 02 -0.685  0.331  0.761 8
0600 pf 03  0.064  0.272  0.280 6
0600 pf 04 -0.240  0.762  0.799 7
0600 pf 05 -0.074 -0.067  0.100 1
0600 pf 06  1.272  0.567  1.393 5
0600 pf 07 -0.055 -0.299  0.304 2
0600 pf 08  1.200  0.143  1.209 5
0600 pf 09 -0.760  0.693  1.028 8
0600 pf 10  0.323  0.129  0.348 5
0624 em 00  0.053  0.444  0.447 6
0624 cf 00  0.007  0.150  0.150 6
0624 pf 01 -0.502  1.578  1.656 7
0624 pf 02 -0.683  0.380  0.782 8
0624 pf 03 -0.182  0.525  0.555 7
0624 pf 04 -0.508  0.517  0.725 7
0624 pf 05  0.017  0.192  0.193 6
0624 pf 06  1.170  0.803  1.419 5
0624 pf 07  0.093 -0.404  0.415 3
0624 pf 08  1.311  0.692  1.483 5
0624 pf 09 -0.667  0.323  0.741 8
0624 pf 10  0.422  0.205  0.469 5
0648 em 00  0.089  0.526  0.533 6
0648 cf 00 -0.040  0.294  0.296 7
0648 pf 01 -0.684  1.514  1.661 7
0648 pf 02 -0.394  0.178  0.432 8
0648 pf 03 -0.474  0.672  0.822 7
0648 pf 04 -0.334  0.455  0.564 7
0648 pf 05  0.216  0.242  0.325 6
0648 pf 06  1.002  1.004  1.418 6
0648 pf 07  0.609 -0.415  0.737 4
0648 pf 08  1.345  1.282  1.858 5
0648 pf 09 -0.569  0.332  0.658 8
0648 pf 10  0.207  0.276  0.345 6
0672 em 00  0.089  0.584  0.591 6
0672 cf 00  0.100  0.403  0.415 6
0672 pf 01 -0.573  1.509  1.614 7
0672 pf 02 -0.398  0.216  0.452 8
0672 pf 03 -0.925  0.872  1.271 8
0672 pf 04 -0.315  0.299  0.434 8
0672 pf 05  0.795  0.397  0.889 5
0672 pf 06  0.470  1.036  1.138 6
0672 pf 07  1.266 -0.243  1.289 4
0672 pf 08  1.012  1.482  1.794 6
0672 pf 09 -0.694  0.169  0.714 8
0672 pf 10  0.141  0.292  0.325 6
0696 em 00  0.048  0.683  0.685 6
0696 cf 00  0.265  0.440  0.514 6
0696 pf 01 -0.779  1.364  1.571 7
0696 pf 02 -0.523  0.381  0.647 8
0696 pf 03 -1.186  0.825  1.444 8
0696 pf 04 -0.437  0.330  0.547 8
0696 pf 05  0.948  0.706  1.182 5
0696 pf 06  0.095  1.218  1.222 6
0696 pf 07  1.466 -0.022  1.466 4
0696 pf 08  0.580  1.578  1.681 6
0696 pf 09 -0.348  0.039  0.350 8
0696 pf 10  0.336  0.625  0.710 6
0720 em 00  0.048  0.785  0.787 6
0720 cf 00  0.414  0.645  0.766 6
0720 pf 01 -0.849  1.203  1.472 7
0720 pf 02 -0.568  0.529  0.776 8
0720 pf 03 -1.636  0.785  1.814 8
0720 pf 04 -0.342  0.292  0.449 8
0720 pf 05  0.958  0.773  1.231 5
0720 pf 06 -0.135  1.239  1.246 7
0720 pf 07  1.640  0.563  1.734 5
0720 pf 08  0.245  1.499  1.519 6
0720 pf 09  0.145  0.133  0.196 5
0720 pf 10  0.540  0.929  1.074 6
0744 em 00 -0.033  0.796  0.796 7
0744 cf 00  0.390  0.727  0.825 6
0744 pf 01 -0.923  1.115  1.447 7
0744 pf 02 -0.543  0.343  0.642 8
0744 pf 03 -1.752  0.485  1.818 8
0744 pf 04  0.046  0.664  0.666 6
0744 pf 05  0.853  0.888  1.231 6
0744 pf 06 -0.477  1.008  1.116 7
0744 pf 07  1.531  0.834  1.744 5
0744 pf 08 -0.217  1.154  1.175 7
0744 pf 09  0.292  0.450  0.537 6
0744 pf 10  0.331  1.024  1.076 6
0768 em 00 -0.130  0.816  0.826 7
0768 cf 00  0.120  0.882  0.890 6
0768 pf 01 -1.192  0.947  1.522 8
0768 pf 02 -0.539  0.172  0.566 8
0768 pf 03 -1.707  0.030  1.707 8
0768 pf 04  0.338  0.759  0.831 6
0768 pf 05  1.060  1.058  1.498 5
0768 pf 06 -0.928  0.653  1.135 8
0768 pf 07  1.609  1.411  2.140 5
0768 pf 08 -0.554  0.952  1.101 7
0768 pf 09  0.110  0.789  0.796 6
0768 pf 10  0.151  1.215  1.224 6
0792 em 00 -0.229  0.721  0.756 7
0792 cf 00 -0.093  0.949  0.953 7
0792 pf 01 -1.325  0.487  1.411 8
0792 pf 02 -0.582 -0.085  0.588 1
0792 pf 03 -1.678 -0.343  1.713 1
0792 pf 04  0.647  0.979  1.174 6
0792 pf 05  0.745  1.098  1.327 6
0792 pf 06 -1.169  0.428  1.245 8
0792 pf 07  1.581  1.617  2.262 6
0792 pf 08 -0.687  0.634  0.935 8
0792 pf 09 -0.091  0.841  0.846 7
0792 pf 10  0.055  1.220  1.221 6
0816 em 00 -0.258  0.656  0.705 7
0816 cf 00 -0.199  0.965  0.986 7
0816 pf 01 -1.579  0.005  1.579 8
0816 pf 02 -0.589 -0.165  0.611 1
0816 pf 03 -1.313 -0.427  1.381 1
0816 pf 04  1.033  0.956  1.408 5
0816 pf 05  0.503  1.352  1.443 6
0816 pf 06 -1.340  0.346  1.384 8
0816 pf 07  1.329  2.133  2.513 6
0816 pf 08 -0.801  0.376  0.884 8
0816 pf 09 -0.215  0.343  0.405 7
0816 pf 10  0.294  1.214  1.249 6
0840 em 00 -0.286  0.588  0.654 7
0840 cf 00 -0.410  0.959  1.043 7
0840 pf 01 -1.322 -0.122  1.327 1
0840 pf 02 -0.605 -0.013  0.605 1
0840 pf 03 -0.795 -0.672  1.041 1
0840 pf 04  0.782  0.892  1.186 6
0840 pf 05  0.391  1.512  1.561 6
0840 pf 06 -1.193  0.127  1.200 8
0840 pf 07  0.781  2.121  2.260 6
0840 pf 08 -0.617  0.291  0.682 8
0840 pf 09 -0.262  0.307  0.403 7
0840 pf 10  0.078  0.933  0.936 6
0864 em 00 -0.296  0.500  0.581 7
0864 cf 00 -0.648  0.860  1.077 7
0864 pf 01 -0.927 -0.142  0.938 1
0864 pf 02 -0.420 -0.230  0.479 1
0864 pf 03 -0.353 -0.451  0.573 2
0864 pf 04  0.728  0.902  1.159 6
0864 pf 05  0.018  1.155  1.155 6
0864 pf 06 -1.186 -0.226  1.207 1
0864 pf 07  0.283  2.215  2.233 6
0864 pf 08 -0.383  0.200  0.432 8
0864 pf 09 -0.153  0.256  0.298 7
0864 pf 10 -0.221  0.800  0.830 7
0888 em 00 -0.253  0.543  0.599 7
0888 cf 00 -0.704  0.675  0.976 8
0888 pf 01 -0.415 -0.145  0.439 1
0888 pf 02 -0.283 -0.105  0.302 1
0888 pf 03 -0.186 -0.116  0.219 1
0888 pf 04  0.729  1.060  1.287 6
0888 pf 05 -0.366  1.058  1.119 7
0888 pf 06 -1.070 -0.373  1.134 1
0888 pf 07 -0.094  2.236  2.238 7
0888 pf 08 -0.292  0.214  0.362 8
0888 pf 09  0.001  0.644  0.644 6
0888 pf 10 -0.115  0.681  0.691 7
0912 em 00 -0.175  0.535  0.563 7
0912 cf 00 -0.688  0.633  0.934 8
0912 pf 01  0.346  0.025  0.347 5
0912 pf 02 -0.258 -0.095  0.275 1
0912 pf 03  0.292  0.284  0.407 5
0912 pf 04  0.561  1.180  1.307 6
0912 pf 05 -0.679  0.906  1.132 7
0912 pf 06 -1.078 -0.797  1.341 1
0912 pf 07 -0.391  2.167  2.202 7
0912 pf 08 -0.355  0.308  0.470 8
0912 pf 09  0.115  0.637  0.647 6
0912 pf 10  0.221  0.499  0.545 6
0936 em 00 -0.064  0.603  0.607 7
0936 cf 00 -0.629  0.659  0.911 7
0936 pf 01  0.809  0.294  0.861 5
0936 pf 02 -0.256  0.061  0.264 8
0936 pf 03  0.438  0.203  0.483 5
0936 pf 04  0.646  1.155  1.323 6
0936 pf 05 -0.441  0.808  0.920 7
0936 pf 06 -1.021 -0.931  1.382 1
0936 pf 07 -0.428  2.346  2.385 7
0936 pf 08 -0.294  0.484  0.566 7
0936 pf 09  0.292  0.966  1.009 6
0936 pf 10  0.224  0.442  0.496 6
0960 em 00  0.002  0.592  0.592 6
0960 cf 00 -0.591  0.572  0.822 8
0960 pf 01  0.966  0.406  1.048 5
0960 pf 02  0.041  0.101  0.109 6
0960 pf 03  0.270  0.097  0.287 5
0960 pf 04  0.525  1.028  1.154 6
0960 pf 05 -0.387  0.563  0.683 7
0960 pf 06 -0.663 -0.804  1.042 2
0960 pf 07 -0.494  2.114  2.171 7
0960 pf 08 -0.283  0.664  0.722 7
0960 pf 09  0.453  1.007  1.105 6
0960 pf 10  0.236  0.634  0.676 6
0984 em 00  0.012  0.604  0.604 6
0984 cf 00 -0.748  0.658  0.996 8
0984 pf 01  1.054  0.277  1.090 5
0984 pf 02  0.299 -0.158  0.338 4
0984 pf 03  0.065  0.327  0.334 6
0984 pf 04  0.051  1.197  1.198 6
0984 pf 05 -0.253  0.447  0.514 7
0984 pf 06 -0.519 -0.955  1.087 2
0984 pf 07 -0.640  2.256  2.345 7
0984 pf 08 -0.093  0.560  0.568 7
0984 pf 09  0.640  0.978  1.169 6
0984 pf 10  0.324  0.940  0.994 6
1008 em 00 -0.015  0.543  0.543 7
1008 cf 00 -0.722  0.787  1.068 7
1008 pf 01  0.911  0.264  0.949 5
1008 pf 02  0.115 -0.505  0.518 3
1008 pf 03  0.390  0.445  0.592 6
1008 pf 04 -0.239  1.488  1.507 7
1008 pf 05 -0.301  0.260  0.398 8
1008 pf 06 -0.405 -1.148  1.217 2
1008 pf 07 -0.690  2.253  2.357 7
1008 pf 08 -0.090  0.006  0.090 8
1008 pf 09  0.539  0.644  0.840 6
1008 pf 10  0.382  1.400  1.451 6
1032 em 00  0.050  0.597  0.599 6
1032 cf 00 -0.520  0.929  1.065 7
1032 pf 01  0.706  0.366  0.795 5
1032 pf 02  0.226 -0.456  0.509 3
1032 pf 03  0.536  0.453  0.701 5
1032 pf 04  0.048  1.699  1.699 6
1032 pf 05 -0.035  0.520  0.521 7
1032 pf 06 -0.228 -1.293  1.313 2
1032 pf 07 -0.984  2.320  2.520 7
1032 pf 08  0.012 -0.068  0.069 3
1032 pf 09  0.531  0.527  0.749 5
1032 pf 10  0.306  1.507  1.538 6
1056 em 00  0.066  0.526  0.530 6
1056 cf 00 -0.291  0.693  0.751 7
1056 pf 01  0.555  0.443  0.710 5
1056 pf 02  0.426 -0.438  0.611 3
1056 pf 03  0.499  0.324  0.595 5
1056 pf 04  0.350  1.750  1.784 6
1056 pf 05  0.070  0.402  0.408 6
1056 pf 06 -0.059 -1.349  1.350 2
1056 pf 07 -1.145  1.858  2.183 7
1056 pf 08 -0.175  0.002  0.175 8
1056 pf 09  0.472  0.220  0.521 5
1056 pf 10  0.080  1.832  1.834 6
1080 em 00  0.094  0.551  0.559 6
1080 cf 00 -0.487  0.324  0.585 8
1080 pf 01  0.352  0.411  0.541 6
1080 pf 02  0.664 -0.441  0.797 4
1080 pf 03  0.444  0.384  0.587 5
1080 pf 04  0.258  1.980  1.997 6
1080 pf 05  0.338  0.763  0.834 6
1080 pf 06  0.199 -1.420  1.434 3
1080 pf 07 -1.251  1.695  2.107 7
1080 pf 08 -0.147  0.343  0.374 7
1080 pf 09  0.542 -0.063  0.546 4
1080 pf 10  0.158  2.046  2.053 6
1104 em 00  0.044  0.627  0.629 6
1104 cf 00 -0.775  0.170  0.794 8
1104 pf 01 -0.138  0.531  0.549 7
1104 pf 02  0.722 -0.281  0.774 4
1104 pf 03  0.238  0.489  0.544 6
1104 pf 04 -0.158  2.067  2.073 7
1104 pf 05  0.519  0.721  0.888 6
1104 pf 06  0.852 -1.198  1.470 3
1104 pf 07 -1.604  1.579  2.251 8
1104 pf 08 -0.034  0.440  0.442 7
1104 pf 09  0.925 -0.020  0.925 4
1104 pf 10 -0.036  2.350  2.351 7
