ecmf prod rf 2006040600 20170406 11 046
0024 em 00  0.089  0.796  0.801 6
0024 cf 00  0.056  0.792  0.794 6
0024 pf 01  0.091  0.889  0.894 6
0024 pf 02  0.043  0.778  0.779 6
0024 pf 03  0.027  0.722  0.722 6
0024 pf 04  0.031  0.810  0.811 6
0024 pf 05  0.186  0.804  0.825 6
0024 pf 06  0.145  0.822  0.835 6
0024 pf 07 -0.024  0.731  0.731 7
0024 pf 08  0.103  0.759  0.766 6
0024 pf 09  0.162  0.733  0.751 6
0024 pf 10  0.138  0.813  0.824 6
0048 em 00  0.097  0.645  0.653 6
0048 cf 00  0.115  0.607  0.618 6
0048 pf 01  0.081  0.686  0.691 6
0048 pf 02  0.041  0.713  0.714 6
0048 pf 03  0.081  0.687  0.692 6
0048 pf 04  0.150  0.603  0.622 6
0048 pf 05  0.169  0.721  0.740 6
0048 pf 06  0.004  0.597  0.597 6
0048 pf 07  0.129  0.459  0.477 6
0048 pf 08  0.017  0.689  0.689 6
0048 pf 09  0.160  0.586  0.608 6
0048 pf 10  0.098  0.646  0.653 6
0072 em 00 -0.211  0.398  0.451 7
0072 cf 00 -0.247  0.351  0.429 7
0072 pf 01 -0.224  0.455  0.507 7
0072 pf 02 -0.317  0.462  0.560 7
0072 pf 03 -0.057  0.414  0.418 7
0072 pf 04 -0.241  0.486  0.542 7
0072 pf 05 -0.051  0.453  0.455 7
0072 pf 06 -0.280  0.418  0.503 7
0072 pf 07 -0.049  0.282  0.286 7
0072 pf 08 -0.288  0.376  0.474 7
0072 pf 09 -0.279  0.294  0.405 7
0072 pf 10 -0.291  0.289  0.410 8
0096 em 00 -0.371  0.273  0.460 8
0096 cf 00 -0.352  0.247  0.430 8
0096 pf 01 -0.324  0.275  0.425 8
0096 pf 02 -0.557  0.332  0.648 8
0096 pf 03 -0.244  0.355  0.431 7
0096 pf 04 -0.500  0.319  0.593 8
0096 pf 05 -0.180  0.368  0.410 7
0096 pf 06 -0.422  0.277  0.505 8
0096 pf 07 -0.091  0.103  0.137 7
0096 pf 08 -0.406  0.228  0.466 8
0096 pf 09 -0.392  0.237  0.458 8
0096 pf 10 -0.566  0.147  0.584 8
0120 em 00 -0.291  0.182  0.343 8
0120 cf 00 -0.278  0.123  0.304 8
0120 pf 01 -0.320  0.119  0.342 8
0120 pf 02 -0.481  0.113  0.494 8
0120 pf 03 -0.167  0.298  0.342 7
0120 pf 04 -0.426  0.201  0.471 8
0120 pf 05 -0.103  0.427  0.439 7
0120 pf 06 -0.318  0.167  0.359 8
0120 pf 07  0.021  0.071  0.074 6
0120 pf 08 -0.363  0.220  0.424 8
0120 pf 09 -0.157  0.018  0.158 8
0120 pf 10 -0.555  0.139  0.573 8
0144 em 00 -0.163 -0.047  0.170 1
0144 cf 00 -0.170 -0.036  0.174 1
0144 pf 01 -0.159  0.035  0.163 8
0144 pf 02 -0.301 -0.255  0.395 1
0144 pf 03 -0.172 -0.073  0.187 1
0144 pf 04 -0.278 -0.080  0.290 1
0144 pf 05 -0.103  0.160  0.190 7
0144 pf 06 -0.206 -0.090  0.225 1
0144 pf 07  0.286 -0.139  0.318 4
0144 pf 08 -0.275  0.051  0.279 8
0144 pf 09  0.011 -0.009  0.014 4
0144 pf 10 -0.383 -0.143  0.409 1
0168 em 00 -0.020 -0.248  0.248 2
0168 cf 00 -0.131 -0.188  0.229 2
0168 pf 01 -0.146 -0.210  0.256 2
0168 pf 02 -0.212 -0.371  0.428 2
0168 pf 03 -0.126 -0.196  0.233 2
0168 pf 04 -0.150 -0.380  0.408 2
0168 pf 05  0.184 -0.260  0.318 3
0168 pf 06 -0.008 -0.294  0.294 2
0168 pf 07  0.443 -0.180  0.479 4
0168 pf 08 -0.169 -0.170  0.240 2
0168 pf 09  0.258 -0.173  0.310 4
0168 pf 10 -0.161 -0.351  0.386 2
0192 em 00 -0.113 -0.476  0.489 2
0192 cf 00 -0.199 -0.395  0.442 2
0192 pf 01 -0.350 -0.612  0.705 2
0192 pf 02 -0.554 -0.791  0.966 2
0192 pf 03 -0.332 -0.402  0.521 2
0192 pf 04 -0.281 -0.698  0.753 2
0192 pf 05  0.016 -0.442  0.443 3
0192 pf 06  0.130 -0.497  0.514 3
0192 pf 07  0.408 -0.159  0.438 4
0192 pf 08 -0.134 -0.360  0.384 2
0192 pf 09  0.179 -0.313  0.360 3
0192 pf 10 -0.120 -0.586  0.598 2
0216 em 00 -0.206 -0.627  0.660 2
0216 cf 00 -0.351 -0.617  0.710 2
0216 pf 01 -0.512 -0.774  0.928 2
0216 pf 02 -0.434 -0.898  0.998 2
0216 pf 03 -0.427 -0.615  0.749 2
0216 pf 04 -0.437 -0.923  1.021 2
0216 pf 05  0.016 -0.428  0.428 3
0216 pf 06 -0.068 -0.636  0.640 2
0216 pf 07  0.340 -0.420  0.541 3
0216 pf 08 -0.254 -0.486  0.548 2
0216 pf 09 -0.076 -0.294  0.304 2
0216 pf 10 -0.055 -0.801  0.803 2
0240 em 00 -0.293 -0.672  0.733 2
0240 cf 00 -0.508 -0.627  0.807 2
0240 pf 01 -0.439 -1.005  1.097 2
0240 pf 02 -0.450 -1.227  1.307 2
0240 pf 03 -0.330 -0.749  0.819 2
0240 pf 04 -0.365 -0.902  0.973 2
0240 pf 05 -0.174 -0.471  0.503 2
0240 pf 06 -0.088 -0.587  0.593 2
0240 pf 07  0.006 -0.236  0.236 3
0240 pf 08 -0.473 -0.443  0.648 1
0240 pf 09 -0.385 -0.264  0.467 1
0240 pf 10 -0.020 -0.880  0.881 2
0264 em 00 -0.418 -0.788  0.892 2
0264 cf 00 -0.522 -0.539  0.750 2
0264 pf 01 -0.513 -1.352  1.446 2
0264 pf 02 -0.464 -1.303  1.383 2
0264 pf 03 -0.308 -1.152  1.192 2
0264 pf 04 -0.303 -1.026  1.070 2
0264 pf 05 -0.238 -0.474  0.530 2
0264 pf 06 -0.393 -0.637  0.749 2
0264 pf 07 -0.198 -0.014  0.198 1
0264 pf 08 -0.838 -0.563  1.009 1
0264 pf 09 -0.612 -0.457  0.764 1
0264 pf 10 -0.201 -1.133  1.151 2
0288 em 00 -0.394 -0.762  0.858 2
0288 cf 00 -0.628 -0.525  0.819 1
0288 pf 01 -0.319 -1.554  1.586 2
0288 pf 02 -0.378 -1.078  1.143 2
0288 pf 03 -0.176 -1.324  1.336 2
0288 pf 04 -0.357 -0.968  1.032 2
0288 pf 05 -0.174 -0.230  0.288 2
0288 pf 06 -0.436 -0.497  0.661 2
0288 pf 07 -0.342 -0.081  0.352 1
0288 pf 08 -0.716 -0.721  1.016 2
0288 pf 09 -0.553 -0.396  0.680 1
0288 pf 10 -0.222 -0.982  1.006 2
0312 em 00 -0.407 -0.689  0.800 2
0312 cf 00 -0.755 -0.630  0.983 1
0312 pf 01 -0.426 -1.370  1.434 2
0312 pf 02 -0.269 -1.125  1.156 2
0312 pf 03 -0.052 -1.308  1.309 2
0312 pf 04 -0.181 -0.772  0.793 2
0312 pf 05 -0.074 -0.283  0.292 2
0312 pf 06 -0.564 -0.380  0.680 1
0312 pf 07 -0.570 -0.134  0.585 1
0312 pf 08 -0.726 -0.586  0.933 1
0312 pf 09 -0.851 -0.383  0.933 1
0312 pf 10  0.053 -0.598  0.600 3
0336 em 00 -0.316 -0.586  0.665 2
0336 cf 00 -0.858 -0.572  1.031 1
0336 pf 01 -0.354 -1.346  1.392 2
0336 pf 02 -0.192 -1.121  1.138 2
0336 pf 03 -0.055 -1.023  1.025 2
0336 pf 04 -0.136 -0.701  0.714 2
0336 pf 05  0.207 -0.153  0.257 4
0336 pf 06 -0.415 -0.499  0.649 2
0336 pf 07 -0.552  0.046  0.554 8
0336 pf 08 -0.519 -0.697  0.869 2
0336 pf 09 -0.656 -0.083  0.662 1
0336 pf 10  0.149 -0.279  0.316 3
0360 em 00 -0.249 -0.483  0.543 2
0360 cf 00 -0.688 -0.611  0.920 1
0360 pf 01 -0.295 -1.284  1.317 2
0360 pf 02  0.084 -0.977  0.981 3
0360 pf 03 -0.035 -0.587  0.588 2
0360 pf 04  0.119 -0.684  0.694 3
0360 pf 05 -0.019  0.067  0.070 7
0360 pf 06 -0.556 -0.347  0.656 1
0360 pf 07 -0.607  0.362  0.706 8
0360 pf 08 -0.349 -0.746  0.824 2
0360 pf 09 -0.363 -0.244  0.437 1
0360 pf 10  0.087 -0.272  0.285 3
0384 em 00 -0.183 -0.376  0.418 2
0384 cf 00 -0.517 -0.749  0.910 2
0384 pf 01  0.216 -0.988  1.012 3
0384 pf 02  0.357 -0.736  0.818 3
0384 pf 03  0.037 -0.303  0.305 3
0384 pf 04 -0.032 -0.525  0.526 2
0384 pf 05 -0.198  0.303  0.361 7
0384 pf 06 -0.561 -0.452  0.720 1
0384 pf 07 -0.549  0.507  0.747 8
0384 pf 08 -0.437 -0.652  0.785 2
0384 pf 09 -0.359 -0.419  0.551 2
0384 pf 10  0.130 -0.107  0.168 4
0408 em 00 -0.029 -0.332  0.333 2
0408 cf 00 -0.378 -0.836  0.918 2
0408 pf 01  0.459 -0.676  0.817 3
0408 pf 02  0.589 -0.594  0.837 3
0408 pf 03  0.292 -0.037  0.295 4
0408 pf 04  0.075 -0.529  0.534 3
0408 pf 05 -0.031  0.348  0.349 7
0408 pf 06 -0.129 -0.501  0.518 2
0408 pf 07 -0.404  0.295  0.500 8
0408 pf 08 -0.412 -0.532  0.672 2
0408 pf 09 -0.303 -0.534  0.614 2
0408 pf 10 -0.023 -0.023  0.032 2
0432 em 00  0.054 -0.319  0.324 3
0432 cf 00 -0.196 -0.758  0.783 2
0432 pf 01  0.519 -0.379  0.642 4
0432 pf 02  0.710 -0.228  0.746 4
0432 pf 03  0.208 -0.133  0.247 4
0432 pf 04  0.394 -0.287  0.487 4
0432 pf 05 -0.177  0.393  0.431 7
0432 pf 06 -0.029 -0.811  0.812 2
0432 pf 07 -0.457  0.071  0.462 8
0432 pf 08 -0.148 -0.629  0.646 2
0432 pf 09 -0.402 -0.685  0.795 2
0432 pf 10  0.224 -0.042  0.228 4
0456 em 00  0.130 -0.354  0.377 3
0456 cf 00  0.040 -0.688  0.689 3
0456 pf 01  0.557 -0.373  0.670 4
0456 pf 02  0.811 -0.042  0.812 4
0456 pf 03  0.244 -0.287  0.377 3
0456 pf 04  0.404 -0.110  0.418 4
0456 pf 05 -0.166  0.375  0.411 7
0456 pf 06 -0.107 -0.973  0.979 2
0456 pf 07 -0.376 -0.091  0.387 1
0456 pf 08  0.093 -0.502  0.511 3
0456 pf 09 -0.262 -0.704  0.752 2
0456 pf 10  0.205 -0.445  0.490 3
0480 em 00  0.097 -0.423  0.434 3
0480 cf 00  0.139 -0.642  0.657 3
0480 pf 01  0.293 -0.299  0.419 3
0480 pf 02  0.645 -0.078  0.649 4
0480 pf 03  0.268 -0.336  0.430 3
0480 pf 04  0.204 -0.029  0.206 4
0480 pf 05 -0.300  0.467  0.555 7
0480 pf 06 -0.128 -1.061  1.068 2
0480 pf 07 -0.289 -0.193  0.348 1
0480 pf 08  0.104 -0.711  0.719 3
0480 pf 09 -0.145 -0.967  0.978 2
0480 pf 10  0.246 -0.744  0.783 3
0504 em 00  0.189 -0.409  0.450 3
0504 cf 00  0.309 -0.542  0.624 3
0504 pf 01  0.037 -0.006  0.037 4
0504 pf 02  0.742 -0.065  0.745 4
0504 pf 03  0.183 -0.362  0.405 3
0504 pf 04  0.170 -0.261  0.311 3
0504 pf 05 -0.041  0.162  0.167 7
0504 pf 06  0.091 -0.587  0.594 3
0504 pf 07 -0.092 -0.330  0.343 2
0504 pf 08  0.168 -0.628  0.650 3
0504 pf 09  0.195 -1.154  1.170 3
0504 pf 10  0.270 -0.680  0.731 3
0528 em 00  0.248 -0.344  0.424 3
0528 cf 00  0.262 -0.416  0.492 3
0528 pf 01  0.077  0.335  0.344 6
0528 pf 02  0.591 -0.063  0.595 4
0528 pf 03  0.149 -0.573  0.592 3
0528 pf 04  0.101 -0.344  0.358 3
0528 pf 05  0.044 -0.025  0.050 4
0528 pf 06  0.122 -0.181  0.219 3
0528 pf 07 -0.017 -0.219  0.220 2
0528 pf 08  0.359 -0.477  0.597 3
0528 pf 09  0.145 -1.197  1.206 3
0528 pf 10  0.846 -0.598  1.036 4
0552 em 00  0.368 -0.322  0.488 4
0552 cf 00  0.136 -0.329  0.356 3
0552 pf 01  0.082  0.185  0.202 6
0552 pf 02  0.359  0.116  0.377 5
0552 pf 03  0.223 -0.646  0.683 3
0552 pf 04  0.192 -0.523  0.557 3
0552 pf 05  0.409  0.135  0.430 5
0552 pf 06  0.346 -0.071  0.354 4
0552 pf 07 -0.144 -0.277  0.312 2
0552 pf 08  0.760 -0.540  0.932 4
0552 pf 09  0.426 -1.226  1.298 3
0552 pf 10  1.169 -0.342  1.218 4
0576 em 00  0.505 -0.251  0.564 4
0576 cf 00  0.201 -0.183  0.272 4
0576 pf 01  0.460 -0.027  0.460 4
0576 pf 02  0.267  0.324  0.420 6
0576 pf 03  0.500 -0.561  0.752 3
0576 pf 04  0.197 -0.588  0.620 3
0576 pf 05  0.619  0.111  0.629 5
0576 pf 06  0.437  0.092  0.446 5
0576 pf 07 -0.239 -0.160  0.287 1
0576 pf 08  0.967 -0.554  1.114 4
0576 pf 09  0.625 -1.082  1.249 3
0576 pf 10  1.428 -0.073  1.430 4
0600 em 00  0.552 -0.096  0.561 4
0600 cf 00  0.145 -0.066  0.160 4
0600 pf 01  0.661  0.038  0.662 5
0600 pf 02  0.094  0.269  0.285 6
0600 pf 03  0.504 -0.128  0.520 4
0600 pf 04  0.267 -0.444  0.518 3
0600 pf 05  0.741  0.168  0.760 5
0600 pf 06  0.403  0.126  0.422 5
0600 pf 07 -0.485 -0.250  0.546 1
0600 pf 08  1.001 -0.222  1.025 4
0600 pf 09  1.096 -0.753  1.330 4
0600 pf 10  1.521  0.290  1.549 5
0624 em 00  0.627  0.057  0.629 5
0624 cf 00  0.149  0.058  0.160 5
0624 pf 01  0.995  0.120  1.003 5
0624 pf 02  0.306  0.133  0.333 5
0624 pf 03  0.611  0.129  0.625 5
0624 pf 04  0.593 -0.260  0.648 4
0624 pf 05  0.601  0.399  0.721 5
0624 pf 06  0.319  0.238  0.398 5
0624 pf 07 -0.533 -0.413  0.675 1
0624 pf 08  0.781  0.021  0.782 5
0624 pf 09  1.410 -0.320  1.445 4
0624 pf 10  1.481  0.550  1.579 5
0648 em 00  0.558  0.137  0.575 5
0648 cf 00  0.010  0.107  0.108 6
0648 pf 01  0.855 -0.074  0.859 4
0648 pf 02  0.201 -0.005  0.201 4
0648 pf 03  0.771  0.409  0.873 5
0648 pf 04  0.767 -0.259  0.810 4
0648 pf 05  0.244  0.546  0.598 6
0648 pf 06  0.161  0.083  0.181 5
0648 pf 07 -0.416 -0.455  0.616 2
0648 pf 08  0.424  0.437  0.609 6
0648 pf 09  1.522  0.049  1.523 5
0648 pf 10  1.404  0.682  1.561 5
0672 em 00  0.490  0.253  0.552 5
0672 cf 00 -0.195  0.318  0.373 7
0672 pf 01  0.851 -0.035  0.852 4
0672 pf 02  0.017 -0.189  0.189 3
0672 pf 03  0.745  0.335  0.817 5
0672 pf 04  0.795 -0.043  0.797 4
0672 pf 05  0.031  0.882  0.883 6
0672 pf 06  0.084  0.270  0.283 6
0672 pf 07 -0.193 -0.446  0.486 2
0672 pf 08  0.401  0.530  0.665 6
0672 pf 09  1.574  0.199  1.587 5
0672 pf 10  1.093  0.935  1.439 5
0696 em 00  0.393  0.320  0.507 5
0696 cf 00 -0.218  0.484  0.531 7
0696 pf 01  0.628 -0.023  0.629 4
0696 pf 02  0.132 -0.345  0.369 3
0696 pf 03  0.388  0.323  0.505 5
0696 pf 04  0.833  0.071  0.836 5
0696 pf 05  0.037  0.619  0.620 6
0696 pf 06  0.092  0.439  0.449 6
0696 pf 07 -0.222 -0.617  0.656 2
0696 pf 08  0.111  0.365  0.382 6
0696 pf 09  1.399  0.576  1.513 5
0696 pf 10  0.982  1.541  1.827 6
0720 em 00  0.333  0.348  0.481 6
0720 cf 00 -0.357  0.440  0.566 7
0720 pf 01  0.542 -0.024  0.542 4
0720 pf 02  0.486 -0.135  0.504 4
0720 pf 03  0.023  0.240  0.241 6
0720 pf 04  0.866  0.339  0.930 5
0720 pf 05 -0.045  0.270  0.274 7
0720 pf 06  0.196  0.564  0.597 6
0720 pf 07 -0.120 -0.597  0.609 2
0720 pf 08 -0.016  0.154  0.155 7
0720 pf 09  1.241  0.722  1.436 5
0720 pf 10  0.697  1.742  1.876 6
0744 em 00  0.171  0.401  0.436 6
0744 cf 00 -0.311  0.376  0.488 7
0744 pf 01  0.580  0.044  0.582 5
0744 pf 02  0.660 -0.018  0.660 4
0744 pf 03 -0.568  0.179  0.595 8
0744 pf 04  0.621  0.503  0.799 5
0744 pf 05 -0.394  0.082  0.402 8
0744 pf 06 -0.135  0.565  0.581 7
0744 pf 07  0.020 -0.323  0.323 3
0744 pf 08  0.065  0.211  0.220 6
0744 pf 09  0.779  0.714  1.057 5
0744 pf 10  0.453  1.959  2.011 6
0768 em 00  0.009  0.411  0.412 6
0768 cf 00 -0.534  0.119  0.547 8
0768 pf 01  0.257  0.184  0.315 5
0768 pf 02  0.780 -0.050  0.781 4
0768 pf 03 -1.059  0.239  1.085 8
0768 pf 04  0.382  0.484  0.617 6
0768 pf 05 -0.515 -0.027  0.516 1
0768 pf 06 -0.412  0.708  0.819 7
0768 pf 07  0.219 -0.055  0.226 4
0768 pf 08  0.385  0.016  0.385 5
0768 pf 09  0.364  0.621  0.720 6
0768 pf 10  0.152  2.151  2.156 6
0792 em 00 -0.210  0.368  0.424 7
0792 cf 00 -0.835  0.109  0.842 8
0792 pf 01 -0.002  0.511  0.511 7
0792 pf 02  0.533  0.198  0.569 5
0792 pf 03 -1.536  0.124  1.541 8
0792 pf 04  0.100  0.444  0.455 6
0792 pf 05 -0.511 -0.488  0.707 1
0792 pf 06 -0.765  0.805  1.110 7
0792 pf 07  0.396  0.163  0.428 5
0792 pf 08  0.410 -0.469  0.623 3
0792 pf 09  0.220  0.317  0.386 6
0792 pf 10 -0.336  2.183  2.208 7
0816 em 00 -0.360  0.350  0.502 8
0816 cf 00 -1.080  0.136  1.089 8
0816 pf 01 -0.168  0.720  0.739 7
0816 pf 02  0.041  0.182  0.187 6
0816 pf 03 -1.615 -0.116  1.619 1
0816 pf 04 -0.048  0.270  0.274 7
0816 pf 05 -0.512 -0.462  0.690 1
0816 pf 06 -0.988  0.879  1.322 8
0816 pf 07  0.368  0.341  0.502 5
0816 pf 08  0.348 -0.676  0.760 3
0816 pf 09  0.366  0.310  0.479 5
0816 pf 10 -0.630  2.104  2.197 7
0840 em 00 -0.454  0.298  0.543 8
0840 cf 00 -1.052  0.225  1.076 8
0840 pf 01 -0.387  0.772  0.864 7
0840 pf 02 -0.219 -0.059  0.227 1
0840 pf 03 -1.498 -0.265  1.522 1
0840 pf 04  0.010  0.127  0.128 6
0840 pf 05 -0.706 -0.369  0.797 1
0840 pf 06 -1.308  0.635  1.454 8
0840 pf 07  0.423  0.476  0.637 6
0840 pf 08  0.336 -0.644  0.727 3
0840 pf 09  0.177  0.303  0.351 6
0840 pf 10 -0.726  1.919  2.052 7
0864 em 00 -0.565  0.216  0.605 8
0864 cf 00 -1.157  0.412  1.228 8
0864 pf 01 -0.537  0.700  0.882 7
0864 pf 02 -0.352 -0.030  0.353 1
0864 pf 03 -1.587 -0.514  1.668 1
0864 pf 04 -0.004  0.089  0.090 7
0864 pf 05 -1.011 -0.538  1.146 1
0864 pf 06 -1.656  0.295  1.682 8
0864 pf 07  0.448  0.468  0.648 6
0864 pf 08  0.357 -0.516  0.628 3
0864 pf 09  0.030  0.497  0.498 6
0864 pf 10 -0.704  1.352  1.524 7
0888 em 00 -0.526  0.144  0.546 8
0888 cf 00 -1.140  0.403  1.209 8
0888 pf 01 -0.727  0.757  1.050 7
0888 pf 02 -0.371 -0.274  0.461 1
0888 pf 03 -1.156 -0.791  1.401 1
0888 pf 04  0.078 -0.101  0.128 3
0888 pf 05 -1.069 -0.383  1.135 1
0888 pf 06 -1.813  0.054  1.814 8
0888 pf 07  0.670  0.665  0.944 5
0888 pf 08  0.648 -0.216  0.683 4
0888 pf 09 -0.048  0.482  0.484 7
0888 pf 10 -0.808  0.828  1.157 7
0912 em 00 -0.573  0.039  0.575 8
0912 cf 00 -1.084  0.283  1.120 8
0912 pf 01 -0.815  0.596  1.010 8
0912 pf 02 -0.625 -0.542  0.827 1
0912 pf 03 -0.748 -1.133  1.357 2
0912 pf 04  0.193 -0.133  0.235 4
0912 pf 05 -1.358 -0.282  1.387 1
0912 pf 06 -1.888 -0.265  1.906 1
0912 pf 07  0.799  0.706  1.066 5
0912 pf 08  0.551 -0.089  0.558 4
0912 pf 09 -0.179  0.440  0.475 7
0912 pf 10 -1.086  0.678  1.280 8
0936 em 00 -0.588 -0.006  0.588 1
0936 cf 00 -1.045  0.337  1.099 8
0936 pf 01 -0.843  0.492  0.976 8
0936 pf 02 -1.264 -0.689  1.439 1
0936 pf 03 -0.240 -1.236  1.259 2
0936 pf 04  0.324 -0.206  0.384 4
0936 pf 05 -1.142 -0.280  1.176 1
0936 pf 06 -1.560 -0.422  1.616 1
0936 pf 07  0.869  1.017  1.338 6
0936 pf 08  0.064 -0.197  0.207 3
0936 pf 09 -0.386  0.392  0.551 7
0936 pf 10 -1.147  0.564  1.278 8
0960 em 00 -0.561 -0.119  0.574 1
0960 cf 00 -0.915  0.384  0.992 8
0960 pf 01 -0.789  0.347  0.862 8
0960 pf 02 -1.528 -0.492  1.605 1
0960 pf 03 -0.065 -1.394  1.396 2
0960 pf 04  0.428 -0.148  0.453 4
0960 pf 05 -1.033 -0.743  1.272 1
0960 pf 06 -1.124 -0.722  1.336 1
0960 pf 07  0.534  1.372  1.472 6
0960 pf 08 -0.222 -0.292  0.367 2
0960 pf 09 -0.274  0.076  0.284 8
0960 pf 10 -1.056  0.171  1.069 8
0984 em 00 -0.489 -0.256  0.552 1
0984 cf 00 -0.820  0.552  0.989 8
0984 pf 01 -0.650 -0.141  0.665 1
0984 pf 02 -1.822 -0.897  2.031 1
0984 pf 03 -0.018 -1.356  1.356 2
0984 pf 04  0.478 -0.300  0.564 4
0984 pf 05 -0.718 -0.604  0.938 1
0984 pf 06 -0.663 -1.187  1.359 2
0984 pf 07  0.132  1.224  1.231 6
0984 pf 08 -0.267  0.025  0.268 8
0984 pf 09  0.167 -0.180  0.246 3
0984 pf 10 -1.069 -0.057  1.071 1
1008 em 00 -0.456 -0.325  0.560 1
1008 cf 00 -0.835  0.629  1.046 8
1008 pf 01 -0.746 -0.282  0.798 1
1008 pf 02 -1.759 -1.186  2.121 1
1008 pf 03  0.134 -1.421  1.427 3
1008 pf 04  0.554  0.098  0.562 5
1008 pf 05 -0.619 -0.795  1.008 2
1008 pf 06 -0.375 -1.166  1.225 2
1008 pf 07 -0.279  0.751  0.801 7
1008 pf 08 -0.258  0.103  0.278 8
1008 pf 09  0.348 -0.195  0.399 4
1008 pf 10 -1.022 -0.204  1.042 1
1032 em 00 -0.454 -0.340  0.567 1
1032 cf 00 -1.060  0.649  1.243 8
1032 pf 01 -0.818 -0.501  0.959 1
1032 pf 02 -1.594 -1.340  2.082 1
1032 pf 03  0.353 -1.299  1.346 3
1032 pf 04  0.226  0.121  0.257 5
1032 pf 05 -0.473 -0.871  0.991 2
1032 pf 06  0.033 -0.763  0.764 3
1032 pf 07 -0.634  0.136  0.648 8
1032 pf 08 -0.307  0.393  0.499 7
1032 pf 09  0.236 -0.310  0.390 3
1032 pf 10 -0.758 -0.013  0.758 1
1056 em 00 -0.356 -0.358  0.505 2
1056 cf 00 -1.315  0.652  1.468 8
1056 pf 01 -0.612 -0.654  0.896 2
1056 pf 02 -1.094 -1.451  1.817 2
1056 pf 03  0.571 -1.336  1.453 3
1056 pf 04 -0.083  0.151  0.173 7
1056 pf 05  0.016 -1.154  1.154 3
1056 pf 06  0.527 -0.291  0.602 4
1056 pf 07 -0.707 -0.203  0.735 1
1056 pf 08 -0.561  0.526  0.769 8
1056 pf 09  0.122 -0.235  0.265 3
1056 pf 10 -0.574  0.055  0.576 8
1080 em 00 -0.293 -0.367  0.469 2
1080 cf 00 -1.400  0.601  1.524 8
1080 pf 01 -0.627 -0.930  1.121 2
1080 pf 02 -0.880 -1.648  1.868 2
1080 pf 03  0.668 -1.300  1.462 3
1080 pf 04 -0.069  0.259  0.268 7
1080 pf 05  0.251 -1.112  1.140 3
1080 pf 06  0.646 -0.196  0.675 4
1080 pf 07 -0.598 -0.346  0.690 1
1080 pf 08 -0.804  0.612  1.010 8
1080 pf 09  0.279 -0.206  0.347 4
1080 pf 10 -0.440  0.282  0.523 8
1104 em 00 -0.160 -0.299  0.340 2
1104 cf 00 -1.252  0.621  1.397 8
1104 pf 01 -0.572 -1.114  1.253 2
1104 pf 02 -0.323 -1.433  1.469 2
1104 pf 03  0.936 -1.010  1.377 3
1104 pf 04  0.142 -0.163  0.216 3
1104 pf 05  0.558 -0.962  1.112 3
1104 pf 06  0.008 -0.390  0.391 3
1104 pf 07 -0.122 -0.106  0.162 1
1104 pf 08 -0.762  0.635  0.992 8
1104 pf 09  0.211  0.142  0.254 5
1104 pf 10 -0.342  0.582  0.675 7
