ecmf prod rf 2009110800 20211108 11 046
0024 em 00 -0.428 -2.553  2.589 2
0024 cf 00 -0.451 -2.552  2.591 2
0024 pf 01 -0.429 -2.684  2.718 2
0024 pf 02 -0.465 -2.590  2.631 2
0024 pf 03 -0.345 -2.545  2.568 2
0024 pf 04 -0.294 -2.468  2.485 2
0024 pf 05 -0.536 -2.565  2.620 2
0024 pf 06 -0.511 -2.548  2.599 2
0024 pf 07 -0.534 -2.458  2.515 2
0024 pf 08 -0.273 -2.487  2.502 2
0024 pf 09 -0.339 -2.403  2.427 2
0024 pf 10 -0.448 -2.626  2.664 2
0048 em 00 -0.030 -2.505  2.505 2
0048 cf 00 -0.050 -2.567  2.567 2
0048 pf 01  0.193 -2.830  2.837 3
0048 pf 02 -0.143 -2.581  2.585 2
0048 pf 03 -0.158 -2.259  2.265 2
0048 pf 04  0.147 -2.243  2.248 3
0048 pf 05 -0.232 -2.602  2.613 2
0048 pf 06 -0.044 -2.458  2.458 2
0048 pf 07 -0.209 -2.422  2.431 2
0048 pf 08  0.115 -2.546  2.548 3
0048 pf 09  0.154 -2.458  2.463 3
0048 pf 10 -0.035 -2.422  2.423 2
0072 em 00  0.163 -2.434  2.439 3
0072 cf 00  0.139 -2.519  2.523 3
0072 pf 01  0.595 -2.744  2.808 3
0072 pf 02 -0.139 -2.595  2.599 2
0072 pf 03 -0.093 -2.273  2.275 2
0072 pf 04  0.414 -2.035  2.077 3
0072 pf 05  0.034 -2.539  2.539 3
0072 pf 06  0.209 -2.581  2.590 3
0072 pf 07  0.029 -2.388  2.388 3
0072 pf 08  0.399 -2.428  2.461 3
0072 pf 09  0.251 -2.401  2.414 3
0072 pf 10  0.040 -2.107  2.108 3
0096 em 00  0.080 -2.324  2.325 3
0096 cf 00  0.159 -2.388  2.393 3
0096 pf 01  0.747 -2.386  2.501 3
0096 pf 02 -0.130 -2.730  2.733 2
0096 pf 03 -0.100 -2.109  2.111 2
0096 pf 04  0.073 -1.937  1.938 3
0096 pf 05  0.019 -2.428  2.428 3
0096 pf 06  0.317 -2.526  2.546 3
0096 pf 07 -0.028 -2.297  2.298 2
0096 pf 08  0.211 -2.225  2.235 3
0096 pf 09 -0.109 -2.390  2.393 2
0096 pf 10 -0.161 -1.990  1.997 2
0120 em 00  0.039 -2.055  2.055 3
0120 cf 00  0.063 -2.301  2.302 3
0120 pf 01  0.770 -1.877  2.028 3
0120 pf 02 -0.082 -2.608  2.610 2
0120 pf 03  0.018 -1.959  1.959 3
0120 pf 04 -0.054 -1.642  1.643 2
0120 pf 05  0.087 -2.091  2.093 3
0120 pf 06  0.482 -2.172  2.225 3
0120 pf 07 -0.098 -1.918  1.920 2
0120 pf 08 -0.129 -1.825  1.829 2
0120 pf 09 -0.071 -2.224  2.225 2
0120 pf 10 -0.403 -1.841  1.885 2
0144 em 00  0.439 -1.510  1.572 3
0144 cf 00  0.574 -1.830  1.918 3
0144 pf 01  1.318 -1.082  1.705 4
0144 pf 02  0.280 -2.097  2.115 3
0144 pf 03  0.445 -1.365  1.436 3
0144 pf 04  0.394 -1.394  1.449 3
0144 pf 05  0.561 -1.326  1.440 3
0144 pf 06  1.108 -1.557  1.911 3
0144 pf 07  0.262 -1.125  1.155 3
0144 pf 08  0.094 -1.467  1.470 3
0144 pf 09  0.277 -1.708  1.730 3
0144 pf 10 -0.381 -1.554  1.600 2
0168 em 00  0.779 -1.118  1.363 3
0168 cf 00  1.102 -1.442  1.815 3
0168 pf 01  1.655 -0.314  1.685 4
0168 pf 02  0.744 -1.577  1.744 3
0168 pf 03  0.667 -1.056  1.249 3
0168 pf 04  0.837 -0.993  1.299 3
0168 pf 05  0.685 -0.764  1.026 3
0168 pf 06  1.469 -1.047  1.804 4
0168 pf 07  0.770 -0.793  1.105 3
0168 pf 08  0.389 -1.244  1.303 3
0168 pf 09  0.420 -1.434  1.495 3
0168 pf 10 -0.113 -1.538  1.542 2
0192 em 00  0.823 -0.837  1.174 3
0192 cf 00  1.220 -1.190  1.704 4
0192 pf 01  1.660  0.215  1.674 5
0192 pf 02  0.871 -0.693  1.113 4
0192 pf 03  0.565 -0.906  1.068 3
0192 pf 04  0.609 -0.762  0.975 3
0192 pf 05  0.602 -0.625  0.868 3
0192 pf 06  1.681 -0.632  1.796 4
0192 pf 07  0.853 -0.632  1.061 4
0192 pf 08  0.488 -1.199  1.295 3
0192 pf 09  0.438 -1.422  1.488 3
0192 pf 10  0.096 -1.287  1.290 3
0216 em 00  0.678 -0.520  0.854 4
0216 cf 00  1.052 -0.891  1.379 4
0216 pf 01  1.220  0.824  1.473 5
0216 pf 02  0.494 -0.314  0.585 4
0216 pf 03  0.310 -0.818  0.874 3
0216 pf 04  0.451 -0.554  0.714 3
0216 pf 05  0.678 -0.263  0.727 4
0216 pf 06  1.341 -0.205  1.357 4
0216 pf 07  0.786 -0.367  0.867 4
0216 pf 08  0.558 -0.880  1.042 3
0216 pf 09  0.385 -1.085  1.151 3
0216 pf 10  0.197 -1.116  1.134 3
0240 em 00  0.454 -0.343  0.569 4
0240 cf 00  0.793 -0.557  0.969 4
0240 pf 01  0.674  0.985  1.193 6
0240 pf 02 -0.141 -0.123  0.187 1
0240 pf 03  0.038 -0.762  0.762 3
0240 pf 04  0.196 -0.372  0.421 3
0240 pf 05  0.728 -0.113  0.737 4
0240 pf 06  1.010 -0.048  1.011 4
0240 pf 07  0.770 -0.088  0.775 4
0240 pf 08  0.482 -0.661  0.819 3
0240 pf 09  0.298 -0.973  1.017 3
0240 pf 10  0.170 -1.018  1.032 3
0264 em 00  0.194 -0.229  0.300 3
0264 cf 00  0.268 -0.338  0.432 3
0264 pf 01  0.341  1.080  1.133 6
0264 pf 02 -0.519 -0.110  0.531 1
0264 pf 03 -0.001 -0.829  0.829 2
0264 pf 04 -0.022 -0.288  0.289 2
0264 pf 05  0.568 -0.017  0.569 4
0264 pf 06  0.738  0.039  0.739 5
0264 pf 07  0.579  0.068  0.583 5
0264 pf 08 -0.022 -0.351  0.351 2
0264 pf 09  0.006 -0.984  0.984 3
0264 pf 10  0.268 -0.752  0.799 3
0288 em 00 -0.077 -0.212  0.226 2
0288 cf 00 -0.172 -0.439  0.472 2
0288 pf 01 -0.024  1.154  1.154 7
0288 pf 02 -0.788 -0.129  0.798 1
0288 pf 03 -0.075 -0.716  0.720 2
0288 pf 04 -0.425 -0.236  0.487 1
0288 pf 05  0.211 -0.122  0.244 4
0288 pf 06  0.700 -0.283  0.755 4
0288 pf 07  0.439  0.126  0.457 5
0288 pf 08 -0.558 -0.190  0.590 1
0288 pf 09 -0.173 -0.830  0.848 2
0288 pf 10  0.098 -0.626  0.633 3
0312 em 00 -0.248 -0.314  0.400 2
0312 cf 00 -0.460 -0.824  0.944 2
0312 pf 01 -0.332  1.191  1.236 7
0312 pf 02 -1.076 -0.283  1.113 1
0312 pf 03 -0.105 -0.563  0.573 2
0312 pf 04 -0.745 -0.547  0.924 1
0312 pf 05  0.091 -0.382  0.392 3
0312 pf 06  0.843 -0.356  0.915 4
0312 pf 07  0.218  0.116  0.247 5
0312 pf 08 -0.826 -0.428  0.930 1
0312 pf 09 -0.285 -0.636  0.697 2
0312 pf 10  0.043 -0.687  0.688 3
0336 em 00 -0.440 -0.379  0.581 1
0336 cf 00 -0.583 -1.148  1.287 2
0336 pf 01 -0.651  1.097  1.276 7
0336 pf 02 -1.206 -0.368  1.261 1
0336 pf 03 -0.318 -0.571  0.654 2
0336 pf 04 -0.876 -0.612  1.069 1
0336 pf 05 -0.100 -0.551  0.560 2
0336 pf 06  0.965 -0.237  0.993 4
0336 pf 07 -0.206  0.264  0.335 7
0336 pf 08 -0.957 -0.661  1.163 1
0336 pf 09 -0.434 -0.355  0.561 1
0336 pf 10 -0.372 -0.978  1.046 2
0360 em 00 -0.511 -0.271  0.579 1
0360 cf 00 -0.531 -1.000  1.132 2
0360 pf 01 -0.737  1.112  1.334 7
0360 pf 02 -1.178 -0.740  1.391 1
0360 pf 03 -0.526 -0.788  0.947 2
0360 pf 04 -0.747 -0.466  0.880 1
0360 pf 05 -0.449 -0.236  0.507 1
0360 pf 06  0.894  0.234  0.924 5
0360 pf 07 -0.463  0.349  0.580 8
0360 pf 08 -0.934 -0.444  1.034 1
0360 pf 09 -0.451 -0.021  0.452 1
0360 pf 10 -0.407 -0.921  1.006 2
0384 em 00 -0.459 -0.189  0.496 1
0384 cf 00 -0.370 -0.823  0.903 2
0384 pf 01 -0.600  0.978  1.148 7
0384 pf 02 -1.309 -0.642  1.458 1
0384 pf 03 -0.616 -0.603  0.862 1
0384 pf 04 -0.573 -0.326  0.659 1
0384 pf 05 -0.742 -0.053  0.744 1
0384 pf 06  0.948  0.466  1.056 5
0384 pf 07 -0.377  0.024  0.378 8
0384 pf 08 -0.624 -0.680  0.923 2
0384 pf 09 -0.445  0.345  0.563 8
0384 pf 10 -0.249 -0.704  0.747 2
0408 em 00 -0.350 -0.053  0.354 1
0408 cf 00 -0.191 -0.512  0.547 2
0408 pf 01 -0.466  1.032  1.132 7
0408 pf 02 -1.218 -0.544  1.334 1
0408 pf 03 -0.443 -0.484  0.656 2
0408 pf 04 -0.493 -0.398  0.634 1
0408 pf 05 -0.773 -0.033  0.773 1
0408 pf 06  0.820  0.796  1.143 5
0408 pf 07 -0.297 -0.036  0.299 1
0408 pf 08 -0.165 -0.447  0.476 2
0408 pf 09 -0.539  0.314  0.624 8
0408 pf 10  0.015 -0.209  0.210 3
0432 em 00 -0.283 -0.060  0.289 1
0432 cf 00 -0.091 -0.300  0.314 2
0432 pf 01 -0.381  1.432  1.482 7
0432 pf 02 -0.892 -0.731  1.153 1
0432 pf 03 -0.320 -0.336  0.463 2
0432 pf 04 -0.250 -0.777  0.817 2
0432 pf 05 -0.838 -0.399  0.928 1
0432 pf 06  0.662  0.892  1.111 6
0432 pf 07 -0.216 -0.298  0.368 2
0432 pf 08 -0.213 -0.360  0.419 2
0432 pf 09 -0.773  0.223  0.805 8
0432 pf 10  0.300  0.065  0.307 5
0456 em 00 -0.279 -0.022  0.280 1
0456 cf 00  0.095 -0.185  0.208 3
0456 pf 01 -0.535  1.750  1.830 7
0456 pf 02 -0.867 -0.822  1.194 1
0456 pf 03 -0.404 -0.527  0.664 2
0456 pf 04 -0.113 -0.911  0.918 2
0456 pf 05 -1.224 -0.537  1.337 1
0456 pf 06  0.548  0.767  0.942 6
0456 pf 07  0.132 -0.076  0.153 4
0456 pf 08 -0.009 -0.114  0.114 2
0456 pf 09 -0.965  0.112  0.972 8
0456 pf 10  0.386  0.372  0.536 5
0480 em 00 -0.313  0.076  0.322 8
0480 cf 00  0.194 -0.505  0.541 3
0480 pf 01 -0.779  2.295  2.423 7
0480 pf 02 -0.750 -0.871  1.150 2
0480 pf 03 -0.482 -0.304  0.570 1
0480 pf 04 -0.005 -0.564  0.564 2
0480 pf 05 -1.207 -0.748  1.420 1
0480 pf 06  0.364  0.706  0.794 6
0480 pf 07 -0.008  0.399  0.399 7
0480 pf 08  0.175 -0.043  0.180 4
0480 pf 09 -1.193  0.005  1.193 8
0480 pf 10  0.367  0.533  0.647 6
0504 em 00 -0.295  0.165  0.338 8
0504 cf 00  0.119 -0.662  0.673 3
0504 pf 01 -1.056  2.484  2.699 7
0504 pf 02 -0.547 -0.732  0.914 2
0504 pf 03 -0.415 -0.265  0.492 1
0504 pf 04  0.155 -0.607  0.627 3
0504 pf 05 -1.021 -0.748  1.266 1
0504 pf 06  0.363  0.897  0.968 6
0504 pf 07 -0.050  0.950  0.952 7
0504 pf 08  0.243 -0.018  0.244 4
0504 pf 09 -1.083 -0.068  1.085 1
0504 pf 10  0.131  0.643  0.656 6
0528 em 00 -0.313  0.337  0.460 7
0528 cf 00  0.021 -0.423  0.423 3
0528 pf 01 -1.524  2.772  3.164 7
0528 pf 02 -0.330 -0.689  0.764 2
0528 pf 03 -0.154 -0.367  0.398 2
0528 pf 04  0.192  0.055  0.200 5
0528 pf 05 -1.047 -0.818  1.328 1
0528 pf 06  0.216  0.930  0.955 6
0528 pf 07 -0.201  1.522  1.536 7
0528 pf 08  0.217  0.102  0.240 5
0528 pf 09 -0.735 -0.033  0.735 1
0528 pf 10 -0.032  0.702  0.703 7
0552 em 00 -0.321  0.248  0.406 8
0552 cf 00 -0.106 -0.579  0.589 2
0552 pf 01 -1.847  2.696  3.268 7
0552 pf 02 -0.177 -1.046  1.061 2
0552 pf 03  0.052 -0.660  0.662 3
0552 pf 04  0.216  0.240  0.323 6
0552 pf 05 -1.035 -1.409  1.748 2
0552 pf 06  0.319  0.806  0.867 6
0552 pf 07 -0.415  1.776  1.823 7
0552 pf 08  0.097  0.388  0.400 6
0552 pf 09 -0.270  0.056  0.276 8
0552 pf 10 -0.298  0.526  0.604 7
0576 em 00 -0.427  0.173  0.461 8
0576 cf 00 -0.210 -0.575  0.612 2
0576 pf 01 -2.167  2.069  2.996 8
0576 pf 02  0.043 -1.363  1.364 3
0576 pf 03 -0.044 -0.668  0.670 2
0576 pf 04  0.153  0.608  0.627 6
0576 pf 05 -1.060 -1.492  1.830 2
0576 pf 06  0.435  0.857  0.961 6
0576 pf 07 -0.785  1.744  1.913 7
0576 pf 08 -0.248  0.324  0.408 7
0576 pf 09  0.028  0.441  0.442 6
0576 pf 10 -0.784  0.038  0.784 8
0600 em 00 -0.639  0.192  0.667 8
0600 cf 00 -0.434 -0.698  0.822 2
0600 pf 01 -2.116  1.597  2.651 8
0600 pf 02  0.119 -1.562  1.567 3
0600 pf 03  0.043 -0.879  0.880 3
0600 pf 04 -0.282  0.978  1.018 7
0600 pf 05 -0.931 -1.288  1.590 2
0600 pf 06 -0.174  1.179  1.192 7
0600 pf 07 -1.334  1.944  2.358 7
0600 pf 08 -0.758  0.392  0.853 8
0600 pf 09 -0.059  0.601  0.604 7
0600 pf 10 -1.043 -0.062  1.045 1
0624 em 00 -0.693  0.212  0.725 8
0624 cf 00 -0.477 -0.767  0.903 2
0624 pf 01 -2.079  1.406  2.510 8
0624 pf 02  0.518 -1.378  1.472 3
0624 pf 03 -0.035 -0.847  0.847 2
0624 pf 04 -0.249  1.006  1.037 7
0624 pf 05 -0.748 -1.120  1.346 2
0624 pf 06 -0.744  1.375  1.563 7
0624 pf 07 -1.812  1.790  2.547 8
0624 pf 08 -0.720  0.240  0.759 8
0624 pf 09 -0.090  0.946  0.950 7
0624 pf 10 -1.117 -0.223  1.139 1
0648 em 00 -0.704  0.281  0.758 8
0648 cf 00 -0.324 -0.886  0.943 2
0648 pf 01 -1.652  1.312  2.110 8
0648 pf 02  0.655 -0.920  1.130 3
0648 pf 03 -0.073 -0.468  0.473 2
0648 pf 04 -0.311  0.935  0.985 7
0648 pf 05 -0.392 -0.993  1.067 2
0648 pf 06 -0.868  1.631  1.848 7
0648 pf 07 -2.269  1.884  2.949 8
0648 pf 08 -0.877 -0.197  0.899 1
0648 pf 09 -0.273  0.974  1.012 7
0648 pf 10 -1.285 -0.112  1.290 1
0672 em 00 -0.710  0.196  0.737 8
0672 cf 00 -0.022 -0.872  0.872 2
0672 pf 01 -1.279  0.833  1.526 8
0672 pf 02  0.598 -0.581  0.834 4
0672 pf 03 -0.461 -0.127  0.478 1
0672 pf 04 -0.389  1.118  1.184 7
0672 pf 05 -0.189 -1.175  1.190 2
0672 pf 06 -0.998  1.494  1.797 7
0672 pf 07 -2.399  1.988  3.116 8
0672 pf 08 -0.926 -0.804  1.226 1
0672 pf 09 -0.405  0.672  0.785 7
0672 pf 10 -1.283 -0.308  1.320 1
0696 em 00 -0.749  0.065  0.752 8
0696 cf 00  0.129 -0.765  0.776 3
0696 pf 01 -1.128  0.432  1.207 8
0696 pf 02  0.577 -0.337  0.668 4
0696 pf 03 -0.708 -0.039  0.709 1
0696 pf 04 -0.578  1.120  1.260 7
0696 pf 05  0.015 -1.446  1.446 3
0696 pf 06 -1.075  1.141  1.568 7
0696 pf 07 -2.298  1.805  2.922 8
0696 pf 08 -1.117 -1.159  1.610 2
0696 pf 09 -0.874  0.409  0.965 8
0696 pf 10 -1.113 -0.350  1.167 1
0720 em 00 -0.740  0.005  0.740 8
0720 cf 00  0.309 -0.540  0.622 3
0720 pf 01 -0.737  0.353  0.818 8
0720 pf 02  0.473  0.128  0.490 5
0720 pf 03 -1.069 -0.193  1.086 1
0720 pf 04 -0.920  1.273  1.571 7
0720 pf 05  0.076 -1.359  1.361 3
0720 pf 06 -1.080  0.600  1.235 8
0720 pf 07 -2.369  1.609  2.864 8
0720 pf 08 -0.935 -1.356  1.647 2
0720 pf 09 -0.918  0.205  0.941 8
0720 pf 10 -0.903 -0.583  1.075 1
0744 em 00 -0.643 -0.025  0.643 1
0744 cf 00  0.619 -0.211  0.654 4
0744 pf 01 -0.413  0.307  0.514 8
0744 pf 02  0.265  0.467  0.537 6
0744 pf 03 -1.148 -0.385  1.211 1
0744 pf 04 -1.101  1.220  1.643 7
0744 pf 05  0.209 -1.172  1.191 3
0744 pf 06 -1.006  0.075  1.009 8
0744 pf 07 -2.249  1.155  2.529 8
0744 pf 08 -0.831 -1.597  1.801 2
0744 pf 09 -0.657  0.258  0.705 8
0744 pf 10 -0.687 -0.331  0.763 1
0768 em 00 -0.623 -0.112  0.633 1
0768 cf 00  0.733 -0.070  0.737 4
0768 pf 01 -0.359  0.443  0.570 7
0768 pf 02 -0.106  0.857  0.864 7
0768 pf 03 -0.752 -0.649  0.993 1
0768 pf 04 -1.216  0.893  1.509 8
0768 pf 05  0.380 -1.177  1.237 3
0768 pf 06 -0.823 -0.088  0.828 1
0768 pf 07 -2.093  0.685  2.203 8
0768 pf 08 -0.802 -1.749  1.924 2
0768 pf 09 -1.020 -0.015  1.020 1
0768 pf 10 -0.750 -0.352  0.829 1
0792 em 00 -0.558 -0.165  0.582 1
0792 cf 00  0.759  0.012  0.759 5
0792 pf 01 -0.435  0.454  0.629 7
0792 pf 02 -0.467  0.625  0.780 7
0792 pf 03 -0.328 -0.812  0.875 2
0792 pf 04 -1.103  0.763  1.341 8
0792 pf 05  0.540 -0.758  0.931 3
0792 pf 06 -0.369 -0.208  0.423 1
0792 pf 07 -2.060  0.291  2.080 8
0792 pf 08 -0.564 -1.860  1.944 2
0792 pf 09 -1.350 -0.272  1.377 1
0792 pf 10 -0.746 -0.063  0.749 1
0816 em 00 -0.551 -0.222  0.594 1
0816 cf 00  0.768  0.265  0.812 5
0816 pf 01 -0.754  0.689  1.021 8
0816 pf 02 -0.763  0.463  0.892 8
0816 pf 03 -0.216 -0.866  0.892 2
0816 pf 04 -1.147  0.584  1.287 8
0816 pf 05  0.659 -0.589  0.884 4
0816 pf 06 -0.457 -0.254  0.522 1
0816 pf 07 -1.640  0.236  1.656 8
0816 pf 08 -0.553 -2.094  2.166 2
0816 pf 09 -1.182 -0.505  1.285 1
0816 pf 10 -0.783 -0.383  0.872 1
0840 em 00 -0.528 -0.173  0.555 1
0840 cf 00  0.777  0.646  1.010 5
0840 pf 01 -0.634  0.696  0.941 7
0840 pf 02 -0.648  0.353  0.738 8
0840 pf 03  0.162 -0.869  0.884 3
0840 pf 04 -1.263  0.717  1.452 8
0840 pf 05  0.505 -0.284  0.579 4
0840 pf 06 -0.499 -0.203  0.538 1
0840 pf 07 -1.564  0.060  1.565 8
0840 pf 08 -0.733 -1.829  1.971 2
0840 pf 09 -1.117 -0.500  1.223 1
0840 pf 10 -0.819 -0.722  1.092 1
0864 em 00 -0.509 -0.184  0.541 1
0864 cf 00  0.829  0.982  1.285 6
0864 pf 01 -0.391  0.941  1.019 7
0864 pf 02 -0.633  0.147  0.650 8
0864 pf 03  0.166 -0.855  0.871 3
0864 pf 04 -1.384  0.494  1.470 8
0864 pf 05  0.674 -0.192  0.700 4
0864 pf 06 -0.320 -0.468  0.567 2
0864 pf 07 -1.623  0.078  1.625 8
0864 pf 08 -0.833 -1.736  1.926 2
0864 pf 09 -1.140 -0.635  1.305 1
0864 pf 10 -0.982 -0.838  1.291 1
0888 em 00 -0.436 -0.211  0.485 1
0888 cf 00  0.625  1.230  1.380 6
0888 pf 01 -0.052  1.325  1.327 7
0888 pf 02 -0.675 -0.166  0.695 1
0888 pf 03  0.253 -1.023  1.054 3
0888 pf 04 -1.132  0.645  1.303 8
0888 pf 05  0.407  0.032  0.408 5
0888 pf 06 -0.130 -0.869  0.879 2
0888 pf 07 -1.666 -0.129  1.671 1
0888 pf 08 -0.723 -1.680  1.828 2
0888 pf 09 -1.058 -0.770  1.308 1
0888 pf 10 -0.690 -0.988  1.205 2
0912 em 00 -0.366 -0.207  0.421 1
0912 cf 00  0.555  1.608  1.701 6
0912 pf 01  0.170  1.479  1.488 6
0912 pf 02 -0.541 -0.529  0.757 1
0912 pf 03  0.516 -0.779  0.934 3
0912 pf 04 -1.250  0.496  1.345 8
0912 pf 05 -0.115  0.623  0.634 7
0912 pf 06  0.074 -0.910  0.913 3
0912 pf 07 -1.770 -0.242  1.786 1
0912 pf 08 -0.623 -1.761  1.868 2
0912 pf 09 -0.807 -1.174  1.424 2
0912 pf 10 -0.279 -1.172  1.205 2
0936 em 00 -0.314 -0.140  0.344 1
0936 cf 00  0.375  2.067  2.100 6
0936 pf 01  0.121  1.550  1.555 6
0936 pf 02 -0.380 -0.793  0.879 2
0936 pf 03  1.020 -0.666  1.218 4
0936 pf 04 -1.403  0.548  1.506 8
0936 pf 05 -0.505  0.715  0.876 7
0936 pf 06  0.080 -0.787  0.791 3
0936 pf 07 -1.949 -0.402  1.990 1
0936 pf 08 -0.170 -1.431  1.441 2
0936 pf 09 -0.761 -1.339  1.541 2
0936 pf 10  0.096 -1.074  1.078 3
0960 em 00 -0.309 -0.060  0.315 1
0960 cf 00 -0.212  2.497  2.506 7
0960 pf 01  0.250  1.373  1.395 6
0960 pf 02 -0.263 -1.006  1.040 2
0960 pf 03  1.127 -0.202  1.145 4
0960 pf 04 -1.542  0.572  1.645 8
0960 pf 05 -0.666  0.751  1.004 7
0960 pf 06  0.009 -0.318  0.318 3
0960 pf 07 -1.822 -0.586  1.914 1
0960 pf 08  0.266 -1.203  1.232 3
0960 pf 09 -0.824 -1.552  1.758 2
0960 pf 10  0.256 -1.063  1.094 3
0984 em 00 -0.422 -0.070  0.428 1
0984 cf 00 -0.558  2.426  2.489 7
0984 pf 01 -0.205  1.216  1.233 7
0984 pf 02 -0.044 -1.189  1.190 2
0984 pf 03  0.997 -0.026  0.997 4
0984 pf 04 -1.813  0.413  1.859 8
0984 pf 05 -0.896  0.289  0.941 8
0984 pf 06 -0.300 -0.171  0.346 1
0984 pf 07 -1.861 -0.702  1.989 1
0984 pf 08  0.384 -0.823  0.908 3
0984 pf 09 -0.724 -1.715  1.861 2
0984 pf 10  0.359 -0.537  0.646 3
1008 em 00 -0.611 -0.141  0.627 1
1008 cf 00 -0.813  1.898  2.065 7
1008 pf 01 -0.633  1.011  1.192 7
1008 pf 02 -0.010 -1.578  1.578 2
1008 pf 03  0.727  0.629  0.961 5
1008 pf 04 -2.102  0.185  2.110 8
1008 pf 05 -1.057  0.359  1.117 8
1008 pf 06 -0.660 -0.504  0.830 1
1008 pf 07 -1.888 -1.015  2.144 1
1008 pf 08 -0.008 -0.378  0.378 2
1008 pf 09 -0.475 -2.015  2.070 2
1008 pf 10  0.194 -0.144  0.242 4
1032 em 00 -0.695 -0.180  0.718 1
1032 cf 00 -1.133  1.799  2.127 7
1032 pf 01 -0.951  0.925  1.327 8
1032 pf 02  0.296 -1.838  1.862 3
1032 pf 03  0.765  0.958  1.226 6
1032 pf 04 -1.937 -0.389  1.976 1
1032 pf 05 -1.264  0.141  1.272 8
1032 pf 06 -1.207 -0.608  1.352 1
1032 pf 07 -1.851 -1.389  2.315 1
1032 pf 08 -0.194  0.074  0.207 8
1032 pf 09 -0.204 -1.839  1.850 2
1032 pf 10  0.053  0.216  0.222 6
1056 em 00 -0.658 -0.202  0.688 1
1056 cf 00 -1.109  1.545  1.902 7
1056 pf 01 -1.223  0.769  1.445 8
1056 pf 02  0.750 -2.112  2.241 3
1056 pf 03  0.822  0.997  1.293 6
1056 pf 04 -1.586 -0.537  1.674 1
1056 pf 05 -1.365  0.023  1.365 8
1056 pf 06 -1.435 -0.696  1.595 1
1056 pf 07 -1.570 -1.307  2.043 1
1056 pf 08 -0.760  0.277  0.809 8
1056 pf 09  0.178 -1.893  1.901 3
1056 pf 10  0.074  0.742  0.746 6
1080 em 00 -0.587 -0.124  0.600 1
1080 cf 00 -0.910  1.222  1.524 7
1080 pf 01 -1.353  0.691  1.519 8
1080 pf 02  0.802 -1.934  2.093 3
1080 pf 03  0.779  1.534  1.720 6
1080 pf 04 -1.448 -0.709  1.612 1
1080 pf 05 -1.287 -0.146  1.295 1
1080 pf 06 -1.340 -0.570  1.456 1
1080 pf 07 -1.557 -1.225  1.982 1
1080 pf 08 -1.005  0.495  1.121 8
1080 pf 09  0.527 -1.773  1.849 3
1080 pf 10  0.349  1.096  1.150 6
1104 em 00 -0.645 -0.157  0.664 1
1104 cf 00 -0.658  0.948  1.154 7
1104 pf 01 -1.713  0.551  1.799 8
1104 pf 02  0.955 -1.522  1.797 3
1104 pf 03  0.333  1.851  1.881 6
1104 pf 04 -1.619 -0.922  1.863 1
1104 pf 05 -1.106 -0.433  1.187 1
1104 pf 06 -1.242 -0.850  1.505 1
1104 pf 07 -1.556 -1.000  1.850 1
1104 pf 08 -1.420  0.426  1.482 8
1104 pf 09  0.780 -1.467  1.661 3
1104 pf 10  0.180  0.749  0.770 6
