ecmf prod rf 2015110400 20211104 11 046
0024 em 00  0.507 -1.794  1.864 3
0024 cf 00  0.518 -1.743  1.818 3
0024 pf 01  0.460 -1.787  1.845 3
0024 pf 02  0.446 -1.721  1.778 3
0024 pf 03  0.504 -1.784  1.853 3
0024 pf 04  0.585 -1.654  1.755 3
0024 pf 05  0.474 -1.744  1.808 3
0024 pf 06  0.624 -1.737  1.846 3
0024 pf 07  0.512 -1.872  1.940 3
0024 pf 08  0.454 -1.758  1.816 3
0024 pf 09  0.577 -1.700  1.796 3
0024 pf 10  0.404 -1.772  1.818 3
0048 em 00  0.728 -1.695  1.845 3
0048 cf 00  0.695 -1.726  1.861 3
0048 pf 01  0.742 -1.734  1.886 3
0048 pf 02  0.530 -1.632  1.716 3
0048 pf 03  0.682 -1.712  1.843 3
0048 pf 04  0.779 -1.520  1.708 3
0048 pf 05  0.719 -1.620  1.773 3
0048 pf 06  0.969 -1.680  1.940 3
0048 pf 07  0.661 -1.726  1.848 3
0048 pf 08  0.735 -1.625  1.784 3
0048 pf 09  0.726 -1.561  1.721 3
0048 pf 10  0.731 -1.692  1.843 3
0072 em 00  0.749 -1.554  1.725 3
0072 cf 00  0.729 -1.628  1.784 3
0072 pf 01  0.747 -1.554  1.724 3
0072 pf 02  0.425 -1.765  1.815 3
0072 pf 03  0.900 -1.441  1.699 3
0072 pf 04  0.556 -1.351  1.461 3
0072 pf 05  0.750 -1.500  1.677 3
0072 pf 06  1.013 -1.557  1.858 3
0072 pf 07  0.620 -1.612  1.727 3
0072 pf 08  0.841 -1.493  1.714 3
0072 pf 09  0.752 -1.398  1.588 3
0072 pf 10  0.874 -1.420  1.667 3
0096 em 00  0.678 -1.485  1.633 3
0096 cf 00  0.688 -1.553  1.699 3
0096 pf 01  0.560 -1.535  1.634 3
0096 pf 02  0.455 -1.692  1.752 3
0096 pf 03  0.887 -1.211  1.502 3
0096 pf 04  0.409 -1.688  1.737 3
0096 pf 05  0.632 -1.340  1.481 3
0096 pf 06  0.990 -1.388  1.704 3
0096 pf 07  0.426 -1.610  1.666 3
0096 pf 08  0.807 -1.299  1.529 3
0096 pf 09  0.667 -1.371  1.524 3
0096 pf 10  0.915 -1.293  1.584 3
0120 em 00  0.824 -1.355  1.586 3
0120 cf 00  0.744 -1.389  1.575 3
0120 pf 01  0.628 -1.546  1.669 3
0120 pf 02  0.541 -1.461  1.558 3
0120 pf 03  1.061 -1.114  1.539 3
0120 pf 04  0.639 -1.761  1.873 3
0120 pf 05  0.639 -1.241  1.396 3
0120 pf 06  1.078 -1.103  1.543 3
0120 pf 07  0.381 -1.304  1.359 3
0120 pf 08  1.244 -1.348  1.834 3
0120 pf 09  0.933 -1.340  1.633 3
0120 pf 10  1.131 -0.992  1.504 4
0144 em 00  0.931 -1.496  1.762 3
0144 cf 00  0.917 -1.637  1.877 3
0144 pf 01  0.685 -1.687  1.820 3
0144 pf 02  0.675 -1.604  1.740 3
0144 pf 03  0.844 -1.198  1.466 3
0144 pf 04  0.734 -2.046  2.173 3
0144 pf 05  0.895 -1.384  1.648 3
0144 pf 06  1.287 -1.280  1.815 4
0144 pf 07  0.401 -1.434  1.489 3
0144 pf 08  1.241 -1.549  1.985 3
0144 pf 09  1.125 -1.350  1.758 3
0144 pf 10  1.362 -0.996  1.688 4
0168 em 00  0.967 -1.491  1.777 3
0168 cf 00  0.896 -1.740  1.958 3
0168 pf 01  0.463 -1.890  1.946 3
0168 pf 02  0.813 -1.351  1.577 3
0168 pf 03  0.446 -1.098  1.185 3
0168 pf 04  0.843 -2.215  2.370 3
0168 pf 05  1.112 -1.409  1.795 3
0168 pf 06  1.301 -1.107  1.709 4
0168 pf 07  0.519 -1.584  1.667 3
0168 pf 08  1.204 -1.546  1.959 3
0168 pf 09  1.303 -1.324  1.857 3
0168 pf 10  1.641 -0.887  1.865 4
0192 em 00  0.821 -1.341  1.572 3
0192 cf 00  0.689 -1.613  1.754 3
0192 pf 01  0.045 -1.748  1.748 3
0192 pf 02  0.799 -1.212  1.452 3
0192 pf 03  0.001 -1.020  1.020 3
0192 pf 04  0.952 -2.085  2.292 3
0192 pf 05  1.080 -1.386  1.757 3
0192 pf 06  1.206 -0.955  1.538 4
0192 pf 07  0.421 -1.510  1.568 3
0192 pf 08  1.064 -1.235  1.630 3
0192 pf 09  1.108 -1.151  1.598 3
0192 pf 10  1.584 -0.614  1.699 4
0216 em 00  0.733 -1.130  1.347 3
0216 cf 00  0.565 -1.484  1.587 3
0216 pf 01 -0.067 -1.565  1.566 2
0216 pf 02  0.690 -0.921  1.150 3
0216 pf 03 -0.272 -0.860  0.902 2
0216 pf 04  1.153 -1.919  2.239 3
0216 pf 05  0.865 -1.455  1.692 3
0216 pf 06  0.956 -0.353  1.019 4
0216 pf 07  0.484 -1.390  1.472 3
0216 pf 08  1.129 -0.943  1.471 4
0216 pf 09  1.123 -0.976  1.488 4
0216 pf 10  1.364 -0.373  1.414 4
0240 em 00  0.783 -0.981  1.256 3
0240 cf 00  0.598 -1.414  1.536 3
0240 pf 01  0.176 -1.600  1.610 3
0240 pf 02  0.690 -0.761  1.027 3
0240 pf 03 -0.408 -0.952  1.036 2
0240 pf 04  1.257 -1.789  2.186 3
0240 pf 05  1.041 -1.356  1.710 3
0240 pf 06  1.005  0.048  1.007 5
0240 pf 07  0.427 -1.437  1.499 3
0240 pf 08  1.170 -1.074  1.588 4
0240 pf 09  1.125 -0.501  1.231 4
0240 pf 10  1.492  0.212  1.507 5
0264 em 00  0.734 -0.825  1.104 3
0264 cf 00  0.537 -1.463  1.558 3
0264 pf 01  0.083 -1.739  1.741 3
0264 pf 02  0.633 -0.668  0.920 3
0264 pf 03 -0.676 -1.105  1.296 2
0264 pf 04  1.197 -1.534  1.946 3
0264 pf 05  1.132 -0.983  1.499 4
0264 pf 06  1.101  0.538  1.225 5
0264 pf 07  0.417 -1.356  1.419 3
0264 pf 08  1.061 -1.089  1.521 3
0264 pf 09  1.052 -0.203  1.072 4
0264 pf 10  1.490  0.673  1.635 5
0288 em 00  0.447 -0.848  0.959 3
0288 cf 00  0.042 -1.612  1.612 3
0288 pf 01 -0.212 -1.933  1.945 2
0288 pf 02  0.295 -0.668  0.730 3
0288 pf 03 -0.887 -1.342  1.609 2
0288 pf 04  0.938 -1.737  1.974 3
0288 pf 05  1.067 -1.020  1.477 4
0288 pf 06  0.779  0.266  0.823 5
0288 pf 07  0.132 -1.259  1.266 3
0288 pf 08  0.757 -1.022  1.272 3
0288 pf 09  1.028 -0.066  1.030 4
0288 pf 10  0.964  1.177  1.522 6
0312 em 00  0.203 -0.756  0.783 3
0312 cf 00 -0.279 -1.582  1.607 2
0312 pf 01 -0.286 -2.072  2.092 2
0312 pf 02 -0.123 -0.801  0.810 2
0312 pf 03 -0.777 -1.232  1.456 2
0312 pf 04  0.746 -1.575  1.743 3
0312 pf 05  0.776 -0.776  1.098 3
0312 pf 06  0.436  0.339  0.552 5
0312 pf 07  0.181 -1.047  1.063 3
0312 pf 08  0.329 -0.865  0.926 3
0312 pf 09  0.763 -0.008  0.763 4
0312 pf 10  0.463  1.370  1.446 6
0336 em 00  0.135 -0.586  0.602 3
0336 cf 00 -0.304 -1.480  1.511 2
0336 pf 01  0.190 -2.157  2.166 3
0336 pf 02 -0.192 -0.801  0.824 2
0336 pf 03 -0.965 -1.150  1.501 2
0336 pf 04  0.892 -1.311  1.586 3
0336 pf 05  0.644 -0.454  0.788 4
0336 pf 06  0.271  0.057  0.277 5
0336 pf 07  0.243 -0.912  0.944 3
0336 pf 08  0.054 -0.448  0.451 3
0336 pf 09  0.397  0.315  0.507 5
0336 pf 10  0.251  1.908  1.925 6
0360 em 00  0.099 -0.573  0.581 3
0360 cf 00 -0.207 -1.510  1.524 2
0360 pf 01  0.779 -1.854  2.011 3
0360 pf 02  0.018 -1.001  1.001 3
0360 pf 03 -0.920 -1.370  1.651 2
0360 pf 04  0.947 -1.089  1.443 3
0360 pf 05  0.603 -0.217  0.641 4
0360 pf 06 -0.062 -0.016  0.064 1
0360 pf 07  0.354 -0.916  0.982 3
0360 pf 08 -0.126 -0.302  0.327 2
0360 pf 09 -0.187  0.345  0.392 7
0360 pf 10 -0.099  1.627  1.630 7
0384 em 00  0.118 -0.693  0.703 3
0384 cf 00 -0.222 -1.614  1.630 2
0384 pf 01  0.875 -1.671  1.886 3
0384 pf 02  0.217 -1.134  1.155 3
0384 pf 03 -0.737 -1.780  1.926 2
0384 pf 04  1.259 -1.161  1.712 4
0384 pf 05  0.513 -0.148  0.534 4
0384 pf 06  0.156  0.119  0.197 5
0384 pf 07  0.421 -1.121  1.197 3
0384 pf 08 -0.399 -0.629  0.745 2
0384 pf 09 -0.439 -0.093  0.449 1
0384 pf 10 -0.312  1.613  1.643 7
0408 em 00  0.059 -0.799  0.801 3
0408 cf 00 -0.365 -1.822  1.858 2
0408 pf 01  1.148 -1.553  1.931 3
0408 pf 02  0.256 -1.089  1.118 3
0408 pf 03 -0.437 -2.169  2.213 2
0408 pf 04  1.497 -1.026  1.815 4
0408 pf 05  0.201 -0.208  0.290 3
0408 pf 06 -0.080  0.356  0.365 7
0408 pf 07  0.333 -1.238  1.282 3
0408 pf 08 -0.518 -0.623  0.810 2
0408 pf 09 -0.699 -0.575  0.905 1
0408 pf 10 -0.642  1.190  1.352 7
0432 em 00  0.025 -0.832  0.832 3
0432 cf 00 -0.173 -1.778  1.786 2
0432 pf 01  1.128 -1.248  1.683 3
0432 pf 02  0.571 -1.472  1.579 3
0432 pf 03 -0.190 -1.959  1.969 2
0432 pf 04  1.712 -1.105  2.037 4
0432 pf 05 -0.061 -0.173  0.184 2
0432 pf 06 -0.220  0.201  0.298 8
0432 pf 07  0.335 -1.275  1.318 3
0432 pf 08 -0.747 -0.485  0.891 1
0432 pf 09 -1.004 -0.804  1.286 1
0432 pf 10 -1.045  0.971  1.427 8
0456 em 00  0.035 -0.924  0.925 3
0456 cf 00  0.111 -1.823  1.826 3
0456 pf 01  1.054 -1.002  1.454 4
0456 pf 02  0.697 -1.642  1.784 3
0456 pf 03  0.031 -1.739  1.739 3
0456 pf 04  1.850 -0.968  2.088 4
0456 pf 05 -0.184 -0.423  0.461 2
0456 pf 06 -0.602 -0.100  0.610 1
0456 pf 07  0.660 -1.560  1.694 3
0456 pf 08 -0.819 -0.409  0.915 1
0456 pf 09 -0.912 -1.095  1.425 2
0456 pf 10 -1.465  0.633  1.595 8
0480 em 00  0.146 -0.873  0.886 3
0480 cf 00  0.356 -1.548  1.589 3
0480 pf 01  1.049 -0.769  1.301 4
0480 pf 02  0.740 -1.537  1.706 3
0480 pf 03  0.564 -1.609  1.705 3
0480 pf 04  2.207 -0.811  2.351 4
0480 pf 05 -0.030 -0.465  0.466 2
0480 pf 06 -0.765 -0.172  0.784 1
0480 pf 07  0.602 -2.128  2.212 3
0480 pf 08 -0.638 -0.404  0.755 1
0480 pf 09 -0.697 -0.728  1.008 2
0480 pf 10 -1.744  0.602  1.845 8
0504 em 00  0.246 -0.877  0.911 3
0504 cf 00  0.806 -1.643  1.830 3
0504 pf 01  1.028 -0.381  1.097 4
0504 pf 02  0.599 -1.473  1.590 3
0504 pf 03  0.837 -1.661  1.860 3
0504 pf 04  2.336 -0.235  2.348 4
0504 pf 05  0.076 -0.868  0.872 3
0504 pf 06 -0.769 -0.080  0.773 1
0504 pf 07  0.468 -2.330  2.377 3
0504 pf 08 -0.708 -0.385  0.806 1
0504 pf 09 -0.081 -0.903  0.906 2
0504 pf 10 -1.885  0.351  1.917 8
0528 em 00  0.267 -0.876  0.916 3
0528 cf 00  1.064 -1.665  1.976 3
0528 pf 01  0.788 -0.213  0.816 4
0528 pf 02  0.761 -1.603  1.774 3
0528 pf 03  0.546 -1.445  1.544 3
0528 pf 04  2.362  0.493  2.412 5
0528 pf 05  0.008 -1.169  1.170 3
0528 pf 06 -0.414 -0.030  0.415 1
0528 pf 07  0.387 -2.273  2.306 3
0528 pf 08 -0.963 -0.584  1.126 1
0528 pf 09  0.059 -0.964  0.966 3
0528 pf 10 -1.703 -0.160  1.711 1
0552 em 00  0.272 -0.908  0.948 3
0552 cf 00  1.163 -1.553  1.940 3
0552 pf 01  0.537 -0.121  0.551 4
0552 pf 02  0.821 -1.286  1.526 3
0552 pf 03  0.451 -1.306  1.382 3
0552 pf 04  2.151  0.945  2.350 5
0552 pf 05  0.265 -1.592  1.614 3
0552 pf 06 -0.232 -0.194  0.302 1
0552 pf 07  0.579 -2.209  2.284 3
0552 pf 08 -1.125 -0.864  1.418 1
0552 pf 09 -0.067 -1.460  1.462 2
0552 pf 10 -1.620 -0.329  1.653 1
0576 em 00  0.294 -0.945  0.989 3
0576 cf 00  1.059 -1.424  1.775 3
0576 pf 01  0.170 -0.099  0.197 4
0576 pf 02  0.664 -1.171  1.346 3
0576 pf 03  0.602 -1.312  1.444 3
0576 pf 04  1.721  1.424  2.233 5
0576 pf 05  0.539 -1.701  1.784 3
0576 pf 06 -0.057 -0.530  0.533 2
0576 pf 07  0.691 -2.128  2.238 3
0576 pf 08 -0.844 -0.997  1.306 2
0576 pf 09  0.042 -1.648  1.648 3
0576 pf 10 -1.430 -0.782  1.630 1
0600 em 00  0.290 -0.932  0.977 3
0600 cf 00  1.088 -1.203  1.622 3
0600 pf 01 -0.127 -0.039  0.133 1
0600 pf 02  0.222 -0.816  0.846 3
0600 pf 03  0.620 -1.357  1.492 3
0600 pf 04  1.357  1.771  2.231 6
0600 pf 05  0.602 -1.875  1.969 3
0600 pf 06 -0.412 -0.547  0.685 2
0600 pf 07  1.248 -2.057  2.406 3
0600 pf 08 -0.687 -1.143  1.334 2
0600 pf 09  0.300 -1.916  1.939 3
0600 pf 10 -1.062 -1.038  1.485 1
0624 em 00  0.409 -0.969  1.051 3
0624 cf 00  1.192 -0.986  1.547 4
0624 pf 01 -0.326 -0.239  0.404 1
0624 pf 02  0.328 -0.537  0.629 3
0624 pf 03  0.680 -1.284  1.453 3
0624 pf 04  1.026  1.737  2.017 6
0624 pf 05  0.627 -1.904  2.004 3
0624 pf 06 -0.520 -0.448  0.686 1
0624 pf 07  1.796 -1.843  2.574 3
0624 pf 08 -0.301 -1.578  1.606 2
0624 pf 09  0.444 -2.096  2.143 3
0624 pf 10 -0.483 -1.428  1.507 2
0648 em 00  0.469 -0.862  0.981 3
0648 cf 00  1.138 -0.630  1.301 4
0648 pf 01 -0.492 -0.312  0.583 1
0648 pf 02  0.161 -0.579  0.601 3
0648 pf 03  0.819 -1.233  1.480 3
0648 pf 04  0.644  1.483  1.617 6
0648 pf 05  0.853 -1.711  1.911 3
0648 pf 06 -0.598 -0.429  0.736 1
0648 pf 07  2.032 -1.136  2.329 4
0648 pf 08 -0.230 -1.288  1.308 2
0648 pf 09  0.722 -2.190  2.306 3
0648 pf 10  0.073 -1.400  1.402 3
0672 em 00  0.435 -0.854  0.959 3
0672 cf 00  1.075 -0.420  1.155 4
0672 pf 01 -0.652 -0.335  0.733 1
0672 pf 02  0.015 -0.756  0.756 3
0672 pf 03  0.546 -0.912  1.063 3
0672 pf 04  0.639  0.792  1.018 6
0672 pf 05  0.806 -1.411  1.625 3
0672 pf 06 -0.566 -0.470  0.736 1
0672 pf 07  2.111 -0.867  2.282 4
0672 pf 08  0.107 -1.288  1.292 3
0672 pf 09  0.766 -2.155  2.287 3
0672 pf 10 -0.093 -1.473  1.476 2
0696 em 00  0.419 -0.734  0.845 3
0696 cf 00  0.919 -0.103  0.925 4
0696 pf 01 -0.599 -0.323  0.681 1
0696 pf 02 -0.628 -0.685  0.929 2
0696 pf 03  0.409 -0.454  0.611 3
0696 pf 04  0.819  0.727  1.095 5
0696 pf 05  1.003 -1.313  1.652 3
0696 pf 06 -0.532 -0.443  0.693 1
0696 pf 07  2.327 -0.472  2.374 4
0696 pf 08  0.080 -1.196  1.199 3
0696 pf 09  0.895 -2.099  2.282 3
0696 pf 10 -0.113 -1.604  1.607 2
0720 em 00  0.544 -0.574  0.791 3
0720 cf 00  0.908 -0.045  0.909 4
0720 pf 01 -0.414 -0.207  0.463 1
0720 pf 02 -0.934 -0.313  0.984 1
0720 pf 03  0.191 -0.192  0.270 3
0720 pf 04  1.242  0.953  1.565 5
0720 pf 05  1.438 -0.864  1.677 4
0720 pf 06 -0.541 -0.288  0.613 1
0720 pf 07  2.621 -0.222  2.631 4
0720 pf 08  0.244 -1.432  1.453 3
0720 pf 09  0.987 -2.064  2.288 3
0720 pf 10  0.208 -1.556  1.570 3
0744 em 00  0.573 -0.412  0.706 4
0744 cf 00  0.602  0.094  0.610 5
0744 pf 01 -0.260  0.071  0.269 8
0744 pf 02 -0.717 -0.281  0.770 1
0744 pf 03  0.231 -0.298  0.377 3
0744 pf 04  1.427  1.120  1.814 5
0744 pf 05  1.412 -0.671  1.563 4
0744 pf 06 -0.573 -0.027  0.574 1
0744 pf 07  2.113  0.501  2.172 5
0744 pf 08  0.392 -1.352  1.407 3
0744 pf 09  1.185 -2.289  2.578 3
0744 pf 10  0.472 -1.306  1.388 3
0768 em 00  0.541 -0.317  0.627 4
0768 cf 00  0.395  0.002  0.395 5
0768 pf 01 -0.307  0.322  0.445 7
0768 pf 02 -0.270 -0.228  0.354 1
0768 pf 03  0.325 -0.100  0.340 4
0768 pf 04  0.931  1.047  1.401 6
0768 pf 05  1.427 -0.285  1.455 4
0768 pf 06 -0.959 -0.234  0.988 1
0768 pf 07  1.521  0.957  1.797 5
0768 pf 08  0.830 -1.164  1.429 3
0768 pf 09  1.525 -2.332  2.786 3
0768 pf 10  0.526 -1.388  1.485 3
0792 em 00  0.468 -0.280  0.545 4
0792 cf 00  0.082 -0.066  0.106 4
0792 pf 01 -0.370  0.311  0.484 8
0792 pf 02 -0.298  0.180  0.348 8
0792 pf 03  0.519  0.109  0.530 5
0792 pf 04  0.297  1.010  1.053 6
0792 pf 05  1.112 -0.122  1.119 4
0792 pf 06 -0.989 -0.614  1.164 1
0792 pf 07  1.239  0.935  1.552 5
0792 pf 08  1.229 -0.879  1.511 4
0792 pf 09  1.854 -2.489  3.104 3
0792 pf 10  0.457 -1.345  1.420 3
0816 em 00  0.356 -0.214  0.415 4
0816 cf 00  0.029  0.091  0.095 6
0816 pf 01 -0.169  0.137  0.218 8
0816 pf 02 -0.335  0.681  0.759 7
0816 pf 03  0.698  0.186  0.723 5
0816 pf 04 -0.239  0.882  0.914 7
0816 pf 05  0.982 -0.339  1.039 4
0816 pf 06 -0.907 -1.241  1.537 2
0816 pf 07  0.717  0.922  1.168 6
0816 pf 08  0.927 -0.259  0.962 4
0816 pf 09  1.788 -2.209  2.842 3
0816 pf 10  0.426 -1.084  1.165 3
0840 em 00  0.326 -0.167  0.366 4
0840 cf 00 -0.119  0.033  0.123 8
0840 pf 01  0.053  0.020  0.056 5
0840 pf 02 -0.224  0.807  0.837 7
0840 pf 03  0.814  0.487  0.948 5
0840 pf 04 -0.513  0.561  0.760 7
0840 pf 05  0.887 -0.712  1.138 4
0840 pf 06 -0.647 -1.599  1.725 2
0840 pf 07  0.240  0.630  0.674 6
0840 pf 08  0.469  0.865  0.984 6
0840 pf 09  1.972 -1.832  2.691 4
0840 pf 10  0.661 -0.978  1.180 3
0864 em 00  0.203 -0.085  0.220 4
0864 cf 00 -0.380  0.030  0.381 8
0864 pf 01 -0.108 -0.013  0.108 1
0864 pf 02 -0.175  0.733  0.754 7
0864 pf 03  0.801  0.495  0.941 5
0864 pf 04 -0.922  0.507  1.052 8
0864 pf 05  0.934 -0.794  1.226 4
0864 pf 06 -0.188 -1.797  1.806 2
0864 pf 07 -0.116  0.235  0.262 7
0864 pf 08  0.068  1.582  1.583 6
0864 pf 09  1.861 -1.088  2.155 4
0864 pf 10  0.493 -0.724  0.876 3
0888 em 00  0.183 -0.010  0.183 4
0888 cf 00 -0.668 -0.094  0.675 1
0888 pf 01  0.009  0.220  0.220 6
0888 pf 02 -0.429  0.612  0.748 7
0888 pf 03  0.952  0.851  1.277 5
0888 pf 04 -1.005  0.461  1.106 8
0888 pf 05  0.842 -0.947  1.267 3
0888 pf 06  0.418 -1.789  1.838 3
0888 pf 07 -0.255  0.021  0.256 8
0888 pf 08 -0.497  2.066  2.125 7
0888 pf 09  1.800 -0.856  1.993 4
0888 pf 10  0.865 -0.566  1.034 4
0912 em 00  0.140 -0.042  0.146 4
0912 cf 00 -0.982 -0.090  0.986 1
0912 pf 01  0.142  0.286  0.319 6
0912 pf 02 -0.461  0.637  0.786 7
0912 pf 03  0.930  1.067  1.415 6
0912 pf 04 -0.966  0.129  0.974 8
0912 pf 05  0.675 -0.916  1.137 3
0912 pf 06  0.618 -1.726  1.834 3
0912 pf 07 -0.201 -0.235  0.309 2
0912 pf 08 -0.863  1.550  1.774 7
0912 pf 09  1.771 -0.812  1.948 4
0912 pf 10  0.915 -0.276  0.956 4
0936 em 00  0.075 -0.190  0.205 3
0936 cf 00 -1.232 -0.126  1.238 1
0936 pf 01  0.184 -0.008  0.184 4
0936 pf 02 -0.659  0.584  0.881 8
0936 pf 03  0.801  1.082  1.346 6
0936 pf 04 -0.766 -0.276  0.814 1
0936 pf 05  0.710 -0.850  1.108 3
0936 pf 06  0.617 -1.879  1.978 3
0936 pf 07 -0.487 -0.497  0.696 2
0936 pf 08 -0.841  1.070  1.360 7
0936 pf 09  1.814 -0.750  1.963 4
0936 pf 10  0.731 -0.377  0.823 4
0960 em 00 -0.006 -0.280  0.280 2
0960 cf 00 -1.472 -0.168  1.482 1
0960 pf 01  0.035 -0.068  0.076 3
0960 pf 02 -0.798  0.548  0.968 8
0960 pf 03  0.415  0.969  1.054 6
0960 pf 04 -0.649 -0.639  0.911 1
0960 pf 05  0.641 -0.641  0.907 3
0960 pf 06  0.729 -1.768  1.912 3
0960 pf 07 -0.638 -0.334  0.720 1
0960 pf 08 -0.527  0.429  0.679 8
0960 pf 09  1.605 -0.992  1.887 4
0960 pf 10  0.642 -0.355  0.734 4
0984 em 00  0.007 -0.336  0.336 3
0984 cf 00 -1.459 -0.316  1.493 1
0984 pf 01 -0.361 -0.100  0.375 1
0984 pf 02 -0.701  0.149  0.716 8
0984 pf 03  0.006  0.825  0.825 6
0984 pf 04 -0.403 -0.918  1.003 2
0984 pf 05  0.649 -0.497  0.818 4
0984 pf 06  1.131 -1.460  1.847 3
0984 pf 07 -0.678 -0.072  0.681 1
0984 pf 08 -0.207  0.229  0.309 7
0984 pf 09  1.503 -1.005  1.808 4
0984 pf 10  0.645 -0.479  0.804 4
1008 em 00  0.048 -0.424  0.427 3
1008 cf 00 -1.356 -0.636  1.498 1
1008 pf 01 -0.186 -0.169  0.252 1
1008 pf 02 -0.404 -0.274  0.488 1
1008 pf 03 -0.287  0.554  0.624 7
1008 pf 04 -0.257 -1.348  1.373 2
1008 pf 05  0.525 -0.560  0.768 3
1008 pf 06  1.622 -1.019  1.916 4
1008 pf 07 -0.647  0.108  0.656 8
1008 pf 08 -0.136 -0.229  0.266 2
1008 pf 09  1.246 -0.592  1.380 4
1008 pf 10  0.446 -0.435  0.623 4
1032 em 00  0.038 -0.590  0.591 3
1032 cf 00 -1.227 -0.878  1.509 1
1032 pf 01 -0.208 -0.468  0.512 2
1032 pf 02 -0.252 -0.648  0.695 2
1032 pf 03 -0.663  0.503  0.832 8
1032 pf 04  0.149 -1.478  1.485 3
1032 pf 05  0.407 -0.945  1.028 3
1032 pf 06  1.708 -0.677  1.838 4
1032 pf 07 -0.412 -0.344  0.537 1
1032 pf 08 -0.263 -0.639  0.691 2
1032 pf 09  1.017 -0.393  1.091 4
1032 pf 10  0.201 -0.417  0.463 3
1056 em 00  0.074 -0.557  0.562 3
1056 cf 00 -1.035 -0.993  1.434 1
1056 pf 01 -0.214 -0.523  0.565 2
1056 pf 02  0.180 -0.718  0.741 3
1056 pf 03 -0.698  0.381  0.795 8
1056 pf 04  0.612 -1.586  1.700 3
1056 pf 05  0.428 -0.806  0.912 3
1056 pf 06  1.434 -0.411  1.491 4
1056 pf 07 -0.378 -0.405  0.554 2
1056 pf 08 -0.337 -0.752  0.824 2
1056 pf 09  0.688  0.031  0.689 5
1056 pf 10  0.160 -0.227  0.278 3
1080 em 00  0.092 -0.641  0.648 3
1080 cf 00 -0.658 -1.156  1.330 2
1080 pf 01 -0.158 -0.666  0.685 2
1080 pf 02  0.306 -0.924  0.973 3
1080 pf 03 -0.546  0.515  0.751 8
1080 pf 04  0.830 -1.715  1.906 3
1080 pf 05  0.462 -1.030  1.129 3
1080 pf 06  1.344 -0.308  1.379 4
1080 pf 07 -0.703 -0.640  0.950 1
1080 pf 08 -0.204 -0.685  0.715 2
1080 pf 09  0.467  0.135  0.487 5
1080 pf 10 -0.079 -0.440  0.447 2
1104 em 00  0.188 -0.602  0.631 3
1104 cf 00 -0.418 -1.258  1.325 2
1104 pf 01  0.165 -0.696  0.715 3
1104 pf 02  0.761 -0.896  1.176 3
1104 pf 03 -0.593  0.543  0.804 8
1104 pf 04  1.362 -1.593  2.096 3
1104 pf 05  0.644 -0.730  0.973 3
1104 pf 06  1.190 -0.278  1.222 4
1104 pf 07 -1.343 -0.570  1.459 1
1104 pf 08 -0.182 -0.790  0.810 2
1104 pf 09  0.531  0.235  0.581 5
1104 pf 10 -0.017 -0.457  0.458 2
