ecmf prod rf 2010110800 20211108 11 046
0024 em 00  0.399  1.365  1.422 6
0024 cf 00  0.368  1.409  1.456 6
0024 pf 01  0.593  1.445  1.562 6
0024 pf 02  0.234  1.245  1.267 6
0024 pf 03  0.462  1.403  1.477 6
0024 pf 04  0.416  1.323  1.387 6
0024 pf 05  0.379  1.427  1.477 6
0024 pf 06  0.470  1.245  1.331 6
0024 pf 07  0.312  1.358  1.393 6
0024 pf 08  0.460  1.465  1.536 6
0024 pf 09  0.305  1.236  1.273 6
0024 pf 10  0.291  1.422  1.452 6
0048 em 00  0.131  1.596  1.602 6
0048 cf 00  0.127  1.568  1.574 6
0048 pf 01  0.195  1.664  1.675 6
0048 pf 02  0.023  1.561  1.561 6
0048 pf 03  0.273  1.601  1.624 6
0048 pf 04  0.059  1.716  1.717 6
0048 pf 05  0.088  1.808  1.810 6
0048 pf 06  0.375  1.374  1.425 6
0048 pf 07  0.117  1.583  1.587 6
0048 pf 08  0.115  1.638  1.642 6
0048 pf 09 -0.066  1.392  1.394 7
0048 pf 10  0.010  1.602  1.602 6
0072 em 00  0.063  1.642  1.643 6
0072 cf 00  0.041  1.619  1.620 6
0072 pf 01  0.290  1.970  1.992 6
0072 pf 02 -0.071  1.679  1.680 7
0072 pf 03  0.152  1.397  1.406 6
0072 pf 04 -0.038  1.729  1.729 7
0072 pf 05 -0.197  1.962  1.972 7
0072 pf 06  0.696  1.356  1.524 6
0072 pf 07  0.002  1.710  1.710 6
0072 pf 08  0.008  1.634  1.634 6
0072 pf 09 -0.330  1.447  1.484 7
0072 pf 10 -0.001  1.484  1.484 7
0096 em 00 -0.001  1.448  1.448 6
0096 cf 00 -0.008  1.457  1.457 7
0096 pf 01  0.113  1.911  1.914 6
0096 pf 02 -0.023  1.549  1.550 7
0096 pf 03  0.136  1.137  1.145 6
0096 pf 04 -0.278  1.546  1.571 7
0096 pf 05 -0.335  1.795  1.826 7
0096 pf 06  0.535  1.153  1.271 6
0096 pf 07  0.051  1.602  1.602 6
0096 pf 08  0.037  1.357  1.358 6
0096 pf 09 -0.448  1.132  1.217 7
0096 pf 10  0.055  1.217  1.218 6
0120 em 00 -0.298  1.359  1.392 7
0120 cf 00 -0.401  1.345  1.403 7
0120 pf 01 -0.173  1.842  1.850 7
0120 pf 02 -0.425  1.338  1.404 7
0120 pf 03 -0.125  1.205  1.212 7
0120 pf 04 -0.712  1.437  1.604 7
0120 pf 05 -0.895  1.486  1.735 7
0120 pf 06  0.376  1.247  1.303 6
0120 pf 07 -0.082  1.597  1.599 7
0120 pf 08 -0.244  1.235  1.259 7
0120 pf 09 -0.607  0.893  1.080 7
0120 pf 10 -0.131  1.254  1.261 7
0144 em 00 -0.747  1.304  1.503 7
0144 cf 00 -0.916  1.302  1.592 7
0144 pf 01 -0.914  2.003  2.201 7
0144 pf 02 -0.866  1.036  1.350 7
0144 pf 03 -0.294  1.224  1.259 7
0144 pf 04 -1.069  1.267  1.658 7
0144 pf 05 -1.381  1.363  1.940 8
0144 pf 06 -0.070  1.303  1.305 7
0144 pf 07 -0.541  1.619  1.707 7
0144 pf 08 -0.851  1.132  1.416 7
0144 pf 09 -0.963  0.722  1.204 8
0144 pf 10 -0.461  1.261  1.343 7
0168 em 00 -0.784  1.163  1.402 7
0168 cf 00 -0.892  1.207  1.501 7
0168 pf 01 -1.327  1.767  2.210 7
0168 pf 02 -0.961  0.939  1.343 8
0168 pf 03 -0.137  1.074  1.082 7
0168 pf 04 -1.200  1.096  1.625 8
0168 pf 05 -1.287  1.034  1.650 8
0168 pf 06  0.052  1.384  1.385 6
0168 pf 07 -0.693  1.528  1.678 7
0168 pf 08 -0.994  1.081  1.469 7
0168 pf 09 -0.965  0.514  1.093 8
0168 pf 10 -0.301  1.024  1.067 7
0192 em 00 -0.607  0.980  1.153 7
0192 cf 00 -0.808  0.949  1.246 7
0192 pf 01 -1.657  1.414  2.178 8
0192 pf 02 -0.768  0.490  0.911 8
0192 pf 03  0.128  0.776  0.786 6
0192 pf 04 -1.008  1.167  1.542 7
0192 pf 05 -0.937  0.689  1.163 8
0192 pf 06  0.245  1.516  1.536 6
0192 pf 07 -0.858  1.384  1.628 7
0192 pf 08 -0.598  0.958  1.130 7
0192 pf 09 -0.427  0.416  0.596 8
0192 pf 10 -0.047  0.876  0.877 7
0216 em 00 -0.491  0.834  0.967 7
0216 cf 00 -0.705  0.829  1.089 7
0216 pf 01 -1.801  1.159  2.141 8
0216 pf 02 -0.589  0.159  0.610 8
0216 pf 03  0.401  0.475  0.622 6
0216 pf 04 -1.141  1.026  1.535 8
0216 pf 05 -0.765  0.333  0.834 8
0216 pf 06  0.361  1.676  1.715 6
0216 pf 07 -0.854  1.249  1.513 7
0216 pf 08 -0.320  0.754  0.819 7
0216 pf 09 -0.101  0.383  0.396 7
0216 pf 10  0.059  0.970  0.972 6
0240 em 00 -0.394  0.749  0.846 7
0240 cf 00 -0.457  0.758  0.885 7
0240 pf 01 -1.878  0.887  2.077 8
0240 pf 02 -0.309  0.088  0.321 8
0240 pf 03  0.334  0.508  0.608 6
0240 pf 04 -1.170  0.555  1.295 8
0240 pf 05 -0.654  0.117  0.664 8
0240 pf 06  0.401  1.464  1.518 6
0240 pf 07 -0.942  1.228  1.548 7
0240 pf 08 -0.286  0.788  0.838 7
0240 pf 09  0.103  0.616  0.624 6
0240 pf 10  0.480  1.092  1.193 6
0264 em 00 -0.236  0.714  0.752 7
0264 cf 00 -0.281  0.737  0.789 7
0264 pf 01 -1.436  0.671  1.585 8
0264 pf 02  0.079  0.080  0.113 6
0264 pf 03  0.504  0.811  0.954 6
0264 pf 04 -1.124  0.125  1.131 8
0264 pf 05 -0.273  0.339  0.435 7
0264 pf 06  0.367  1.400  1.447 6
0264 pf 07 -0.930  1.085  1.429 7
0264 pf 08 -0.361  0.760  0.841 7
0264 pf 09  0.330  0.531  0.626 6
0264 pf 10  0.504  1.163  1.268 6
0288 em 00 -0.026  0.644  0.645 7
0288 cf 00 -0.230  0.567  0.612 7
0288 pf 01 -1.078  0.487  1.183 8
0288 pf 02  0.530  0.078  0.536 5
0288 pf 03  0.693  0.963  1.186 6
0288 pf 04 -0.640 -0.396  0.752 1
0288 pf 05  0.012  0.544  0.544 6
0288 pf 06  0.301  1.415  1.446 6
0288 pf 07 -0.804  1.050  1.322 7
0288 pf 08  0.019  0.736  0.736 6
0288 pf 09  0.327  0.582  0.667 6
0288 pf 10  0.552  0.922  1.075 6
0312 em 00  0.180  0.615  0.640 6
0312 cf 00 -0.051  0.309  0.314 7
0312 pf 01 -0.693  0.480  0.843 8
0312 pf 02  0.994  0.019  0.994 5
0312 pf 03  1.064  0.917  1.404 5
0312 pf 04 -0.086 -0.499  0.506 2
0312 pf 05  0.010  0.513  0.513 6
0312 pf 06  0.050  1.550  1.551 6
0312 pf 07 -0.624  0.972  1.155 7
0312 pf 08  0.367  0.694  0.785 6
0312 pf 09  0.164  0.623  0.644 6
0312 pf 10  0.761  1.049  1.296 6
0336 em 00  0.306  0.633  0.703 6
0336 cf 00  0.005  0.097  0.097 6
0336 pf 01 -0.293  0.713  0.771 7
0336 pf 02  1.061 -0.028  1.061 4
0336 pf 03  1.164  0.572  1.297 5
0336 pf 04  0.388 -0.305  0.493 4
0336 pf 05  0.028  0.537  0.538 6
0336 pf 06 -0.120  1.536  1.541 7
0336 pf 07 -0.453  0.756  0.881 7
0336 pf 08  0.717  0.836  1.101 6
0336 pf 09  0.071  0.869  0.872 6
0336 pf 10  0.768  1.251  1.468 6
0360 em 00  0.248  0.573  0.624 6
0360 cf 00  0.023 -0.065  0.069 3
0360 pf 01 -0.048  0.695  0.697 7
0360 pf 02  0.947 -0.259  0.982 4
0360 pf 03  1.168  0.664  1.343 5
0360 pf 04  0.486 -0.132  0.504 4
0360 pf 05 -0.230  0.424  0.482 7
0360 pf 06 -0.405  1.493  1.547 7
0360 pf 07 -0.281  0.624  0.685 7
0360 pf 08  0.622  0.710  0.944 6
0360 pf 09 -0.114  0.779  0.787 7
0360 pf 10  0.522  1.210  1.318 6
0384 em 00  0.089  0.495  0.503 6
0384 cf 00 -0.072 -0.089  0.115 2
0384 pf 01  0.003  0.770  0.770 6
0384 pf 02  0.633 -0.636  0.897 3
0384 pf 03  1.107  0.888  1.419 5
0384 pf 04  0.758 -0.054  0.760 4
0384 pf 05 -0.890  0.248  0.924 8
0384 pf 06 -0.759  1.308  1.513 7
0384 pf 07 -0.469  0.525  0.705 7
0384 pf 08  0.515  0.794  0.946 6
0384 pf 09 -0.188  0.490  0.525 7
0384 pf 10  0.322  1.025  1.074 6
0408 em 00  0.052  0.388  0.391 6
0408 cf 00 -0.031 -0.184  0.186 2
0408 pf 01  0.012  0.732  0.732 6
0408 pf 02  0.952 -0.570  1.109 4
0408 pf 03  1.162  1.067  1.577 5
0408 pf 04  1.113 -0.036  1.113 4
0408 pf 05 -0.969 -0.052  0.971 1
0408 pf 06 -1.154  1.235  1.690 7
0408 pf 07 -0.607  0.440  0.750 8
0408 pf 08  0.435  0.610  0.749 6
0408 pf 09 -0.448  0.028  0.449 8
0408 pf 10  0.068  0.818  0.821 6
0432 em 00  0.091  0.282  0.296 6
0432 cf 00  0.007 -0.227  0.227 3
0432 pf 01  0.101  0.608  0.617 6
0432 pf 02  1.158 -0.592  1.301 4
0432 pf 03  1.144  0.876  1.441 5
0432 pf 04  0.924  0.282  0.966 5
0432 pf 05 -0.860 -0.188  0.880 1
0432 pf 06 -1.357  1.150  1.778 8
0432 pf 07 -0.234  0.609  0.652 7
0432 pf 08  0.764  0.219  0.794 5
0432 pf 09 -0.410 -0.296  0.506 1
0432 pf 10 -0.284  0.496  0.571 7
0456 em 00  0.226  0.144  0.268 5
0456 cf 00  0.221 -0.458  0.509 3
0456 pf 01  0.090  0.537  0.545 6
0456 pf 02  1.264 -0.529  1.371 4
0456 pf 03  1.307  0.514  1.405 5
0456 pf 04  0.528  0.214  0.569 5
0456 pf 05 -0.624 -0.329  0.705 1
0456 pf 06 -0.985  1.266  1.604 7
0456 pf 07 -0.043  0.592  0.594 7
0456 pf 08  0.961  0.010  0.961 5
0456 pf 09  0.105 -0.374  0.388 3
0456 pf 10 -0.386  0.024  0.386 8
0480 em 00  0.230 -0.022  0.231 4
0480 cf 00  0.413 -0.500  0.648 3
0480 pf 01 -0.153  0.319  0.353 7
0480 pf 02  1.249 -0.183  1.262 4
0480 pf 03  1.281  0.181  1.294 5
0480 pf 04  0.359 -0.208  0.415 4
0480 pf 05 -0.609 -0.812  1.015 2
0480 pf 06 -0.624  1.387  1.521 7
0480 pf 07 -0.319  0.377  0.494 7
0480 pf 08  0.840 -0.139  0.852 4
0480 pf 09  0.571 -0.561  0.800 4
0480 pf 10 -0.527 -0.170  0.554 1
0504 em 00  0.285 -0.083  0.297 4
0504 cf 00  0.342 -0.308  0.460 4
0504 pf 01 -0.306  0.141  0.337 8
0504 pf 02  1.117 -0.027  1.118 4
0504 pf 03  1.590  0.059  1.591 5
0504 pf 04  0.618 -0.177  0.643 4
0504 pf 05 -0.444 -1.045  1.136 2
0504 pf 06 -0.853  1.445  1.678 7
0504 pf 07 -0.094  0.255  0.271 7
0504 pf 08  0.616 -0.234  0.659 4
0504 pf 09  0.863 -0.495  0.995 4
0504 pf 10 -0.350 -0.557  0.658 2
0528 em 00  0.366 -0.093  0.378 4
0528 cf 00  0.475  0.060  0.478 5
0528 pf 01 -0.235  0.275  0.361 7
0528 pf 02  0.917  0.384  0.995 5
0528 pf 03  1.887 -0.184  1.896 4
0528 pf 04  0.909 -0.226  0.937 4
0528 pf 05 -0.120 -1.365  1.371 2
0528 pf 06 -1.128  1.567  1.930 7
0528 pf 07 -0.358 -0.119  0.377 1
0528 pf 08  0.699 -0.080  0.704 4
0528 pf 09  0.829 -0.651  1.054 4
0528 pf 10  0.120 -0.696  0.707 3
0552 em 00  0.519 -0.043  0.521 4
0552 cf 00  0.662  0.302  0.727 5
0552 pf 01 -0.231  0.323  0.397 7
0552 pf 02  0.674  0.659  0.943 5
0552 pf 03  2.509 -0.261  2.523 4
0552 pf 04  0.740  0.053  0.742 5
0552 pf 05  0.488 -1.493  1.571 3
0552 pf 06 -1.302  1.443  1.944 7
0552 pf 07 -0.274 -0.262  0.379 1
0552 pf 08  0.877 -0.010  0.877 4
0552 pf 09  0.993 -0.615  1.168 4
0552 pf 10  0.489 -0.614  0.785 3
0576 em 00  0.603 -0.022  0.603 4
0576 cf 00  0.952  0.385  1.026 5
0576 pf 01 -0.161  0.323  0.361 7
0576 pf 02  0.472  0.893  1.010 6
0576 pf 03  3.045  0.021  3.045 5
0576 pf 04  0.475  0.066  0.480 5
0576 pf 05  0.699 -1.533  1.685 3
0576 pf 06 -1.234  0.849  1.498 8
0576 pf 07 -0.522 -0.180  0.552 1
0576 pf 08  0.754  0.016  0.754 5
0576 pf 09  1.189 -0.535  1.304 4
0576 pf 10  0.843 -0.551  1.007 4
0600 em 00  0.731  0.083  0.736 5
0600 cf 00  1.016  0.318  1.065 5
0600 pf 01  0.256  0.432  0.502 6
0600 pf 02  0.295  1.049  1.090 6
0600 pf 03  3.007  0.836  3.121 5
0600 pf 04  0.732  0.199  0.758 5
0600 pf 05  0.917 -1.272  1.568 3
0600 pf 06 -1.168  0.452  1.252 8
0600 pf 07 -0.383  0.089  0.394 8
0600 pf 08  0.972  0.188  0.990 5
0600 pf 09  1.212 -0.619  1.361 4
0600 pf 10  1.055 -0.761  1.301 4
0624 em 00  0.707  0.175  0.728 5
0624 cf 00  0.890  0.363  0.961 5
0624 pf 01  0.265  0.478  0.546 6
0624 pf 02  0.109  0.790  0.797 6
0624 pf 03  2.608  1.544  3.031 5
0624 pf 04  0.700 -0.093  0.706 4
0624 pf 05  0.912 -0.934  1.305 3
0624 pf 06 -1.108  0.242  1.134 8
0624 pf 07 -0.168  0.264  0.314 7
0624 pf 08  1.104  0.390  1.170 5
0624 pf 09  1.230 -0.589  1.364 4
0624 pf 10  1.090 -0.534  1.214 4
0648 em 00  0.732  0.250  0.773 5
0648 cf 00  0.820  0.508  0.964 5
0648 pf 01  0.316  0.350  0.472 6
0648 pf 02  0.372  0.934  1.005 6
0648 pf 03  2.311  1.816  2.939 5
0648 pf 04  0.723 -0.107  0.731 4
0648 pf 05  0.991 -0.558  1.137 4
0648 pf 06 -1.052  0.119  1.058 8
0648 pf 07  0.029  0.363  0.364 6
0648 pf 08  1.017  0.288  1.057 5
0648 pf 09  1.319 -0.535  1.423 4
0648 pf 10  1.011 -0.450  1.107 4
0672 em 00  0.735  0.362  0.819 5
0672 cf 00  0.800  0.796  1.129 5
0672 pf 01  0.225  0.596  0.637 6
0672 pf 02  0.740  0.746  1.050 6
0672 pf 03  2.076  2.113  2.962 6
0672 pf 04  0.772 -0.027  0.773 4
0672 pf 05  0.742 -0.021  0.742 4
0672 pf 06 -0.652  0.032  0.653 8
0672 pf 07  0.164  0.147  0.220 5
0672 pf 08  1.069  0.357  1.127 5
0672 pf 09  1.176 -0.489  1.273 4
0672 pf 10  0.778 -0.313  0.839 4
0696 em 00  0.766  0.455  0.891 5
0696 cf 00  0.885  0.920  1.277 6
0696 pf 01  0.245  0.714  0.755 6
0696 pf 02  0.870  0.299  0.919 5
0696 pf 03  1.394  2.113  2.531 6
0696 pf 04  0.522  0.106  0.533 5
0696 pf 05  0.719  0.428  0.837 5
0696 pf 06 -0.213  0.034  0.216 8
0696 pf 07  0.318  0.477  0.573 6
0696 pf 08  1.535  0.550  1.630 5
0696 pf 09  1.172 -0.294  1.208 4
0696 pf 10  0.792 -0.391  0.883 4
0720 em 00  0.703  0.594  0.921 5
0720 cf 00  0.914  1.002  1.356 6
0720 pf 01  0.211  0.628  0.662 6
0720 pf 02  1.089  0.071  1.091 5
0720 pf 03  0.560  2.481  2.544 6
0720 pf 04  0.435  0.348  0.557 5
0720 pf 05  0.540  0.911  1.059 6
0720 pf 06 -0.262  0.059  0.269 8
0720 pf 07  0.244  0.683  0.725 6
0720 pf 08  1.685  0.837  1.881 5
0720 pf 09  1.092 -0.128  1.099 4
0720 pf 10  1.086 -0.422  1.165 4
0744 em 00  0.730  0.596  0.943 5
0744 cf 00  0.627  0.911  1.106 6
0744 pf 01  0.101  0.200  0.224 6
0744 pf 02  1.339 -0.079  1.341 4
0744 pf 03 -0.016  2.219  2.219 7
0744 pf 04  0.524  0.264  0.587 5
0744 pf 05  0.437  1.428  1.494 6
0744 pf 06  0.256  0.255  0.361 5
0744 pf 07  0.321  0.821  0.881 6
0744 pf 08  1.640  0.973  1.907 5
0744 pf 09  1.431 -0.001  1.431 4
0744 pf 10  1.221 -0.499  1.319 4
0768 em 00  0.742  0.588  0.947 5
0768 cf 00  0.304  0.630  0.700 6
0768 pf 01 -0.330 -0.162  0.368 1
0768 pf 02  1.753 -0.071  1.754 4
0768 pf 03 -0.238  1.981  1.996 7
0768 pf 04  0.841  0.261  0.881 5
0768 pf 05  0.176  1.693  1.702 6
0768 pf 06  0.671  0.347  0.756 5
0768 pf 07  0.108  0.864  0.871 6
0768 pf 08  1.463  1.297  1.955 5
0768 pf 09  1.619  0.021  1.619 5
0768 pf 10  1.610 -0.474  1.678 4
0792 em 00  0.742  0.578  0.941 5
0792 cf 00 -0.104  0.070  0.125 8
0792 pf 01 -0.540 -0.138  0.557 1
0792 pf 02  1.933  0.411  1.976 5
0792 pf 03 -0.460  1.936  1.990 7
0792 pf 04  1.066  0.421  1.146 5
0792 pf 05 -0.176  1.382  1.393 7
0792 pf 06  0.843  0.286  0.890 5
0792 pf 07  0.291  0.716  0.773 6
0792 pf 08  1.501  1.422  2.067 5
0792 pf 09  1.710  0.110  1.713 5
0792 pf 10  1.898 -0.338  1.928 4
0816 em 00  0.648  0.610  0.890 5
0816 cf 00 -0.097  0.087  0.131 8
0816 pf 01 -0.619 -0.089  0.626 1
0816 pf 02  2.119  0.860  2.287 5
0816 pf 03 -0.721  1.759  1.901 7
0816 pf 04  1.034  0.414  1.114 5
0816 pf 05 -0.649  1.213  1.376 7
0816 pf 06  0.709  0.277  0.761 5
0816 pf 07  0.461  0.516  0.692 6
0816 pf 08  1.274  1.361  1.865 6
0816 pf 09  1.527  0.160  1.536 5
0816 pf 10  1.905  0.082  1.907 5
0840 em 00  0.540  0.655  0.849 6
0840 cf 00  0.230  0.034  0.233 5
0840 pf 01 -0.548 -0.276  0.613 1
0840 pf 02  2.063  1.227  2.400 5
0840 pf 03 -0.865  1.787  1.986 7
0840 pf 04  0.645  0.192  0.673 5
0840 pf 05 -0.911  1.055  1.394 7
0840 pf 06  0.407  0.139  0.430 5
0840 pf 07  0.864  0.517  1.007 5
0840 pf 08  0.980  1.423  1.728 6
0840 pf 09  1.279  0.345  1.324 5
0840 pf 10  1.630  0.690  1.770 5
0864 em 00  0.568  0.834  1.008 6
0864 cf 00  0.624  0.352  0.717 5
0864 pf 01 -0.360 -0.296  0.466 1
0864 pf 02  1.845  1.570  2.422 5
0864 pf 03 -1.029  1.955  2.209 7
0864 pf 04  0.250  0.105  0.271 5
0864 pf 05 -0.690  1.236  1.415 7
0864 pf 06  0.181  0.199  0.269 6
0864 pf 07  1.526  0.421  1.583 5
0864 pf 08  0.961  1.539  1.814 6
0864 pf 09  1.253  0.577  1.380 5
0864 pf 10  1.519  1.401  2.067 5
0888 em 00  0.596  0.969  1.138 6
0888 cf 00  0.803  0.621  1.015 5
0888 pf 01  0.025 -0.076  0.080 3
0888 pf 02  1.430  2.000  2.459 6
0888 pf 03 -0.680  2.168  2.272 7
0888 pf 04 -0.161 -0.029  0.164 1
0888 pf 05 -0.732  1.150  1.364 7
0888 pf 06  0.016  0.087  0.089 6
0888 pf 07  1.810  0.511  1.881 5
0888 pf 08  1.197  1.666  2.051 6
0888 pf 09  1.378  0.788  1.587 5
0888 pf 10  1.311  1.625  2.088 6
0912 em 00  0.547  1.017  1.155 6
0912 cf 00  0.873  1.006  1.332 6
0912 pf 01  0.207 -0.127  0.242 4
0912 pf 02  1.158  2.491  2.747 6
0912 pf 03 -0.566  2.262  2.332 7
0912 pf 04 -0.229 -0.005  0.229 1
0912 pf 05 -1.093  0.800  1.355 8
0912 pf 06  0.140 -0.071  0.157 4
0912 pf 07  1.920  0.515  1.988 5
0912 pf 08  1.274  1.544  2.002 6
0912 pf 09  1.000  1.013  1.424 6
0912 pf 10  1.163  1.589  1.969 6
0936 em 00  0.539  1.060  1.189 6
0936 cf 00  1.118  1.248  1.676 6
0936 pf 01  0.268 -0.150  0.307 4
0936 pf 02  1.019  2.897  3.071 6
0936 pf 03 -0.599  2.242  2.321 7
0936 pf 04 -0.388 -0.303  0.492 1
0936 pf 05 -1.103  0.373  1.164 8
0936 pf 06  0.002 -0.236  0.236 3
0936 pf 07  2.376  1.009  2.582 5
0936 pf 08  1.123  1.452  1.836 6
0936 pf 09  1.015  1.274  1.629 6
0936 pf 10  0.933  1.641  1.888 6
0960 em 00  0.526  1.122  1.240 6
0960 cf 00  1.289  1.202  1.762 5
0960 pf 01  0.269 -0.168  0.317 4
0960 pf 02  0.773  3.251  3.341 6
0960 pf 03 -0.815  2.098  2.251 7
0960 pf 04 -0.483 -0.411  0.634 1
0960 pf 05 -0.672  0.288  0.731 8
0960 pf 06 -0.202 -0.435  0.480 2
0960 pf 07  2.569  1.216  2.843 5
0960 pf 08  0.988  1.443  1.749 6
0960 pf 09  1.369  1.704  2.186 6
0960 pf 10  0.559  1.962  2.040 6
0984 em 00  0.501  1.172  1.275 6
0984 cf 00  1.263  0.882  1.540 5
0984 pf 01  0.127  0.117  0.173 5
0984 pf 02  0.408  3.494  3.518 6
0984 pf 03 -0.841  1.836  2.019 7
0984 pf 04 -0.297 -0.300  0.422 2
0984 pf 05 -0.326  0.131  0.352 8
0984 pf 06 -0.274 -0.933  0.973 2
0984 pf 07  2.679  1.581  3.111 5
0984 pf 08  0.836  1.477  1.697 6
0984 pf 09  1.501  2.218  2.678 6
0984 pf 10  0.308  2.192  2.213 6
1008 em 00  0.480  1.194  1.287 6
1008 cf 00  1.089  0.671  1.279 5
1008 pf 01  0.287  0.322  0.431 6
1008 pf 02 -0.160  3.302  3.306 7
1008 pf 03 -0.912  1.557  1.805 7
1008 pf 04  0.250 -0.115  0.275 4
1008 pf 05 -0.068 -0.104  0.124 2
1008 pf 06 -0.241 -1.112  1.138 2
1008 pf 07  2.772  2.086  3.469 5
1008 pf 08  0.723  1.712  1.858 6
1008 pf 09  1.357  2.684  3.007 6
1008 pf 10  0.093  1.938  1.940 6
1032 em 00  0.370  1.179  1.236 6
1032 cf 00  0.763  0.559  0.945 5
1032 pf 01  0.452  0.306  0.546 5
1032 pf 02 -0.373  2.855  2.879 7
1032 pf 03 -0.891  1.409  1.667 7
1032 pf 04  0.599 -0.196  0.631 4
1032 pf 05 -0.407 -0.497  0.643 2
1032 pf 06 -0.120 -0.962  0.970 2
1032 pf 07  2.554  2.641  3.674 6
1032 pf 08  0.577  2.029  2.109 6
1032 pf 09  1.062  2.924  3.111 6
1032 pf 10 -0.183  1.736  1.745 7
1056 em 00  0.304  1.205  1.242 6
1056 cf 00  0.524  0.316  0.612 5
1056 pf 01  0.499  0.522  0.722 6
1056 pf 02 -0.518  2.581  2.633 7
1056 pf 03 -1.122  1.390  1.786 7
1056 pf 04  0.904 -0.471  1.019 4
1056 pf 05 -0.583 -1.040  1.192 2
1056 pf 06  0.315 -0.728  0.793 3
1056 pf 07  2.294  3.061  3.825 6
1056 pf 08  0.375  2.415  2.444 6
1056 pf 09  0.697  3.404  3.475 6
1056 pf 10 -0.036  1.638  1.639 7
1080 em 00  0.204  1.151  1.169 6
1080 cf 00  0.201 -0.027  0.203 4
1080 pf 01  0.105  0.652  0.660 6
1080 pf 02 -0.585  2.191  2.268 7
1080 pf 03 -1.343  1.441  1.970 7
1080 pf 04  1.254 -0.723  1.447 4
1080 pf 05 -0.310 -1.452  1.485 2
1080 pf 06  0.726 -0.794  1.075 3
1080 pf 07  1.745  3.395  3.817 6
1080 pf 08  0.451  2.653  2.692 6
1080 pf 09  0.119  3.692  3.694 6
1080 pf 10 -0.081  1.512  1.514 7
1104 em 00  0.122  1.197  1.203 6
1104 cf 00  0.104 -0.259  0.279 3
1104 pf 01  0.230  0.901  0.930 6
1104 pf 02 -0.584  1.895  1.983 7
1104 pf 03 -1.322  1.564  2.048 7
1104 pf 04  1.283 -0.563  1.401 4
1104 pf 05 -0.023 -1.785  1.786 2
1104 pf 06  0.958 -0.595  1.128 4
1104 pf 07  1.003  3.539  3.679 6
1104 pf 08  0.288  3.031  3.044 6
1104 pf 09 -0.351  3.999  4.015 7
1104 pf 10 -0.200  1.339  1.353 7
