ecmf prod rf 2001061500 20170615 11 046
0024 em 00  0.528  0.194  0.562 5
0024 cf 00  0.525  0.201  0.562 5
0024 pf 01  0.484  0.179  0.516 5
0024 pf 02  0.546  0.067  0.550 5
0024 pf 03  0.632  0.076  0.637 5
0024 pf 04  0.515  0.345  0.620 5
0024 pf 05  0.551  0.349  0.652 5
0024 pf 06  0.484  0.136  0.503 5
0024 pf 07  0.576  0.144  0.594 5
0024 pf 08  0.563  0.330  0.652 5
0024 pf 09  0.560  0.227  0.604 5
0024 pf 10  0.523  0.153  0.545 5
0048 em 00  0.511  0.111  0.523 5
0048 cf 00  0.581  0.067  0.584 5
0048 pf 01  0.571  0.124  0.584 5
0048 pf 02  0.580 -0.098  0.589 4
0048 pf 03  0.648  0.062  0.651 5
0048 pf 04  0.517  0.186  0.550 5
0048 pf 05  0.537  0.298  0.614 5
0048 pf 06  0.350  0.109  0.366 5
0048 pf 07  0.572  0.081  0.578 5
0048 pf 08  0.433  0.253  0.501 5
0048 pf 09  0.523  0.211  0.564 5
0048 pf 10  0.433  0.028  0.434 5
0072 em 00  0.485 -0.079  0.491 4
0072 cf 00  0.576 -0.100  0.585 4
0072 pf 01  0.559 -0.163  0.582 4
0072 pf 02  0.686 -0.270  0.737 4
0072 pf 03  0.632 -0.003  0.632 4
0072 pf 04  0.332  0.069  0.339 5
0072 pf 05  0.330  0.032  0.332 5
0072 pf 06  0.345 -0.060  0.350 4
0072 pf 07  0.582 -0.050  0.584 4
0072 pf 08  0.427  0.031  0.428 5
0072 pf 09  0.418  0.089  0.427 5
0072 pf 10  0.520 -0.304  0.602 4
0096 em 00  0.328 -0.110  0.346 4
0096 cf 00  0.384 -0.266  0.468 4
0096 pf 01  0.520 -0.226  0.567 4
0096 pf 02  0.604 -0.129  0.618 4
0096 pf 03  0.340  0.291  0.448 5
0096 pf 04  0.262 -0.056  0.268 4
0096 pf 05  0.173 -0.136  0.220 4
0096 pf 06  0.134 -0.076  0.155 4
0096 pf 07  0.420 -0.065  0.425 4
0096 pf 08  0.152 -0.018  0.153 4
0096 pf 09  0.350  0.062  0.356 5
0096 pf 10  0.300 -0.450  0.541 3
0120 em 00  0.396 -0.084  0.404 4
0120 cf 00  0.522 -0.222  0.567 4
0120 pf 01  0.710 -0.216  0.742 4
0120 pf 02  0.587  0.063  0.590 5
0120 pf 03  0.394  0.343  0.523 5
0120 pf 04  0.356  0.113  0.373 5
0120 pf 05  0.240 -0.232  0.334 4
0120 pf 06  0.188 -0.079  0.204 4
0120 pf 07  0.363  0.189  0.409 5
0120 pf 08  0.192 -0.269  0.330 3
0120 pf 09  0.392 -0.046  0.395 4
0120 pf 10  0.445 -0.418  0.610 4
0144 em 00  0.476 -0.096  0.485 4
0144 cf 00  0.711 -0.251  0.754 4
0144 pf 01  0.722  0.048  0.724 5
0144 pf 02  0.638 -0.020  0.639 4
0144 pf 03  0.600  0.346  0.692 5
0144 pf 04  0.399 -0.304  0.502 4
0144 pf 05  0.538 -0.156  0.560 4
0144 pf 06  0.196 -0.159  0.252 4
0144 pf 07  0.261  0.397  0.475 6
0144 pf 08  0.342 -0.382  0.513 3
0144 pf 09  0.296 -0.116  0.318 4
0144 pf 10  0.568 -0.326  0.655 4
0168 em 00  0.541 -0.095  0.550 4
0168 cf 00  0.758 -0.332  0.828 4
0168 pf 01  0.534  0.207  0.573 5
0168 pf 02  0.689 -0.032  0.690 4
0168 pf 03  0.678  0.088  0.684 5
0168 pf 04  0.468 -0.297  0.555 4
0168 pf 05  0.707 -0.252  0.750 4
0168 pf 06  0.304  0.004  0.305 5
0168 pf 07  0.316  0.626  0.701 6
0168 pf 08  0.551 -0.540  0.772 4
0168 pf 09  0.233 -0.361  0.430 3
0168 pf 10  0.750 -0.022  0.751 4
0192 em 00  0.486 -0.069  0.491 4
0192 cf 00  0.555 -0.383  0.674 4
0192 pf 01  0.363  0.177  0.404 5
0192 pf 02  0.839  0.101  0.845 5
0192 pf 03  0.472 -0.058  0.476 4
0192 pf 04  0.514 -0.431  0.670 4
0192 pf 05  0.570 -0.297  0.643 4
0192 pf 06  0.317  0.103  0.333 5
0192 pf 07  0.280  0.803  0.850 6
0192 pf 08  0.752 -0.587  0.954 4
0192 pf 09  0.095 -0.291  0.306 3
0192 pf 10  0.638  0.240  0.682 5
0216 em 00  0.382  0.110  0.398 5
0216 cf 00  0.378 -0.189  0.422 4
0216 pf 01  0.098  0.518  0.527 6
0216 pf 02  0.611  0.177  0.637 5
0216 pf 03  0.548  0.106  0.558 5
0216 pf 04  0.699 -0.145  0.713 4
0216 pf 05  0.268  0.026  0.269 5
0216 pf 06  0.277  0.137  0.309 5
0216 pf 07  0.231  1.116  1.140 6
0216 pf 08  0.886 -0.363  0.958 4
0216 pf 09 -0.189 -0.325  0.376 2
0216 pf 10  0.441  0.314  0.541 5
0240 em 00  0.398  0.310  0.504 5
0240 cf 00  0.484  0.038  0.485 5
0240 pf 01  0.317  0.969  1.020 6
0240 pf 02  0.621  0.338  0.707 5
0240 pf 03  0.416  0.452  0.614 6
0240 pf 04  0.614  0.311  0.688 5
0240 pf 05  0.409  0.180  0.446 5
0240 pf 06  0.235  0.055  0.241 5
0240 pf 07  0.237  1.108  1.133 6
0240 pf 08  0.848 -0.058  0.850 4
0240 pf 09 -0.151 -0.135  0.202 1
0240 pf 10  0.384  0.309  0.493 5
0264 em 00  0.457  0.355  0.579 5
0264 cf 00  0.498  0.179  0.530 5
0264 pf 01  0.349  0.874  0.941 6
0264 pf 02  0.524  0.355  0.633 5
0264 pf 03  0.531  0.517  0.741 5
0264 pf 04  0.626  0.461  0.777 5
0264 pf 05  0.957  0.267  0.994 5
0264 pf 06  0.167 -0.159  0.230 4
0264 pf 07  0.182  0.955  0.972 6
0264 pf 08  0.519  0.209  0.560 5
0264 pf 09  0.169  0.018  0.170 5
0264 pf 10  0.505  0.396  0.641 5
0288 em 00  0.464  0.396  0.611 5
0288 cf 00  0.412  0.330  0.528 5
0288 pf 01  0.245  0.678  0.721 6
0288 pf 02  0.291  0.600  0.667 6
0288 pf 03  0.478  0.727  0.870 6
0288 pf 04  0.855  0.713  1.113 5
0288 pf 05  1.150  0.442  1.232 5
0288 pf 06  0.224 -0.149  0.269 4
0288 pf 07  0.166  0.695  0.714 6
0288 pf 08  0.253  0.273  0.372 6
0288 pf 09  0.202 -0.137  0.244 4
0288 pf 10  0.786  0.367  0.868 5
0312 em 00  0.414  0.429  0.596 6
0312 cf 00  0.257  0.512  0.573 6
0312 pf 01  0.123  0.624  0.636 6
0312 pf 02 -0.001  0.956  0.956 7
0312 pf 03  0.336  0.139  0.363 5
0312 pf 04  0.673  1.087  1.278 6
0312 pf 05  1.137  0.729  1.351 5
0312 pf 06  0.390 -0.071  0.396 4
0312 pf 07  0.061  0.330  0.336 6
0312 pf 08  0.116  0.378  0.395 6
0312 pf 09  0.286 -0.420  0.508 3
0312 pf 10  1.075  0.628  1.245 5
0336 em 00  0.420  0.479  0.637 6
0336 cf 00  0.260  0.661  0.711 6
0336 pf 01  0.379  0.213  0.435 5
0336 pf 02  0.018  0.981  0.981 6
0336 pf 03  0.073 -0.089  0.116 3
0336 pf 04  0.482  0.979  1.091 6
0336 pf 05  1.176  1.021  1.558 5
0336 pf 06  0.550  0.094  0.558 5
0336 pf 07  0.006  0.380  0.380 6
0336 pf 08  0.015  0.490  0.490 6
0336 pf 09  0.509 -0.113  0.521 4
0336 pf 10  1.018  0.799  1.294 5
0360 em 00  0.370  0.475  0.602 6
0360 cf 00  0.221  0.578  0.619 6
0360 pf 01  0.235 -0.043  0.239 4
0360 pf 02 -0.084  0.902  0.906 7
0360 pf 03  0.258 -0.371  0.452 3
0360 pf 04  0.653  1.121  1.297 6
0360 pf 05  0.944  1.054  1.415 6
0360 pf 06  0.776  0.157  0.792 5
0360 pf 07 -0.025  0.633  0.634 7
0360 pf 08 -0.136  0.452  0.472 7
0360 pf 09  0.398  0.150  0.425 5
0360 pf 10  0.676  0.723  0.989 6
0384 em 00  0.289  0.443  0.529 6
0384 cf 00  0.076  0.512  0.518 6
0384 pf 01  0.055 -0.149  0.159 3
0384 pf 02 -0.058  0.970  0.972 7
0384 pf 03  0.650 -0.212  0.683 4
0384 pf 04  0.358  0.909  0.977 6
0384 pf 05  0.620  0.850  1.052 6
0384 pf 06  1.255  0.342  1.301 5
0384 pf 07 -0.100  0.654  0.661 7
0384 pf 08 -0.552  0.339  0.648 8
0384 pf 09  0.331  0.001  0.331 5
0384 pf 10  0.370  0.763  0.848 6
0408 em 00  0.313  0.476  0.570 6
0408 cf 00 -0.057  0.352  0.357 7
0408 pf 01  0.309 -0.031  0.311 4
0408 pf 02 -0.018  0.911  0.911 7
0408 pf 03  0.996  0.091  1.000 5
0408 pf 04  0.120  0.994  1.001 6
0408 pf 05  0.460  0.760  0.888 6
0408 pf 06  1.401  0.615  1.530 5
0408 pf 07 -0.074  0.511  0.516 7
0408 pf 08 -0.757  0.284  0.809 8
0408 pf 09  0.373 -0.326  0.496 4
0408 pf 10  0.506  1.148  1.255 6
0432 em 00  0.391  0.720  0.819 6
0432 cf 00 -0.121  0.452  0.468 7
0432 pf 01  0.505  0.028  0.506 5
0432 pf 02  0.063  1.318  1.319 6
0432 pf 03  0.998  0.655  1.194 5
0432 pf 04 -0.099  1.104  1.109 7
0432 pf 05  0.383  1.049  1.116 6
0432 pf 06  1.743  0.940  1.980 5
0432 pf 07  0.273  0.766  0.813 6
0432 pf 08 -0.619  0.223  0.658 8
0432 pf 09  0.551  0.035  0.552 5
0432 pf 10  0.440  1.367  1.436 6
0456 em 00  0.371  0.888  0.962 6
0456 cf 00 -0.397  0.590  0.712 7
0456 pf 01  0.664  0.382  0.766 5
0456 pf 02 -0.020  1.472  1.472 7
0456 pf 03  0.902  0.782  1.194 5
0456 pf 04 -0.256  1.171  1.198 7
0456 pf 05  0.626  1.345  1.483 6
0456 pf 06  1.488  1.090  1.845 5
0456 pf 07  0.386  0.853  0.936 6
0456 pf 08 -0.640  0.207  0.673 8
0456 pf 09  0.863  0.243  0.897 5
0456 pf 10  0.307  1.624  1.653 6
0480 em 00  0.379  1.043  1.110 6
0480 cf 00 -0.375  0.545  0.662 7
0480 pf 01  0.744  0.712  1.030 5
0480 pf 02 -0.094  1.669  1.672 7
0480 pf 03  0.861  0.751  1.142 5
0480 pf 04 -0.104  1.120  1.125 7
0480 pf 05  0.496  1.467  1.549 6
0480 pf 06  1.314  1.420  1.935 6
0480 pf 07  0.518  0.910  1.047 6
0480 pf 08 -0.733  0.424  0.847 8
0480 pf 09  0.917  0.409  1.004 5
0480 pf 10  0.512  2.006  2.071 6
0504 em 00  0.406  1.140  1.210 6
0504 cf 00 -0.504  0.531  0.732 7
0504 pf 01  0.661  1.179  1.352 6
0504 pf 02  0.075  1.449  1.451 6
0504 pf 03  0.657  1.213  1.380 6
0504 pf 04 -0.075  0.816  0.820 7
0504 pf 05  0.672  1.362  1.519 6
0504 pf 06  1.281  1.707  2.134 6
0504 pf 07  0.482  0.872  0.996 6
0504 pf 08 -0.145  0.710  0.725 7
0504 pf 09  0.610  0.467  0.768 5
0504 pf 10  0.684  2.180  2.285 6
0528 em 00  0.491  1.094  1.199 6
0528 cf 00 -0.405  0.409  0.576 7
0528 pf 01  0.525  0.969  1.102 6
0528 pf 02  0.146  1.242  1.250 6
0528 pf 03  0.868  1.479  1.715 6
0528 pf 04 -0.126  0.385  0.405 7
0528 pf 05  0.519  0.872  1.015 6
0528 pf 06  1.014  1.787  2.055 6
0528 pf 07  0.804  1.153  1.406 6
0528 pf 08  0.538  0.654  0.846 6
0528 pf 09  0.725  0.647  0.971 5
0528 pf 10  0.730  2.382  2.491 6
0552 em 00  0.522  0.999  1.127 6
0552 cf 00 -0.105  0.230  0.252 7
0552 pf 01  0.118  1.117  1.123 6
0552 pf 02  0.283  1.160  1.194 6
0552 pf 03  0.789  1.394  1.602 6
0552 pf 04 -0.073 -0.039  0.083 1
0552 pf 05  0.374  0.834  0.914 6
0552 pf 06  0.694  1.688  1.825 6
0552 pf 07  0.987  0.900  1.336 5
0552 pf 08  0.714  0.582  0.921 5
0552 pf 09  1.182  0.987  1.540 5
0552 pf 10  0.730  2.063  2.188 6
0576 em 00  0.391  0.951  1.028 6
0576 cf 00  0.034  0.097  0.103 6
0576 pf 01 -0.248  1.172  1.198 7
0576 pf 02  0.257  1.121  1.150 6
0576 pf 03  0.412  1.585  1.638 6
0576 pf 04 -0.108 -0.273  0.294 2
0576 pf 05  0.342  0.868  0.933 6
0576 pf 06  0.439  1.518  1.580 6
0576 pf 07  1.010  0.725  1.243 5
0576 pf 08  0.517  0.434  0.675 5
0576 pf 09  1.196  1.344  1.799 6
0576 pf 10  0.431  1.764  1.815 6
0600 em 00  0.260  1.020  1.052 6
0600 cf 00  0.072  0.068  0.099 5
0600 pf 01 -0.365  1.021  1.084 7
0600 pf 02  0.349  1.397  1.440 6
0600 pf 03  0.100  1.785  1.787 6
0600 pf 04 -0.091 -0.161  0.184 2
0600 pf 05  0.306  1.070  1.113 6
0600 pf 06  0.087  1.247  1.250 6
0600 pf 07  0.941  0.982  1.360 6
0600 pf 08  0.227  0.257  0.343 6
0600 pf 09  1.119  1.763  2.089 6
0600 pf 10  0.105  1.629  1.632 6
0624 em 00  0.202  1.100  1.118 6
0624 cf 00  0.140 -0.174  0.223 3
0624 pf 01 -0.404  0.892  0.979 7
0624 pf 02  0.407  1.531  1.584 6
0624 pf 03  0.176  1.617  1.627 6
0624 pf 04  0.057 -0.089  0.106 3
0624 pf 05  0.292  1.591  1.618 6
0624 pf 06 -0.294  1.025  1.067 7
0624 pf 07  0.701  1.425  1.588 6
0624 pf 08  0.355  0.495  0.609 6
0624 pf 09  1.096  2.084  2.354 6
0624 pf 10 -0.301  1.537  1.566 7
0648 em 00  0.145  1.137  1.146 6
0648 cf 00  0.006 -0.126  0.126 3
0648 pf 01 -0.485  0.667  0.825 7
0648 pf 02  0.434  1.631  1.688 6
0648 pf 03  0.027  1.500  1.501 6
0648 pf 04  0.430  0.044  0.432 5
0648 pf 05 -0.101  1.793  1.796 7
0648 pf 06 -0.408  0.824  0.919 7
0648 pf 07  0.478  1.618  1.687 6
0648 pf 08  0.820  0.734  1.101 5
0648 pf 09  1.039  1.817  2.093 6
0648 pf 10 -0.636  1.868  1.974 7
0672 em 00  0.026  1.226  1.226 6
0672 cf 00  0.147  0.050  0.155 5
0672 pf 01 -0.538  0.708  0.890 7
0672 pf 02  0.269  1.815  1.834 6
0672 pf 03 -0.146  1.455  1.462 7
0672 pf 04  0.544  0.312  0.626 5
0672 pf 05 -0.511  1.918  1.985 7
0672 pf 06 -0.532  0.991  1.125 7
0672 pf 07  0.333  1.851  1.881 6
0672 pf 08  1.121  1.128  1.590 6
0672 pf 09  0.503  1.587  1.665 6
0672 pf 10 -0.859  1.557  1.778 7
0696 em 00 -0.027  1.171  1.171 7
0696 cf 00  0.426  0.166  0.457 5
0696 pf 01 -0.441  0.645  0.781 7
0696 pf 02  0.161  1.586  1.594 6
0696 pf 03 -0.339  1.459  1.498 7
0696 pf 04  0.492  0.389  0.628 5
0696 pf 05 -0.624  1.612  1.728 7
0696 pf 06 -0.555  0.868  1.031 7
0696 pf 07  0.209  1.830  1.842 6
0696 pf 08  0.998  1.377  1.701 6
0696 pf 09  0.293  1.601  1.628 6
0696 pf 10 -0.879  1.280  1.553 7
0720 em 00 -0.023  1.121  1.121 7
0720 cf 00  0.554  0.380  0.671 5
0720 pf 01 -0.207  0.501  0.542 7
0720 pf 02 -0.272  1.432  1.457 7
0720 pf 03 -0.170  1.189  1.201 7
0720 pf 04  0.475  0.523  0.707 6
0720 pf 05 -0.797  1.585  1.774 7
0720 pf 06 -0.387  0.890  0.971 7
0720 pf 07 -0.087  1.746  1.749 7
0720 pf 08  0.917  1.444  1.710 6
0720 pf 09  0.464  1.750  1.811 6
0720 pf 10 -0.743  0.848  1.127 7
0744 em 00 -0.033  1.058  1.058 7
0744 cf 00  0.508  0.479  0.698 5
0744 pf 01  0.126  0.635  0.648 6
0744 pf 02 -0.285  1.219  1.252 7
0744 pf 03 -0.437  1.275  1.348 7
0744 pf 04  0.669  0.552  0.868 5
0744 pf 05 -1.036  1.453  1.785 7
0744 pf 06 -0.492  0.671  0.831 7
0744 pf 07 -0.404  1.674  1.722 7
0744 pf 08  0.975  1.598  1.872 6
0744 pf 09  0.706  1.756  1.893 6
0744 pf 10 -0.699  0.292  0.758 8
0768 em 00 -0.010  1.005  1.005 7
0768 cf 00  0.498  0.406  0.642 5
0768 pf 01  0.376  0.356  0.517 5
0768 pf 02 -0.276  1.223  1.253 7
0768 pf 03 -0.652  1.341  1.491 7
0768 pf 04  0.433  0.598  0.738 6
0768 pf 05 -1.021  0.962  1.403 8
0768 pf 06 -0.532  0.762  0.929 7
0768 pf 07 -0.120  1.898  1.901 7
0768 pf 08  1.068  1.676  1.987 6
0768 pf 09  0.631  1.936  2.036 6
0768 pf 10 -0.526 -0.134  0.543 1
0792 em 00 -0.026  0.924  0.924 7
0792 cf 00  0.505  0.398  0.643 5
0792 pf 01  0.460  0.207  0.504 5
0792 pf 02 -0.373  0.997  1.065 7
0792 pf 03 -0.759  1.150  1.377 7
0792 pf 04  0.100  0.340  0.355 6
0792 pf 05 -0.981  0.576  1.137 8
0792 pf 06 -0.403  0.904  0.990 7
0792 pf 07 -0.005  1.907  1.907 7
0792 pf 08  1.156  2.145  2.437 6
0792 pf 09  0.193  1.858  1.868 6
0792 pf 10 -0.213 -0.350  0.409 2
0816 em 00 -0.040  0.861  0.862 7
0816 cf 00  0.243  0.125  0.273 5
0816 pf 01  0.518  0.311  0.605 5
0816 pf 02 -0.234  0.852  0.883 7
0816 pf 03 -0.861  0.934  1.270 7
0816 pf 04 -0.258  0.208  0.331 8
0816 pf 05 -0.968  0.446  1.066 8
0816 pf 06 -0.290  0.593  0.660 7
0816 pf 07  0.265  1.771  1.791 6
0816 pf 08  1.078  2.616  2.829 6
0816 pf 09 -0.060  1.915  1.916 7
0816 pf 10  0.067 -0.329  0.335 3
0840 em 00 -0.098  0.878  0.883 7
0840 cf 00 -0.295 -0.052  0.299 1
0840 pf 01  0.513  0.277  0.583 5
0840 pf 02 -0.025  0.829  0.829 7
0840 pf 03 -0.958  0.703  1.188 8
0840 pf 04 -0.452  0.249  0.516 8
0840 pf 05 -0.713  0.514  0.879 8
0840 pf 06 -0.440  0.369  0.575 8
0840 pf 07  0.221  2.038  2.050 6
0840 pf 08  1.024  3.040  3.208 6
0840 pf 09 -0.285  2.166  2.185 7
0840 pf 10  0.261 -0.507  0.570 3
0864 em 00 -0.183  0.860  0.879 7
0864 cf 00 -0.436 -0.014  0.437 1
0864 pf 01  0.565  0.363  0.672 5
0864 pf 02  0.326  0.791  0.855 6
0864 pf 03 -1.135  0.551  1.262 8
0864 pf 04 -0.817  0.267  0.859 8
0864 pf 05 -0.602  0.225  0.643 8
0864 pf 06 -0.650  0.425  0.777 8
0864 pf 07  0.300  2.184  2.204 6
0864 pf 08  0.708  2.923  3.007 6
0864 pf 09 -0.417  1.878  1.923 7
0864 pf 10  0.110 -0.166  0.199 3
0888 em 00 -0.128  0.770  0.781 7
0888 cf 00 -0.160  0.100  0.188 8
0888 pf 01  0.454  0.167  0.483 5
0888 pf 02  0.157  0.799  0.814 6
0888 pf 03 -0.990  0.394  1.066 8
0888 pf 04 -0.848  0.184  0.868 8
0888 pf 05 -0.109  0.064  0.126 8
0888 pf 06 -0.473  0.374  0.603 8
0888 pf 07  0.261  1.771  1.790 6
0888 pf 08  0.361  2.983  3.005 6
0888 pf 09 -0.319  1.446  1.481 7
0888 pf 10  0.227  0.172  0.285 5
0912 em 00 -0.123  0.717  0.727 7
0912 cf 00  0.189  0.192  0.270 6
0912 pf 01  0.253  0.485  0.547 6
0912 pf 02 -0.038  0.987  0.988 7
0912 pf 03 -1.158  0.418  1.231 8
0912 pf 04 -0.807 -0.058  0.809 1
0912 pf 05  0.047  0.067  0.082 6
0912 pf 06 -0.256  0.286  0.384 7
0912 pf 07 -0.154  1.445  1.453 7
0912 pf 08  0.112  2.606  2.609 6
0912 pf 09 -0.081  1.153  1.155 7
0912 pf 10  0.520  0.268  0.585 5
0936 em 00 -0.165  0.790  0.807 7
0936 cf 00  0.190  0.361  0.408 6
0936 pf 01  0.161  0.893  0.907 6
0936 pf 02  0.208  0.978  1.000 6
0936 pf 03 -1.150  0.274  1.183 8
0936 pf 04 -1.020 -0.114  1.026 1
0936 pf 05  0.195  0.205  0.283 6
0936 pf 06 -0.418  0.695  0.811 7
0936 pf 07 -0.322  1.688  1.718 7
0936 pf 08 -0.276  2.600  2.614 7
0936 pf 09  0.213  1.003  1.025 6
0936 pf 10  0.389  0.067  0.394 5
0960 em 00 -0.203  0.806  0.831 7
0960 cf 00  0.392  0.601  0.717 6
0960 pf 01  0.144  0.925  0.936 6
0960 pf 02  0.423  0.752  0.863 6
0960 pf 03 -0.914  0.362  0.983 8
0960 pf 04 -1.260 -0.348  1.307 1
0960 pf 05  0.138  0.109  0.175 5
0960 pf 06 -0.540  0.691  0.877 7
0960 pf 07 -0.264  1.540  1.562 7
0960 pf 08 -0.806  2.813  2.926 7
0960 pf 09  0.402  1.078  1.151 6
0960 pf 10  0.053  0.294  0.299 6
0984 em 00 -0.218  0.823  0.852 7
0984 cf 00  0.445  0.712  0.839 6
0984 pf 01  0.152  0.727  0.743 6
0984 pf 02  0.270  0.753  0.800 6
0984 pf 03 -0.910  0.326  0.967 8
0984 pf 04 -1.194 -0.396  1.258 1
0984 pf 05  0.138 -0.055  0.148 4
0984 pf 06 -0.534  1.097  1.220 7
0984 pf 07 -0.132  1.492  1.498 7
0984 pf 08 -1.018  2.568  2.763 7
0984 pf 09  0.585  1.143  1.284 6
0984 pf 10 -0.196  0.652  0.681 7
1008 em 00 -0.196  0.807  0.831 7
1008 cf 00  0.495  0.613  0.788 6
1008 pf 01  0.109  0.368  0.384 6
1008 pf 02  0.419  0.657  0.779 6
1008 pf 03 -0.812  0.111  0.819 8
1008 pf 04 -0.880 -0.275  0.922 1
1008 pf 05  0.103  0.339  0.354 6
1008 pf 06 -0.575  1.666  1.762 7
1008 pf 07  0.024  1.200  1.200 6
1008 pf 08 -1.189  1.995  2.322 7
1008 pf 09  0.314  1.287  1.325 6
1008 pf 10 -0.194  0.840  0.862 7
1032 em 00 -0.205  0.856  0.880 7
1032 cf 00  0.475  0.529  0.711 6
1032 pf 01  0.168  0.079  0.186 5
1032 pf 02  0.675  0.870  1.101 6
1032 pf 03 -0.550  0.248  0.603 8
1032 pf 04 -0.756 -0.255  0.798 1
1032 pf 05 -0.072  0.599  0.604 7
1032 pf 06 -0.816  2.111  2.264 7
1032 pf 07 -0.209  0.815  0.841 7
1032 pf 08 -1.285  1.627  2.073 7
1032 pf 09  0.307  1.820  1.846 6
1032 pf 10 -0.225  0.871  0.899 7
1056 em 00 -0.140  0.876  0.887 7
1056 cf 00  0.290  0.538  0.612 6
1056 pf 01  0.193  0.027  0.195 5
1056 pf 02  0.712  1.340  1.517 6
1056 pf 03  0.042  0.474  0.475 6
1056 pf 04 -0.584 -0.576  0.821 1
1056 pf 05 -0.257  0.722  0.766 7
1056 pf 06 -0.814  2.096  2.249 7
1056 pf 07 -0.021  0.849  0.849 7
1056 pf 08 -1.295  1.185  1.756 8
1056 pf 09  0.351  2.308  2.334 6
1056 pf 10 -0.186  0.576  0.606 7
1080 em 00 -0.123  0.831  0.841 7
1080 cf 00  0.182  0.550  0.580 6
1080 pf 01  0.169 -0.145  0.223 4
1080 pf 02  0.400  1.229  1.293 6
1080 pf 03  0.370  0.445  0.579 6
1080 pf 04 -0.503 -0.746  0.900 2
1080 pf 05 -0.418  0.907  0.999 7
1080 pf 06 -0.909  2.002  2.199 7
1080 pf 07  0.138  1.201  1.209 6
1080 pf 08 -1.042  0.992  1.439 8
1080 pf 09  0.247  2.382  2.395 6
1080 pf 10 -0.038  0.188  0.191 7
1104 em 00 -0.177  0.757  0.777 7
1104 cf 00  0.133  0.421  0.442 6
1104 pf 01  0.160  0.036  0.164 5
1104 pf 02 -0.015  1.168  1.168 7
1104 pf 03  0.388  0.364  0.532 5
1104 pf 04 -0.411 -0.783  0.884 2
1104 pf 05 -0.796  0.795  1.125 7
1104 pf 06 -0.891  1.817  2.024 7
1104 pf 07 -0.025  1.558  1.558 7
1104 pf 08 -0.715  0.655  0.970 8
1104 pf 09  0.095  2.243  2.245 6
1104 pf 10  0.071 -0.099  0.122 3
