ecmf prod rf 2020102600 20231026 11 046
0024 em 00  1.020  1.332  1.677 6
0024 cf 00  0.965  1.367  1.673 6
0024 pf 01  0.981  1.397  1.706 6
0024 pf 02  0.969  1.282  1.607 6
0024 pf 03  0.928  1.363  1.649 6
0024 pf 04  0.965  1.427  1.722 6
0024 pf 05  1.034  1.335  1.689 6
0024 pf 06  1.020  1.168  1.551 6
0024 pf 07  0.956  1.345  1.651 6
0024 pf 08  1.121  1.196  1.639 6
0024 pf 09  0.989  1.372  1.691 6
0024 pf 10  1.118  1.320  1.730 6
0048 em 00  0.712  1.280  1.464 6
0048 cf 00  0.612  1.258  1.399 6
0048 pf 01  0.526  1.228  1.335 6
0048 pf 02  0.684  1.151  1.339 6
0048 pf 03  0.458  1.310  1.388 6
0048 pf 04  0.572  1.220  1.348 6
0048 pf 05  0.856  1.304  1.560 6
0048 pf 06  0.993  1.221  1.574 6
0048 pf 07  0.465  1.236  1.321 6
0048 pf 08  0.989  1.267  1.607 6
0048 pf 09  0.683  1.302  1.470 6
0048 pf 10  0.852  1.514  1.737 6
0072 em 00  0.378  1.276  1.331 6
0072 cf 00  0.216  1.216  1.235 6
0072 pf 01  0.188  1.296  1.310 6
0072 pf 02  0.310  1.127  1.169 6
0072 pf 03  0.122  1.335  1.340 6
0072 pf 04  0.343  1.269  1.315 6
0072 pf 05  0.462  1.409  1.483 6
0072 pf 06  0.743  1.056  1.291 6
0072 pf 07  0.022  1.250  1.250 6
0072 pf 08  0.711  1.234  1.424 6
0072 pf 09  0.424  1.240  1.310 6
0072 pf 10  0.529  1.541  1.630 6
0096 em 00  0.167  1.315  1.326 6
0096 cf 00  0.001  1.279  1.279 7
0096 pf 01  0.092  1.381  1.384 6
0096 pf 02  0.189  1.132  1.148 6
0096 pf 03 -0.331  1.384  1.423 7
0096 pf 04  0.156  1.061  1.072 6
0096 pf 05  0.127  1.660  1.665 6
0096 pf 06  0.472  1.171  1.263 6
0096 pf 07 -0.220  1.275  1.294 7
0096 pf 08  0.625  1.186  1.341 6
0096 pf 09  0.148  1.219  1.228 6
0096 pf 10  0.510  1.625  1.703 6
0120 em 00  0.237  1.394  1.414 6
0120 cf 00  0.100  1.342  1.346 6
0120 pf 01  0.372  1.565  1.608 6
0120 pf 02  0.322  1.118  1.163 6
0120 pf 03 -0.234  1.392  1.412 7
0120 pf 04  0.095  1.162  1.166 6
0120 pf 05 -0.140  1.940  1.945 7
0120 pf 06  0.595  1.257  1.391 6
0120 pf 07 -0.211  1.155  1.174 7
0120 pf 08  0.745  1.262  1.465 6
0120 pf 09  0.095  1.166  1.170 6
0120 pf 10  0.815  1.866  2.037 6
0144 em 00  0.148  1.305  1.314 6
0144 cf 00  0.122  1.293  1.299 6
0144 pf 01  0.067  1.646  1.648 6
0144 pf 02  0.241  1.022  1.050 6
0144 pf 03 -0.418  1.276  1.343 7
0144 pf 04  0.030  1.111  1.112 6
0144 pf 05 -0.381  1.728  1.769 7
0144 pf 06  0.677  1.189  1.368 6
0144 pf 07 -0.236  0.779  0.814 7
0144 pf 08  0.854  1.291  1.548 6
0144 pf 09  0.050  1.069  1.070 6
0144 pf 10  0.550  1.846  1.926 6
0168 em 00 -0.020  1.299  1.299 7
0168 cf 00 -0.083  1.302  1.305 7
0168 pf 01 -0.337  1.549  1.586 7
0168 pf 02  0.259  1.124  1.153 6
0168 pf 03 -0.593  1.120  1.267 7
0168 pf 04 -0.222  1.165  1.186 7
0168 pf 05 -0.525  1.619  1.702 7
0168 pf 06  0.732  1.355  1.540 6
0168 pf 07 -0.526  0.683  0.862 7
0168 pf 08  0.734  1.384  1.567 6
0168 pf 09 -0.067  0.840  0.843 7
0168 pf 10  0.327  2.001  2.028 6
0192 em 00 -0.117  1.280  1.286 7
0192 cf 00 -0.057  1.292  1.294 7
0192 pf 01 -0.648  1.487  1.622 7
0192 pf 02  0.390  1.066  1.135 6
0192 pf 03 -0.753  1.103  1.335 7
0192 pf 04 -0.263  1.297  1.323 7
0192 pf 05 -0.603  1.531  1.645 7
0192 pf 06  0.705  1.639  1.784 6
0192 pf 07 -0.707  0.708  1.001 7
0192 pf 08  0.560  1.504  1.605 6
0192 pf 09  0.048  0.589  0.591 6
0192 pf 10 -0.062  1.727  1.728 7
0216 em 00 -0.141  1.250  1.258 7
0216 cf 00 -0.107  1.241  1.246 7
0216 pf 01 -0.914  1.131  1.454 7
0216 pf 02  0.469  1.234  1.320 6
0216 pf 03 -0.962  0.982  1.374 7
0216 pf 04 -0.284  1.204  1.237 7
0216 pf 05 -0.383  1.530  1.578 7
0216 pf 06  0.412  1.733  1.781 6
0216 pf 07 -0.449  0.664  0.802 7
0216 pf 08  0.549  1.736  1.821 6
0216 pf 09  0.173  0.468  0.499 6
0216 pf 10 -0.167  1.668  1.676 7
0240 em 00 -0.319  1.078  1.125 7
0240 cf 00 -0.388  1.221  1.281 7
0240 pf 01 -1.219  0.740  1.426 8
0240 pf 02  0.365  0.992  1.057 6
0240 pf 03 -1.164  0.892  1.466 8
0240 pf 04 -0.706  0.987  1.213 7
0240 pf 05 -0.403  1.288  1.349 7
0240 pf 06  0.184  1.693  1.703 6
0240 pf 07 -0.397  0.401  0.565 7
0240 pf 08  0.143  1.779  1.784 6
0240 pf 09  0.186  0.262  0.321 6
0240 pf 10 -0.228  1.467  1.485 7
0264 em 00 -0.558  1.023  1.165 7
0264 cf 00 -0.832  1.249  1.501 7
0264 pf 01 -1.382  0.584  1.500 8
0264 pf 02 -0.084  0.808  0.812 7
0264 pf 03 -1.224  0.828  1.478 8
0264 pf 04 -1.338  0.855  1.588 8
0264 pf 05 -0.446  1.217  1.296 7
0264 pf 06 -0.006  1.665  1.665 7
0264 pf 07 -0.822  0.389  0.909 8
0264 pf 08  0.053  1.773  1.774 6
0264 pf 09  0.235  0.219  0.321 5
0264 pf 10 -0.379  1.512  1.559 7
0288 em 00 -0.685  0.892  1.125 7
0288 cf 00 -1.078  1.088  1.531 7
0288 pf 01 -1.110  0.529  1.230 8
0288 pf 02 -0.419  0.436  0.605 7
0288 pf 03 -1.195  0.504  1.297 8
0288 pf 04 -1.723  0.801  1.901 8
0288 pf 05 -0.420  0.815  0.917 7
0288 pf 06 -0.279  1.431  1.458 7
0288 pf 07 -1.091  0.201  1.110 8
0288 pf 08 -0.187  1.726  1.736 7
0288 pf 09  0.363  0.527  0.640 6
0288 pf 10 -0.463  1.599  1.665 7
0312 em 00 -0.797  0.698  1.059 8
0312 cf 00 -1.107  0.889  1.420 8
0312 pf 01 -0.747  0.078  0.751 8
0312 pf 02 -0.643 -0.166  0.664 1
0312 pf 03 -1.260  0.219  1.279 8
0312 pf 04 -1.834  0.505  1.902 8
0312 pf 05 -0.392  0.764  0.859 7
0312 pf 06 -0.441  1.221  1.298 7
0312 pf 07 -1.067  0.215  1.088 8
0312 pf 08 -0.998  1.820  2.076 7
0312 pf 09  0.253  0.431  0.500 6
0312 pf 10 -0.573  1.557  1.659 7
0336 em 00 -0.905  0.423  0.999 8
0336 cf 00 -0.997  0.498  1.114 8
0336 pf 01 -0.457 -0.228  0.511 1
0336 pf 02 -0.644 -0.879  1.089 2
0336 pf 03 -1.449  0.187  1.461 8
0336 pf 04 -1.823 -0.157  1.830 1
0336 pf 05 -0.146  0.793  0.807 7
0336 pf 06 -0.659  0.946  1.153 7
0336 pf 07 -1.271 -0.213  1.289 1
0336 pf 08 -1.666  1.779  2.438 7
0336 pf 09  0.036  0.183  0.186 6
0336 pf 10 -0.889  1.626  1.853 7
0360 em 00 -0.931  0.108  0.937 8
0360 cf 00 -1.066  0.122  1.073 8
0360 pf 01 -0.395 -0.200  0.443 1
0360 pf 02 -0.406 -1.416  1.473 2
0360 pf 03 -1.649 -0.081  1.651 1
0360 pf 04 -1.538 -0.812  1.740 1
0360 pf 05 -0.075  0.846  0.850 7
0360 pf 06 -0.531  0.539  0.757 7
0360 pf 07 -1.221 -0.704  1.409 1
0360 pf 08 -2.038  1.461  2.508 8
0360 pf 09 -0.475 -0.000  0.475 1
0360 pf 10 -0.832  1.331  1.570 7
0384 em 00 -0.878 -0.143  0.890 1
0384 cf 00 -1.062 -0.318  1.108 1
0384 pf 01 -0.317 -0.207  0.379 1
0384 pf 02 -0.082 -1.704  1.706 2
0384 pf 03 -1.438 -0.231  1.456 1
0384 pf 04 -1.189 -1.193  1.685 2
0384 pf 05 -0.200  0.815  0.839 7
0384 pf 06 -0.444  0.483  0.656 7
0384 pf 07 -1.004 -1.077  1.473 2
0384 pf 08 -2.298  0.919  2.475 8
0384 pf 09 -0.814 -0.150  0.827 1
0384 pf 10 -0.789  1.012  1.283 7
0408 em 00 -0.698 -0.360  0.786 1
0408 cf 00 -0.707 -0.770  1.045 2
0408 pf 01 -0.040 -0.052  0.065 2
0408 pf 02  0.493 -1.806  1.872 3
0408 pf 03 -1.065 -0.471  1.165 1
0408 pf 04 -0.869 -1.452  1.692 2
0408 pf 05 -0.172  0.818  0.836 7
0408 pf 06 -0.405  0.319  0.515 8
0408 pf 07 -0.502 -1.502  1.583 2
0408 pf 08 -2.410  0.613  2.487 8
0408 pf 09 -1.054 -0.485  1.160 1
0408 pf 10 -0.953  0.788  1.236 8
0432 em 00 -0.469 -0.496  0.683 2
0432 cf 00 -0.305 -1.019  1.064 2
0432 pf 01 -0.088 -0.067  0.110 1
0432 pf 02  1.040 -1.520  1.842 3
0432 pf 03 -0.774 -0.722  1.058 1
0432 pf 04 -0.551 -1.674  1.763 2
0432 pf 05  0.256  0.749  0.792 6
0432 pf 06 -0.430  0.197  0.473 8
0432 pf 07  0.127 -1.725  1.730 3
0432 pf 08 -2.193  0.506  2.251 8
0432 pf 09 -0.997 -0.661  1.196 1
0432 pf 10 -1.273  0.492  1.365 8
0456 em 00 -0.281 -0.601  0.664 2
0456 cf 00 -0.138 -1.361  1.368 2
0456 pf 01 -0.245 -0.123  0.274 1
0456 pf 02  1.598 -1.037  1.905 4
0456 pf 03 -0.738 -0.903  1.166 2
0456 pf 04 -0.103 -1.880  1.883 2
0456 pf 05  0.741  0.709  1.026 5
0456 pf 06 -0.675 -0.004  0.675 1
0456 pf 07  0.466 -1.833  1.892 3
0456 pf 08 -1.829  0.585  1.921 8
0456 pf 09 -0.994 -0.863  1.316 1
0456 pf 10 -1.225  0.143  1.233 8
0480 em 00 -0.053 -0.690  0.692 2
0480 cf 00 -0.073 -1.464  1.466 2
0480 pf 01 -0.472 -0.663  0.814 2
0480 pf 02  2.154 -0.865  2.322 4
0480 pf 03 -0.513 -0.957  1.086 2
0480 pf 04  0.299 -1.847  1.871 3
0480 pf 05  1.055  0.778  1.311 5
0480 pf 06 -0.429 -0.074  0.436 1
0480 pf 07  1.001 -1.650  1.930 3
0480 pf 08 -1.653  0.530  1.736 8
0480 pf 09 -1.138 -1.158  1.624 2
0480 pf 10 -0.871 -0.177  0.888 1
0504 em 00  0.160 -0.709  0.727 3
0504 cf 00  0.134 -1.365  1.371 3
0504 pf 01 -0.334 -0.623  0.707 2
0504 pf 02  2.124 -0.618  2.213 4
0504 pf 03 -0.368 -1.189  1.244 2
0504 pf 04  0.777 -1.757  1.921 3
0504 pf 05  1.381  1.177  1.815 5
0504 pf 06 -0.278 -0.211  0.349 1
0504 pf 07  1.512 -1.438  2.087 4
0504 pf 08 -1.405  0.400  1.460 8
0504 pf 09 -1.145 -1.746  2.088 2
0504 pf 10 -0.735 -0.368  0.822 1
0528 em 00  0.322 -0.686  0.758 3
0528 cf 00  0.419 -1.173  1.245 3
0528 pf 01 -0.035 -0.749  0.749 2
0528 pf 02  1.854 -0.156  1.860 4
0528 pf 03 -0.065 -1.442  1.443 2
0528 pf 04  1.258 -1.544  1.991 3
0528 pf 05  1.483  1.430  2.060 5
0528 pf 06 -0.030 -0.460  0.461 2
0528 pf 07  1.792 -0.736  1.937 4
0528 pf 08 -1.756 -0.096  1.758 1
0528 pf 09 -1.094 -2.100  2.368 2
0528 pf 10 -0.427 -0.455  0.624 2
0552 em 00  0.483 -0.674  0.829 3
0552 cf 00  0.609 -0.868  1.060 3
0552 pf 01 -0.025 -0.903  0.903 2
0552 pf 02  1.632  0.022  1.632 5
0552 pf 03  0.205 -1.532  1.545 3
0552 pf 04  1.872 -1.400  2.337 4
0552 pf 05  1.083  1.584  1.919 6
0552 pf 06  0.211 -0.525  0.566 3
0552 pf 07  1.903 -0.523  1.974 4
0552 pf 08 -1.645 -0.506  1.721 1
0552 pf 09 -0.678 -2.346  2.442 2
0552 pf 10 -0.045 -0.349  0.352 2
0576 em 00  0.621 -0.657  0.904 3
0576 cf 00  0.841 -0.726  1.111 4
0576 pf 01 -0.075 -0.877  0.880 2
0576 pf 02  1.755  0.196  1.766 5
0576 pf 03  0.403 -1.292  1.354 3
0576 pf 04  2.208 -1.111  2.472 4
0576 pf 05  0.537  1.142  1.262 6
0576 pf 06  0.535 -0.581  0.790 3
0576 pf 07  1.763 -0.632  1.873 4
0576 pf 08 -1.322 -0.692  1.492 1
0576 pf 09 -0.344 -2.260  2.286 2
0576 pf 10  0.333 -0.355  0.487 3
0600 em 00  0.781 -0.540  0.950 4
0600 cf 00  0.949 -0.536  1.090 4
0600 pf 01 -0.015 -0.687  0.687 2
0600 pf 02  1.752  0.153  1.759 5
0600 pf 03  0.607 -1.112  1.267 3
0600 pf 04  2.041 -0.673  2.149 4
0600 pf 05  0.670  1.370  1.525 6
0600 pf 06  0.757 -0.749  1.065 4
0600 pf 07  1.736 -0.488  1.804 4
0600 pf 08 -0.799 -0.752  1.098 1
0600 pf 09  0.026 -2.125  2.126 3
0600 pf 10  0.660 -0.361  0.752 4
0624 em 00  0.793 -0.478  0.926 4
0624 cf 00  0.940 -0.257  0.975 4
0624 pf 01  0.088 -0.669  0.675 3
0624 pf 02  1.148 -0.300  1.187 4
0624 pf 03  0.710 -1.387  1.558 3
0624 pf 04  1.975 -0.337  2.004 4
0624 pf 05  0.475  1.338  1.420 6
0624 pf 06  0.933 -0.724  1.181 4
0624 pf 07  1.634 -0.177  1.643 4
0624 pf 08 -0.600 -0.556  0.818 1
0624 pf 09  0.538 -1.942  2.016 3
0624 pf 10  0.664 -0.297  0.728 4
0648 em 00  0.772 -0.410  0.874 4
0648 cf 00  0.983 -0.065  0.985 4
0648 pf 01  0.121 -0.638  0.650 3
0648 pf 02  0.785 -0.424  0.892 4
0648 pf 03  0.906 -1.481  1.736 3
0648 pf 04  1.963 -0.240  1.978 4
0648 pf 05  0.245  1.334  1.356 6
0648 pf 06  1.075 -0.784  1.331 4
0648 pf 07  1.469 -0.307  1.501 4
0648 pf 08 -0.799 -0.379  0.884 1
0648 pf 09  0.777 -1.504  1.693 3
0648 pf 10  0.750 -0.091  0.756 4
0672 em 00  0.781 -0.361  0.861 4
0672 cf 00  0.715 -0.145  0.730 4
0672 pf 01 -0.063 -0.599  0.602 2
0672 pf 02  0.731 -0.432  0.849 4
0672 pf 03  1.236 -1.489  1.936 3
0672 pf 04  1.767  0.012  1.767 5
0672 pf 05  0.289  1.111  1.148 6
0672 pf 06  1.227 -0.696  1.411 4
0672 pf 07  1.560 -0.402  1.611 4
0672 pf 08 -0.981 -0.469  1.088 1
0672 pf 09  1.122 -1.063  1.546 4
0672 pf 10  0.784  0.108  0.792 5
0696 em 00  0.865 -0.234  0.896 4
0696 cf 00  0.445 -0.245  0.507 4
0696 pf 01 -0.000 -0.363  0.363 3
0696 pf 02  0.608 -0.441  0.751 4
0696 pf 03  1.774 -1.497  2.322 4
0696 pf 04  1.684  0.396  1.730 5
0696 pf 05  0.735  1.122  1.341 6
0696 pf 06  1.158 -0.680  1.343 4
0696 pf 07  1.577 -0.216  1.592 4
0696 pf 08 -0.916 -0.492  1.040 1
0696 pf 09  1.531 -0.462  1.599 4
0696 pf 10  0.708  0.227  0.744 5
0720 em 00  0.832 -0.169  0.849 4
0720 cf 00  0.449 -0.330  0.557 4
0720 pf 01 -0.030 -0.200  0.202 2
0720 pf 02  0.444 -0.460  0.639 3
0720 pf 03  2.050 -1.196  2.373 4
0720 pf 04  1.590  0.674  1.727 5
0720 pf 05  0.761  1.025  1.277 6
0720 pf 06  0.800 -0.488  0.937 4
0720 pf 07  1.629 -0.191  1.640 4
0720 pf 08 -0.995 -0.800  1.277 1
0720 pf 09  1.664 -0.024  1.664 4
0720 pf 10  0.639  0.046  0.640 5
0744 em 00  0.838 -0.011  0.838 4
0744 cf 00  0.591 -0.450  0.743 4
0744 pf 01 -0.311 -0.442  0.540 2
0744 pf 02  0.172 -0.405  0.440 3
0744 pf 03  2.185 -0.822  2.334 4
0744 pf 04  1.541  1.203  1.955 5
0744 pf 05  1.105  1.190  1.624 6
0744 pf 06  0.755 -0.228  0.789 4
0744 pf 07  1.824  0.264  1.843 5
0744 pf 08 -1.182 -0.946  1.514 1
0744 pf 09  1.484  0.237  1.502 5
0744 pf 10  0.920  0.182  0.937 5
0768 em 00  0.864  0.055  0.866 5
0768 cf 00  0.743 -0.258  0.786 4
0768 pf 01 -0.222 -0.384  0.443 2
0768 pf 02  0.277 -0.359  0.453 3
0768 pf 03  2.105 -0.665  2.207 4
0768 pf 04  1.302  1.425  1.930 6
0768 pf 05  1.276  1.186  1.742 5
0768 pf 06  0.674 -0.295  0.736 4
0768 pf 07  1.774  0.223  1.788 5
0768 pf 08 -0.913 -1.037  1.382 2
0768 pf 09  1.216  0.420  1.287 5
0768 pf 10  1.156  0.255  1.184 5
0792 em 00  0.870  0.033  0.870 5
0792 cf 00  0.846  0.011  0.846 5
0792 pf 01  0.280 -0.443  0.524 3
0792 pf 02  0.560 -0.715  0.908 3
0792 pf 03  1.920 -0.518  1.989 4
0792 pf 04  1.034  1.512  1.831 6
0792 pf 05  1.283  1.194  1.753 5
0792 pf 06  0.702 -0.542  0.887 4
0792 pf 07  1.566  0.354  1.605 5
0792 pf 08 -1.009 -1.057  1.461 2
0792 pf 09  1.101  0.408  1.174 5
0792 pf 10  1.182  0.105  1.187 5
0816 em 00  0.863  0.050  0.865 5
0816 cf 00  0.939  0.013  0.939 5
0816 pf 01  0.761 -0.347  0.836 4
0816 pf 02  0.601 -0.861  1.050 3
0816 pf 03  1.926 -0.609  2.021 4
0816 pf 04  0.819  1.505  1.713 6
0816 pf 05  1.070  0.981  1.451 5
0816 pf 06  0.815 -0.599  1.011 4
0816 pf 07  0.962  0.671  1.173 5
0816 pf 08 -0.791 -1.051  1.315 2
0816 pf 09  0.938  0.686  1.163 5
0816 pf 10  1.355  0.110  1.360 5
0840 em 00  0.814  0.061  0.816 5
0840 cf 00  0.857 -0.301  0.908 4
0840 pf 01  1.012 -0.267  1.047 4
0840 pf 02  0.578 -1.092  1.236 3
0840 pf 03  1.549 -0.387  1.597 4
0840 pf 04  0.377  1.472  1.519 6
0840 pf 05  0.901  1.064  1.395 6
0840 pf 06  1.094 -0.726  1.313 4
0840 pf 07  0.437  0.972  1.066 6
0840 pf 08 -0.486 -1.021  1.131 2
0840 pf 09  1.017  0.693  1.231 5
0840 pf 10  1.518  0.204  1.531 5
0864 em 00  0.790  0.073  0.794 5
0864 cf 00  0.877 -0.425  0.974 4
0864 pf 01  1.159 -0.010  1.159 4
0864 pf 02  0.767 -1.165  1.395 3
0864 pf 03  1.539 -0.124  1.544 4
0864 pf 04  0.239  1.377  1.397 6
0864 pf 05  0.778  0.812  1.124 6
0864 pf 06  1.316 -0.790  1.535 4
0864 pf 07  0.225  1.149  1.171 6
0864 pf 08 -0.639 -0.978  1.168 2
0864 pf 09  0.714  0.385  0.812 5
0864 pf 10  1.607  0.506  1.685 5
0888 em 00  0.714  0.234  0.752 5
0888 cf 00  0.690 -0.273  0.742 4
0888 pf 01  1.157  0.049  1.158 5
0888 pf 02  0.669 -1.211  1.383 3
0888 pf 03  1.547  0.444  1.609 5
0888 pf 04  0.049  1.457  1.458 6
0888 pf 05  0.624  0.836  1.044 6
0888 pf 06  1.287 -0.394  1.346 4
0888 pf 07  0.123  1.202  1.209 6
0888 pf 08 -0.580 -0.693  0.904 2
0888 pf 09  0.649  0.433  0.780 5
0888 pf 10  1.539  0.637  1.666 5
0912 em 00  0.718  0.409  0.826 5
0912 cf 00  0.781 -0.090  0.786 4
0912 pf 01  1.183  0.112  1.188 5
0912 pf 02  0.800 -1.374  1.590 3
0912 pf 03  1.639  1.075  1.960 5
0912 pf 04 -0.111  1.724  1.727 7
0912 pf 05  0.536  0.682  0.868 6
0912 pf 06  1.203  0.113  1.209 5
0912 pf 07 -0.184  1.225  1.238 7
0912 pf 08 -0.454 -0.481  0.662 2
0912 pf 09  0.908  0.731  1.165 5
0912 pf 10  1.559  0.670  1.697 5
0936 em 00  0.682  0.465  0.825 5
0936 cf 00  0.776  0.059  0.778 5
0936 pf 01  1.065  0.148  1.075 5
0936 pf 02  0.862 -1.712  1.917 3
0936 pf 03  1.704  1.266  2.122 5
0936 pf 04 -0.147  1.589  1.596 7
0936 pf 05  0.319  0.826  0.886 6
0936 pf 06  1.245  0.292  1.279 5
0936 pf 07 -0.384  1.245  1.302 7
0936 pf 08 -0.328 -0.626  0.707 2
0936 pf 09  0.975  0.989  1.388 6
0936 pf 10  1.409  0.906  1.675 5
0960 em 00  0.602  0.436  0.743 5
0960 cf 00  0.725 -0.015  0.725 4
0960 pf 01  1.076 -0.050  1.077 4
0960 pf 02  1.251 -1.948  2.315 3
0960 pf 03  1.098  1.619  1.956 6
0960 pf 04  0.117  1.487  1.491 6
0960 pf 05  0.288  0.900  0.945 6
0960 pf 06  0.858  0.455  0.972 5
0960 pf 07 -0.580  1.058  1.207 7
0960 pf 08 -0.446 -0.605  0.752 2
0960 pf 09  1.028  0.837  1.326 5
0960 pf 10  1.233  0.921  1.540 5
0984 em 00  0.593  0.499  0.775 5
0984 cf 00  0.545  0.038  0.546 5
0984 pf 01  1.041 -0.133  1.049 4
0984 pf 02  1.749 -1.904  2.586 3
0984 pf 03  0.633  2.073  2.168 6
0984 pf 04  0.549  1.478  1.577 6
0984 pf 05  0.040  0.779  0.780 6
0984 pf 06  0.537  0.489  0.726 5
0984 pf 07 -0.360  0.877  0.948 7
0984 pf 08 -0.542 -0.364  0.653 1
0984 pf 09  1.358  0.967  1.668 5
0984 pf 10  1.003  1.081  1.474 6
1008 em 00  0.610  0.520  0.802 5
1008 cf 00  0.627  0.249  0.675 5
1008 pf 01  0.888 -0.262  0.926 4
1008 pf 02  1.986 -1.580  2.538 4
1008 pf 03  0.265  2.085  2.102 6
1008 pf 04  0.595  1.330  1.457 6
1008 pf 05  0.147  0.942  0.953 6
1008 pf 06  0.372  0.454  0.587 6
1008 pf 07 -0.172  0.362  0.400 7
1008 pf 08 -0.445 -0.262  0.517 1
1008 pf 09  1.525  1.271  1.985 5
1008 pf 10  0.945  1.062  1.422 6
1032 em 00  0.626  0.591  0.861 5
1032 cf 00  0.654  0.603  0.890 5
1032 pf 01  0.761 -0.281  0.811 4
1032 pf 02  2.358 -0.979  2.554 4
1032 pf 03 -0.022  2.016  2.016 7
1032 pf 04  0.842  1.437  1.666 6
1032 pf 05 -0.140  0.884  0.895 7
1032 pf 06  0.467  0.221  0.517 5
1032 pf 07  0.291 -0.014  0.292 4
1032 pf 08 -0.555 -0.092  0.563 1
1032 pf 09  1.390  1.566  2.093 6
1032 pf 10  0.860  1.078  1.378 6
1056 em 00  0.672  0.624  0.917 5
1056 cf 00  0.563  0.876  1.042 6
1056 pf 01  0.974 -0.342  1.033 4
1056 pf 02  2.172 -0.947  2.370 4
1056 pf 03 -0.062  1.831  1.832 7
1056 pf 04  1.074  1.544  1.881 6
1056 pf 05 -0.208  0.710  0.740 7
1056 pf 06  0.480  0.406  0.629 5
1056 pf 07  0.588  0.035  0.589 5
1056 pf 08 -0.390 -0.311  0.499 1
1056 pf 09  1.357  1.539  2.052 6
1056 pf 10  0.827  1.472  1.688 6
1080 em 00  0.694  0.670  0.965 5
1080 cf 00  0.265  1.036  1.069 6
1080 pf 01  0.829 -0.705  1.089 4
1080 pf 02  2.292 -1.036  2.515 4
1080 pf 03 -0.030  1.706  1.706 7
1080 pf 04  1.194  2.148  2.457 6
1080 pf 05 -0.309  0.783  0.842 7
1080 pf 06  0.621  0.518  0.808 5
1080 pf 07  0.996 -0.033  0.997 4
1080 pf 08 -0.213 -0.554  0.593 2
1080 pf 09  1.130  1.534  1.905 6
1080 pf 10  0.804  1.932  2.093 6
1104 em 00  0.646  0.704  0.956 6
1104 cf 00 -0.011  1.121  1.121 7
1104 pf 01  0.720 -0.788  1.067 3
1104 pf 02  2.239 -0.508  2.295 4
1104 pf 03 -0.171  1.359  1.370 7
1104 pf 04  1.176  2.322  2.603 6
1104 pf 05 -0.094  0.693  0.699 7
1104 pf 06  0.810  0.984  1.274 6
1104 pf 07  0.952 -0.081  0.955 4
1104 pf 08  0.047 -0.707  0.708 3
1104 pf 09  0.859  1.485  1.715 6
1104 pf 10  0.513  1.832  1.903 6
