ecmf prod rf 2008042800 20160428 11 046
0024 em 00 -0.012  0.839  0.839 7
0024 cf 00 -0.107  0.832  0.838 7
0024 pf 01 -0.020  0.779  0.780 7
0024 pf 02  0.131  0.879  0.888 6
0024 pf 03  0.124  0.849  0.858 6
0024 pf 04 -0.066  0.912  0.915 7
0024 pf 05  0.088  0.874  0.878 6
0024 pf 06 -0.108  0.830  0.837 7
0024 pf 07  0.037  0.786  0.787 6
0024 pf 08 -0.116  0.832  0.840 7
0024 pf 09  0.086  0.924  0.928 6
0024 pf 10 -0.028  0.724  0.725 7
0048 em 00 -0.215  0.749  0.779 7
0048 cf 00 -0.200  0.747  0.774 7
0048 pf 01 -0.073  0.601  0.605 7
0048 pf 02 -0.231  0.842  0.874 7
0048 pf 03 -0.011  0.736  0.736 7
0048 pf 04 -0.356  0.706  0.791 7
0048 pf 05 -0.069  0.846  0.849 7
0048 pf 06 -0.417  0.700  0.815 7
0048 pf 07 -0.122  0.840  0.849 7
0048 pf 08 -0.325  0.786  0.851 7
0048 pf 09 -0.177  0.877  0.895 7
0048 pf 10 -0.250  0.563  0.616 7
0072 em 00 -0.046  0.735  0.737 7
0072 cf 00  0.015  0.682  0.682 6
0072 pf 01  0.144  0.632  0.648 6
0072 pf 02 -0.103  0.754  0.761 7
0072 pf 03  0.098  0.787  0.793 6
0072 pf 04 -0.301  0.744  0.803 7
0072 pf 05  0.168  0.834  0.850 6
0072 pf 06 -0.191  0.602  0.631 7
0072 pf 07  0.117  0.794  0.803 6
0072 pf 08 -0.171  0.801  0.819 7
0072 pf 09 -0.157  0.912  0.925 7
0072 pf 10 -0.017  0.571  0.571 7
0096 em 00  0.273  0.698  0.749 6
0096 cf 00  0.482  0.665  0.821 6
0096 pf 01  0.475  0.663  0.816 6
0096 pf 02  0.249  0.721  0.763 6
0096 pf 03  0.447  0.645  0.785 6
0096 pf 04 -0.129  0.658  0.671 7
0096 pf 05  0.371  0.917  0.989 6
0096 pf 06  0.138  0.468  0.488 6
0096 pf 07  0.389  0.822  0.909 6
0096 pf 08  0.111  0.693  0.702 6
0096 pf 09  0.209  0.981  1.003 6
0096 pf 10  0.339  0.465  0.576 6
0120 em 00  0.538  0.888  1.038 6
0120 cf 00  0.741  0.777  1.074 6
0120 pf 01  0.761  0.934  1.204 6
0120 pf 02  0.619  0.848  1.050 6
0120 pf 03  0.805  0.872  1.187 6
0120 pf 04  0.208  0.871  0.896 6
0120 pf 05  0.737  1.012  1.252 6
0120 pf 06  0.503  0.785  0.932 6
0120 pf 07  0.549  0.896  1.051 6
0120 pf 08  0.190  0.862  0.883 6
0120 pf 09  0.329  1.101  1.149 6
0120 pf 10  0.542  0.814  0.978 6
0144 em 00  0.672  1.267  1.434 6
0144 cf 00  0.810  1.269  1.506 6
0144 pf 01  0.907  1.254  1.548 6
0144 pf 02  0.798  1.388  1.601 6
0144 pf 03  0.985  1.339  1.662 6
0144 pf 04  0.421  1.225  1.296 6
0144 pf 05  0.886  1.363  1.625 6
0144 pf 06  0.494  1.028  1.140 6
0144 pf 07  0.621  1.156  1.312 6
0144 pf 08  0.251  1.154  1.181 6
0144 pf 09  0.431  1.552  1.611 6
0144 pf 10  0.865  1.178  1.461 6
0168 em 00  0.691  1.648  1.787 6
0168 cf 00  0.835  1.731  1.921 6
0168 pf 01  1.043  1.647  1.950 6
0168 pf 02  0.697  1.798  1.929 6
0168 pf 03  0.990  1.840  2.089 6
0168 pf 04  0.482  1.538  1.612 6
0168 pf 05  0.861  1.705  1.910 6
0168 pf 06  0.503  1.404  1.491 6
0168 pf 07  0.881  1.446  1.693 6
0168 pf 08  0.212  1.475  1.490 6
0168 pf 09  0.364  1.899  1.933 6
0168 pf 10  0.814  1.598  1.793 6
0192 em 00  0.863  1.959  2.141 6
0192 cf 00  0.825  1.939  2.107 6
0192 pf 01  1.520  1.894  2.429 6
0192 pf 02  0.721  2.075  2.197 6
0192 pf 03  1.149  2.157  2.444 6
0192 pf 04  0.807  1.979  2.137 6
0192 pf 05  1.031  2.127  2.364 6
0192 pf 06  0.662  1.754  1.875 6
0192 pf 07  1.149  1.603  1.972 6
0192 pf 08  0.515  1.864  1.934 6
0192 pf 09  0.242  2.042  2.056 6
0192 pf 10  0.899  2.070  2.257 6
0216 em 00  0.716  2.018  2.141 6
0216 cf 00  0.625  1.927  2.026 6
0216 pf 01  1.200  2.006  2.338 6
0216 pf 02  0.660  2.155  2.253 6
0216 pf 03  1.017  2.237  2.457 6
0216 pf 04  0.718  2.135  2.252 6
0216 pf 05  0.922  2.266  2.447 6
0216 pf 06  0.413  1.635  1.687 6
0216 pf 07  1.006  1.791  2.054 6
0216 pf 08  0.600  1.851  1.946 6
0216 pf 09  0.066  1.973  1.974 6
0216 pf 10  0.666  2.183  2.283 6
0240 em 00  0.396  2.000  2.038 6
0240 cf 00  0.220  1.780  1.794 6
0240 pf 01  0.482  1.897  1.957 6
0240 pf 02  0.378  2.296  2.327 6
0240 pf 03  0.753  2.348  2.466 6
0240 pf 04  0.226  2.134  2.146 6
0240 pf 05  0.755  2.290  2.412 6
0240 pf 06  0.131  1.343  1.349 6
0240 pf 07  0.856  1.865  2.052 6
0240 pf 08  0.432  2.049  2.093 6
0240 pf 09 -0.023  1.815  1.815 7
0240 pf 10  0.162  2.163  2.169 6
0264 em 00  0.032  1.954  1.954 6
0264 cf 00 -0.031  1.813  1.814 7
0264 pf 01 -0.064  1.883  1.884 7
0264 pf 02 -0.004  2.364  2.364 7
0264 pf 03  0.198  2.193  2.202 6
0264 pf 04 -0.091  2.011  2.013 7
0264 pf 05  0.198  2.196  2.205 6
0264 pf 06 -0.194  1.257  1.272 7
0264 pf 07  0.747  1.787  1.937 6
0264 pf 08 -0.068  2.114  2.115 7
0264 pf 09 -0.093  1.804  1.806 7
0264 pf 10 -0.245  2.049  2.063 7
0288 em 00 -0.241  1.914  1.929 7
0288 cf 00 -0.071  1.642  1.644 7
0288 pf 01 -0.098  1.859  1.862 7
0288 pf 02 -0.481  2.256  2.306 7
0288 pf 03 -0.061  2.197  2.198 7
0288 pf 04 -0.250  2.145  2.160 7
0288 pf 05 -0.334  1.905  1.934 7
0288 pf 06 -0.275  1.158  1.190 7
0288 pf 07  0.417  1.970  2.014 6
0288 pf 08 -0.440  2.002  2.050 7
0288 pf 09 -0.350  1.805  1.838 7
0288 pf 10 -0.704  2.066  2.183 7
0312 em 00 -0.465  1.906  1.962 7
0312 cf 00 -0.084  1.732  1.734 7
0312 pf 01 -0.295  1.680  1.705 7
0312 pf 02 -0.472  1.963  2.019 7
0312 pf 03 -0.155  2.080  2.086 7
0312 pf 04 -0.516  2.113  2.175 7
0312 pf 05 -0.641  1.925  2.029 7
0312 pf 06 -0.257  1.218  1.244 7
0312 pf 07 -0.103  2.136  2.139 7
0312 pf 08 -0.885  1.945  2.137 7
0312 pf 09 -0.578  1.970  2.053 7
0312 pf 10 -1.111  2.167  2.435 7
0336 em 00 -0.640  1.851  1.958 7
0336 cf 00 -0.330  1.674  1.706 7
0336 pf 01 -0.482  1.559  1.632 7
0336 pf 02 -0.780  1.826  1.986 7
0336 pf 03 -0.136  2.234  2.238 7
0336 pf 04 -0.887  1.959  2.150 7
0336 pf 05 -0.770  1.783  1.942 7
0336 pf 06 -0.054  1.049  1.051 7
0336 pf 07 -0.436  2.343  2.384 7
0336 pf 08 -0.992  1.710  1.977 7
0336 pf 09 -0.783  2.174  2.311 7
0336 pf 10 -1.342  2.013  2.419 7
0360 em 00 -0.737  1.733  1.883 7
0360 cf 00 -0.444  1.710  1.766 7
0360 pf 01 -0.827  1.302  1.543 7
0360 pf 02 -0.738  1.480  1.653 7
0360 pf 03 -0.032  2.298  2.298 7
0360 pf 04 -1.097  1.644  1.976 7
0360 pf 05 -0.871  1.566  1.791 7
0360 pf 06 -0.032  0.929  0.930 7
0360 pf 07 -0.576  2.562  2.626 7
0360 pf 08 -1.176  1.328  1.774 7
0360 pf 09 -0.857  2.369  2.519 7
0360 pf 10 -1.401  1.847  2.318 7
0384 em 00 -0.900  1.700  1.924 7
0384 cf 00 -0.664  1.690  1.816 7
0384 pf 01 -0.961  0.996  1.384 7
0384 pf 02 -0.951  1.341  1.644 7
0384 pf 03 -0.387  2.371  2.403 7
0384 pf 04 -1.499  1.429  2.071 8
0384 pf 05 -1.220  1.686  2.080 7
0384 pf 06  0.014  0.722  0.723 6
0384 pf 07 -0.700  3.018  3.098 7
0384 pf 08 -1.127  1.424  1.816 7
0384 pf 09 -0.879  2.515  2.664 7
0384 pf 10 -1.449  1.482  2.073 7
0408 em 00 -1.075  1.627  1.950 7
0408 cf 00 -1.069  1.476  1.822 7
0408 pf 01 -1.162  0.901  1.470 8
0408 pf 02 -1.131  1.273  1.703 7
0408 pf 03 -1.014  2.276  2.491 7
0408 pf 04 -1.540  1.299  2.015 8
0408 pf 05 -1.106  1.888  2.188 7
0408 pf 06 -0.062  0.691  0.694 7
0408 pf 07 -0.850  3.023  3.140 7
0408 pf 08 -1.016  1.461  1.780 7
0408 pf 09 -1.336  2.416  2.761 7
0408 pf 10 -1.450  1.182  1.870 8
0432 em 00 -1.174  1.462  1.875 7
0432 cf 00 -1.281  1.275  1.807 8
0432 pf 01 -1.410  0.412  1.469 8
0432 pf 02 -1.328  1.213  1.799 8
0432 pf 03 -1.388  1.991  2.427 7
0432 pf 04 -1.158  1.262  1.713 7
0432 pf 05 -1.238  1.872  2.244 7
0432 pf 06 -0.006  0.592  0.592 7
0432 pf 07 -0.983  2.490  2.677 7
0432 pf 08 -0.898  1.504  1.752 7
0432 pf 09 -1.914  2.326  3.012 7
0432 pf 10 -1.205  1.165  1.676 8
0456 em 00 -1.219  1.260  1.753 7
0456 cf 00 -1.128  1.157  1.616 7
0456 pf 01 -1.636  0.315  1.666 8
0456 pf 02 -1.536  1.236  1.972 8
0456 pf 03 -1.446  1.803  2.311 7
0456 pf 04 -0.606  1.278  1.414 7
0456 pf 05 -1.619  1.382  2.129 8
0456 pf 06 -0.159  0.414  0.444 7
0456 pf 07 -1.460  1.861  2.366 7
0456 pf 08 -1.071  1.220  1.623 7
0456 pf 09 -1.821  2.032  2.728 7
0456 pf 10 -0.817  1.234  1.480 7
0480 em 00 -1.220  1.013  1.586 8
0480 cf 00 -1.016  0.845  1.321 8
0480 pf 01 -1.626  0.253  1.646 8
0480 pf 02 -1.465  0.889  1.714 8
0480 pf 03 -1.441  1.745  2.263 7
0480 pf 04 -0.659  1.336  1.490 7
0480 pf 05 -1.537  0.955  1.809 8
0480 pf 06 -0.366  0.026  0.367 8
0480 pf 07 -1.638  1.480  2.208 8
0480 pf 08 -1.138  0.799  1.390 8
0480 pf 09 -1.723  1.728  2.440 7
0480 pf 10 -0.692  1.198  1.383 7
0504 em 00 -1.228  0.880  1.511 8
0504 cf 00 -1.043  0.612  1.209 8
0504 pf 01 -1.623  0.390  1.669 8
0504 pf 02 -1.225  0.808  1.467 8
0504 pf 03 -0.941  1.646  1.896 7
0504 pf 04 -0.914  1.285  1.577 7
0504 pf 05 -1.327  0.485  1.413 8
0504 pf 06 -0.537  0.019  0.538 8
0504 pf 07 -1.625  1.440  2.171 8
0504 pf 08 -1.483  0.416  1.540 8
0504 pf 09 -1.851  1.221  2.217 8
0504 pf 10 -0.806  1.488  1.692 7
0528 em 00 -1.264  0.691  1.441 8
0528 cf 00 -1.091  0.578  1.234 8
0528 pf 01 -1.538  0.146  1.545 8
0528 pf 02 -1.014  0.717  1.242 8
0528 pf 03 -1.164  1.196  1.669 7
0528 pf 04 -1.272  1.272  1.799 7
0528 pf 05 -0.941  0.200  0.962 8
0528 pf 06 -0.635  0.105  0.644 8
0528 pf 07 -1.359  1.324  1.897 8
0528 pf 08 -1.739 -0.047  1.739 1
0528 pf 09 -2.230  1.006  2.447 8
0528 pf 10 -0.788  1.234  1.464 7
0552 em 00 -1.272  0.509  1.370 8
0552 cf 00 -0.988  0.482  1.099 8
0552 pf 01 -1.795  0.020  1.795 8
0552 pf 02 -0.995  0.806  1.280 8
0552 pf 03 -1.113  0.713  1.321 8
0552 pf 04 -1.446  1.259  1.917 8
0552 pf 05 -0.779 -0.001  0.779 1
0552 pf 06 -0.728  0.312  0.792 8
0552 pf 07 -1.081  1.164  1.588 7
0552 pf 08 -1.933 -0.616  2.029 1
0552 pf 09 -2.245  0.614  2.328 8
0552 pf 10 -0.767  0.966  1.233 7
0576 em 00 -1.255  0.411  1.321 8
0576 cf 00 -0.971  0.370  1.039 8
0576 pf 01 -1.854  0.055  1.855 8
0576 pf 02 -1.169  0.607  1.317 8
0576 pf 03 -1.212  0.420  1.283 8
0576 pf 04 -1.444  1.237  1.901 8
0576 pf 05 -0.729  0.058  0.732 8
0576 pf 06 -0.670  0.351  0.756 8
0576 pf 07 -1.018  0.998  1.426 8
0576 pf 08 -1.662 -0.872  1.877 1
0576 pf 09 -2.028  0.486  2.086 8
0576 pf 10 -0.940  0.911  1.309 8
0600 em 00 -1.200  0.429  1.274 8
0600 cf 00 -0.824  0.289  0.873 8
0600 pf 01 -1.959  0.444  2.009 8
0600 pf 02 -1.390  0.398  1.446 8
0600 pf 03 -0.953  0.324  1.006 8
0600 pf 04 -1.490  1.154  1.885 8
0600 pf 05 -0.556  0.439  0.709 8
0600 pf 06 -0.673  0.496  0.836 8
0600 pf 07 -0.805  1.298  1.528 7
0600 pf 08 -1.346 -0.967  1.657 1
0600 pf 09 -1.683  0.305  1.711 8
0600 pf 10 -1.404  0.590  1.523 8
0624 em 00 -1.087  0.359  1.145 8
0624 cf 00 -0.871  0.071  0.874 8
0624 pf 01 -1.728  0.552  1.814 8
0624 pf 02 -1.414  0.464  1.488 8
0624 pf 03 -0.811  0.279  0.857 8
0624 pf 04 -1.539  0.847  1.757 8
0624 pf 05 -0.443  0.478  0.651 7
0624 pf 06 -0.694  0.192  0.720 8
0624 pf 07 -0.712  1.330  1.508 7
0624 pf 08 -0.663 -0.848  1.077 2
0624 pf 09 -1.645  0.220  1.660 8
0624 pf 10 -1.373  0.383  1.425 8
0648 em 00 -0.927  0.255  0.961 8
0648 cf 00 -0.930 -0.292  0.974 1
0648 pf 01 -1.442  0.315  1.476 8
0648 pf 02 -1.409  0.487  1.491 8
0648 pf 03 -0.741  0.250  0.782 8
0648 pf 04 -1.193  0.645  1.356 8
0648 pf 05 -0.533  0.555  0.770 7
0648 pf 06 -0.458  0.133  0.477 8
0648 pf 07 -0.362  1.183  1.237 7
0648 pf 08 -0.071 -0.713  0.716 2
0648 pf 09 -1.593  0.111  1.597 8
0648 pf 10 -1.443  0.099  1.446 8
0672 em 00 -0.822  0.186  0.842 8
0672 cf 00 -0.834 -0.514  0.979 1
0672 pf 01 -1.403  0.121  1.408 8
0672 pf 02 -1.444  0.469  1.518 8
0672 pf 03 -1.114  0.116  1.120 8
0672 pf 04 -0.936  0.538  1.079 8
0672 pf 05 -0.409  0.664  0.780 7
0672 pf 06 -0.279 -0.113  0.302 1
0672 pf 07 -0.336  1.064  1.116 7
0672 pf 08  0.455 -0.479  0.661 3
0672 pf 09 -1.357  0.108  1.361 8
0672 pf 10 -1.382  0.003  1.382 8
0696 em 00 -0.714  0.176  0.736 8
0696 cf 00 -0.676 -0.588  0.896 1
0696 pf 01 -1.216 -0.160  1.227 1
0696 pf 02 -1.537  0.643  1.666 8
0696 pf 03 -1.178 -0.017  1.178 1
0696 pf 04 -0.790  0.461  0.915 8
0696 pf 05 -0.357  0.623  0.718 7
0696 pf 06 -0.146 -0.297  0.331 2
0696 pf 07 -0.368  1.070  1.131 7
0696 pf 08  0.688  0.108  0.696 5
0696 pf 09 -1.146 -0.033  1.147 1
0696 pf 10 -1.124  0.038  1.125 8
0720 em 00 -0.539  0.148  0.559 8
0720 cf 00 -0.292 -0.640  0.704 2
0720 pf 01 -0.944 -0.443  1.043 1
0720 pf 02 -1.405  0.625  1.538 8
0720 pf 03 -0.798  0.047  0.800 8
0720 pf 04 -0.803  0.389  0.892 8
0720 pf 05 -0.348  0.411  0.539 7
0720 pf 06  0.072 -0.134  0.152 3
0720 pf 07 -0.503  0.726  0.883 7
0720 pf 08  0.839  0.478  0.965 5
0720 pf 09 -0.844  0.033  0.845 8
0720 pf 10 -0.891  0.043  0.892 8
0744 em 00 -0.421  0.185  0.460 8
0744 cf 00 -0.046 -0.604  0.606 2
0744 pf 01 -0.871 -0.468  0.989 1
0744 pf 02 -1.032  0.461  1.130 8
0744 pf 03 -0.721  0.072  0.725 8
0744 pf 04 -0.833  0.433  0.939 8
0744 pf 05 -0.473  0.235  0.528 8
0744 pf 06  0.447  0.435  0.624 5
0744 pf 07 -0.617  0.223  0.656 8
0744 pf 08  0.859  0.845  1.204 5
0744 pf 09 -0.248  0.342  0.422 7
0744 pf 10 -1.074 -0.044  1.075 1
0768 em 00 -0.422  0.219  0.475 8
0768 cf 00 -0.011 -0.604  0.604 2
0768 pf 01 -0.877 -0.428  0.976 1
0768 pf 02 -0.876  0.308  0.929 8
0768 pf 03 -0.669  0.132  0.682 8
0768 pf 04 -0.872  0.421  0.968 8
0768 pf 05 -0.940  0.145  0.951 8
0768 pf 06  0.459  0.803  0.926 6
0768 pf 07 -0.602 -0.119  0.614 1
0768 pf 08  0.570  1.140  1.275 6
0768 pf 09  0.256  0.506  0.567 6
0768 pf 10 -1.048 -0.014  1.048 1
0792 em 00 -0.456  0.248  0.520 8
0792 cf 00  0.069 -0.521  0.525 3
0792 pf 01 -0.551 -0.435  0.702 1
0792 pf 02 -0.820  0.232  0.852 8
0792 pf 03 -0.835 -0.116  0.843 1
0792 pf 04 -0.825  0.365  0.902 8
0792 pf 05 -1.037  0.104  1.042 8
0792 pf 06  0.020  1.167  1.167 6
0792 pf 07 -0.627 -0.074  0.631 1
0792 pf 08 -0.060  1.125  1.127 7
0792 pf 09  0.524  0.672  0.852 6
0792 pf 10 -0.835  0.083  0.839 8
0816 em 00 -0.483  0.363  0.604 8
0816 cf 00  0.346 -0.348  0.491 3
0816 pf 01 -0.523 -0.229  0.571 1
0816 pf 02 -0.788  0.307  0.845 8
0816 pf 03 -1.076  0.004  1.076 8
0816 pf 04 -0.700  0.305  0.763 8
0816 pf 05 -1.010  0.213  1.033 8
0816 pf 06 -0.310  1.260  1.298 7
0816 pf 07 -0.779  0.080  0.783 8
0816 pf 08 -0.314  1.169  1.210 7
0816 pf 09  0.641  0.953  1.148 6
0816 pf 10 -0.737  0.131  0.749 8
0840 em 00 -0.457  0.349  0.575 8
0840 cf 00  0.211 -0.295  0.363 3
0840 pf 01 -0.748 -0.409  0.853 1
0840 pf 02 -0.663  0.559  0.867 8
0840 pf 03 -1.182 -0.090  1.186 1
0840 pf 04 -0.417  0.073  0.423 8
0840 pf 05 -0.739  0.434  0.857 8
0840 pf 06 -0.530  0.965  1.101 7
0840 pf 07 -0.472  0.268  0.543 8
0840 pf 08 -0.512  1.286  1.384 7
0840 pf 09  0.861  1.009  1.326 6
0840 pf 10 -0.786 -0.115  0.795 1
0864 em 00 -0.475  0.315  0.570 8
0864 cf 00  0.067 -0.170  0.183 3
0864 pf 01 -0.795 -0.431  0.904 1
0864 pf 02 -0.394  0.463  0.608 7
0864 pf 03 -1.174 -0.069  1.176 1
0864 pf 04 -0.502  0.130  0.518 8
0864 pf 05 -0.637  0.414  0.759 8
0864 pf 06 -0.801  0.559  0.977 8
0864 pf 07 -0.525  0.429  0.678 8
0864 pf 08 -0.624  1.368  1.504 7
0864 pf 09  1.043  0.693  1.252 5
0864 pf 10 -0.772 -0.083  0.777 1
0888 em 00 -0.495  0.257  0.558 8
0888 cf 00  0.072 -0.065  0.097 4
0888 pf 01 -0.884 -0.507  1.019 1
0888 pf 02 -0.547  0.387  0.671 8
0888 pf 03 -1.263 -0.256  1.288 1
0888 pf 04 -0.330 -0.045  0.333 1
0888 pf 05 -0.406  0.375  0.553 8
0888 pf 06 -0.847  0.415  0.943 8
0888 pf 07 -0.663  0.480  0.819 8
0888 pf 08 -0.855  1.228  1.496 7
0888 pf 09  0.948  0.778  1.227 5
0888 pf 10 -0.549 -0.109  0.560 1
0912 em 00 -0.489  0.237  0.543 8
0912 cf 00 -0.021 -0.134  0.135 2
0912 pf 01 -0.692 -0.233  0.730 1
0912 pf 02 -0.621  0.442  0.762 8
0912 pf 03 -1.285 -0.422  1.353 1
0912 pf 04  0.238 -0.155  0.284 4
0912 pf 05 -0.420  0.336  0.539 8
0912 pf 06 -0.825  0.539  0.986 8
0912 pf 07 -0.685  0.539  0.872 8
0912 pf 08 -0.964  0.862  1.293 8
0912 pf 09  0.584  0.895  1.069 6
0912 pf 10 -0.557 -0.190  0.589 1
0936 em 00 -0.517  0.210  0.558 8
0936 cf 00 -0.136 -0.331  0.358 2
0936 pf 01 -0.851 -0.265  0.891 1
0936 pf 02 -0.582  0.401  0.706 8
0936 pf 03 -1.228 -0.286  1.261 1
0936 pf 04  0.424 -0.231  0.483 4
0936 pf 05 -0.513  0.286  0.588 8
0936 pf 06 -0.737  0.336  0.810 8
0936 pf 07 -0.938  0.563  1.094 8
0936 pf 08 -1.117  0.876  1.419 8
0936 pf 09  0.517  0.921  1.056 6
0936 pf 10 -0.379 -0.070  0.385 1
0960 em 00 -0.499  0.159  0.523 8
0960 cf 00 -0.363 -0.235  0.432 1
0960 pf 01 -0.909 -0.368  0.981 1
0960 pf 02 -0.564  0.349  0.663 8
0960 pf 03 -0.924 -0.461  1.033 1
0960 pf 04  0.578 -0.386  0.695 4
0960 pf 05 -0.521  0.242  0.575 8
0960 pf 06 -0.421  0.221  0.476 8
0960 pf 07 -1.003  0.579  1.158 8
0960 pf 08 -1.161  0.773  1.395 8
0960 pf 09  0.439  0.954  1.050 6
0960 pf 10 -0.478 -0.026  0.479 1
0984 em 00 -0.476  0.065  0.481 8
0984 cf 00 -0.483  0.027  0.484 8
0984 pf 01 -0.782 -0.432  0.893 1
0984 pf 02 -0.305  0.282  0.415 8
0984 pf 03 -0.896 -0.642  1.103 1
0984 pf 04  0.384 -0.466  0.604 3
0984 pf 05 -0.477  0.316  0.573 8
0984 pf 06 -0.185  0.090  0.206 8
0984 pf 07 -0.870  0.457  0.983 8
0984 pf 08 -0.983  0.533  1.118 8
0984 pf 09  0.057  0.678  0.680 6
0984 pf 10 -0.512 -0.198  0.549 1
1008 em 00 -0.409  0.014  0.410 8
1008 cf 00 -0.303  0.315  0.437 7
1008 pf 01 -0.934 -0.743  1.193 1
1008 pf 02  0.104  0.051  0.116 5
1008 pf 03 -0.958 -0.555  1.108 1
1008 pf 04  0.441 -0.345  0.560 4
1008 pf 05 -0.410  0.503  0.649 7
1008 pf 06 -0.041  0.196  0.200 7
1008 pf 07 -0.611  0.368  0.713 8
1008 pf 08 -0.933  0.316  0.985 8
1008 pf 09 -0.226  0.524  0.570 7
1008 pf 10 -0.411 -0.555  0.691 2
1032 em 00 -0.400 -0.102  0.412 1
1032 cf 00 -0.005  0.365  0.365 7
1032 pf 01 -0.956 -0.872  1.294 1
1032 pf 02  0.036 -0.075  0.083 3
1032 pf 03 -1.082 -0.475  1.181 1
1032 pf 04  0.451 -0.360  0.577 4
1032 pf 05 -0.574  0.523  0.776 8
1032 pf 06  0.053  0.248  0.253 6
1032 pf 07 -0.345  0.254  0.429 8
1032 pf 08 -0.832  0.004  0.832 8
1032 pf 09 -0.263  0.033  0.265 8
1032 pf 10 -0.652 -0.821  1.049 2
1056 em 00 -0.410 -0.092  0.420 1
1056 cf 00  0.326  0.417  0.530 6
1056 pf 01 -0.844 -0.786  1.153 1
1056 pf 02 -0.275 -0.134  0.307 1
1056 pf 03 -0.812 -0.401  0.906 1
1056 pf 04  0.332 -0.238  0.408 4
1056 pf 05 -0.827  0.657  1.056 8
1056 pf 06 -0.011  0.149  0.149 7
1056 pf 07 -0.297  0.155  0.335 8
1056 pf 08 -1.042 -0.091  1.046 1
1056 pf 09 -0.235  0.007  0.235 8
1056 pf 10 -0.591 -0.794  0.990 2
1080 em 00 -0.277 -0.058  0.283 1
1080 cf 00  0.358  0.562  0.666 6
1080 pf 01 -0.456 -0.535  0.703 2
1080 pf 02 -0.155 -0.414  0.442 2
1080 pf 03 -0.749 -0.473  0.886 1
1080 pf 04  0.104 -0.043  0.112 4
1080 pf 05 -0.793  0.677  1.043 8
1080 pf 06  0.269  0.004  0.269 5
1080 pf 07 -0.400  0.508  0.646 7
1080 pf 08 -0.875 -0.020  0.875 1
1080 pf 09 -0.047 -0.216  0.221 2
1080 pf 10 -0.076 -0.686  0.690 2
1104 em 00 -0.161  0.053  0.170 8
1104 cf 00  0.527  0.907  1.049 6
1104 pf 01 -0.454 -0.439  0.631 1
1104 pf 02  0.245 -0.559  0.610 3
1104 pf 03 -0.456 -0.234  0.513 1
1104 pf 04 -0.367  0.140  0.393 8
1104 pf 05 -0.765  0.830  1.129 7
1104 pf 06  0.511 -0.223  0.557 4
1104 pf 07 -0.302  0.696  0.758 7
1104 pf 08 -0.473  0.202  0.514 8
1104 pf 09  0.152 -0.128  0.199 4
1104 pf 10 -0.193 -0.597  0.628 2
