ecmf prod rf 2013041400 20160414 11 046
0024 em 00  0.146  0.669  0.685 6
0024 cf 00  0.104  0.719  0.727 6
0024 pf 01  0.238  0.653  0.695 6
0024 pf 02  0.200  0.593  0.625 6
0024 pf 03  0.125  0.711  0.722 6
0024 pf 04  0.056  0.558  0.560 6
0024 pf 05  0.167  0.780  0.797 6
0024 pf 06  0.118  0.523  0.536 6
0024 pf 07  0.015  0.487  0.487 6
0024 pf 08  0.088  0.768  0.773 6
0024 pf 09  0.261  0.699  0.746 6
0024 pf 10  0.106  0.715  0.723 6
0048 em 00  0.044  0.425  0.428 6
0048 cf 00  0.015  0.339  0.339 6
0048 pf 01 -0.009  0.531  0.532 7
0048 pf 02  0.162  0.412  0.443 6
0048 pf 03 -0.068  0.614  0.618 7
0048 pf 04  0.098  0.311  0.326 6
0048 pf 05 -0.120  0.504  0.518 7
0048 pf 06  0.088  0.247  0.262 6
0048 pf 07  0.019  0.200  0.201 6
0048 pf 08  0.009  0.529  0.529 6
0048 pf 09  0.197  0.349  0.401 6
0048 pf 10  0.000  0.509  0.509 7
0072 em 00 -0.182  0.194  0.266 7
0072 cf 00 -0.211  0.145  0.256 8
0072 pf 01 -0.145  0.363  0.391 7
0072 pf 02 -0.107  0.137  0.174 7
0072 pf 03 -0.390  0.345  0.520 8
0072 pf 04  0.012  0.236  0.236 6
0072 pf 05 -0.456  0.268  0.529 8
0072 pf 06 -0.059  0.039  0.070 8
0072 pf 07 -0.220  0.038  0.223 8
0072 pf 08 -0.163  0.196  0.254 7
0072 pf 09 -0.066  0.144  0.158 7
0072 pf 10 -0.285  0.143  0.319 8
0096 em 00 -0.222  0.265  0.346 7
0096 cf 00 -0.218  0.255  0.335 7
0096 pf 01 -0.311  0.414  0.518 7
0096 pf 02 -0.275  0.273  0.388 8
0096 pf 03 -0.497  0.270  0.566 8
0096 pf 04  0.059  0.445  0.449 6
0096 pf 05 -0.468  0.383  0.604 8
0096 pf 06  0.131  0.105  0.168 5
0096 pf 07 -0.090  0.206  0.224 7
0096 pf 08 -0.285  0.157  0.326 8
0096 pf 09 -0.205  0.203  0.289 8
0096 pf 10 -0.370  0.106  0.385 8
0120 em 00 -0.427  0.151  0.453 8
0120 cf 00 -0.412  0.127  0.431 8
0120 pf 01 -0.521  0.339  0.622 8
0120 pf 02 -0.619 -0.003  0.619 1
0120 pf 03 -0.485  0.116  0.499 8
0120 pf 04 -0.265  0.438  0.512 7
0120 pf 05 -0.762  0.162  0.779 8
0120 pf 06 -0.025 -0.019  0.032 1
0120 pf 07 -0.257  0.132  0.289 8
0120 pf 08 -0.336  0.091  0.348 8
0120 pf 09 -0.518  0.036  0.519 8
0120 pf 10 -0.534  0.138  0.552 8
0144 em 00 -0.486  0.008  0.486 8
0144 cf 00 -0.516 -0.011  0.516 1
0144 pf 01 -0.522  0.232  0.571 8
0144 pf 02 -0.860 -0.237  0.892 1
0144 pf 03 -0.567  0.058  0.570 8
0144 pf 04 -0.320  0.156  0.356 8
0144 pf 05 -0.691 -0.130  0.704 1
0144 pf 06 -0.152 -0.020  0.153 1
0144 pf 07 -0.226  0.076  0.239 8
0144 pf 08 -0.332  0.118  0.353 8
0144 pf 09 -0.700 -0.198  0.727 1
0144 pf 10 -0.458 -0.020  0.459 1
0168 em 00 -0.405 -0.047  0.407 1
0168 cf 00 -0.393 -0.152  0.421 1
0168 pf 01 -0.579  0.059  0.582 8
0168 pf 02 -0.626 -0.265  0.680 1
0168 pf 03 -0.245  0.101  0.265 8
0168 pf 04 -0.318 -0.067  0.325 1
0168 pf 05 -0.659 -0.264  0.710 1
0168 pf 06 -0.393 -0.142  0.418 1
0168 pf 07 -0.096  0.114  0.149 7
0168 pf 08 -0.113  0.201  0.231 7
0168 pf 09 -0.656 -0.254  0.704 1
0168 pf 10 -0.347  0.078  0.356 8
0192 em 00 -0.319 -0.194  0.373 1
0192 cf 00 -0.320 -0.374  0.492 2
0192 pf 01 -0.552 -0.171  0.578 1
0192 pf 02 -0.372 -0.591  0.698 2
0192 pf 03  0.020  0.005  0.021 5
0192 pf 04 -0.418 -0.154  0.445 1
0192 pf 05 -0.324 -0.391  0.508 2
0192 pf 06 -0.539 -0.330  0.632 1
0192 pf 07 -0.051 -0.005  0.051 1
0192 pf 08  0.023  0.188  0.189 6
0192 pf 09 -0.605 -0.435  0.745 1
0192 pf 10 -0.352  0.042  0.355 8
0216 em 00 -0.192 -0.203  0.280 2
0216 cf 00 -0.153 -0.405  0.433 2
0216 pf 01 -0.457 -0.204  0.500 1
0216 pf 02 -0.391 -0.715  0.815 2
0216 pf 03  0.339 -0.014  0.340 4
0216 pf 04 -0.410 -0.091  0.420 1
0216 pf 05 -0.206 -0.352  0.407 2
0216 pf 06 -0.470 -0.276  0.545 1
0216 pf 07  0.145 -0.001  0.145 4
0216 pf 08  0.259  0.186  0.319 5
0216 pf 09 -0.324 -0.454  0.558 2
0216 pf 10 -0.415 -0.014  0.415 1
0240 em 00  0.034 -0.213  0.215 3
0240 cf 00 -0.032 -0.449  0.450 2
0240 pf 01 -0.154 -0.277  0.317 2
0240 pf 02  0.155 -0.550  0.571 3
0240 pf 03  0.583  0.007  0.583 5
0240 pf 04 -0.379  0.116  0.396 8
0240 pf 05  0.033 -0.388  0.390 3
0240 pf 06 -0.082 -0.413  0.421 2
0240 pf 07  0.322 -0.197  0.378 4
0240 pf 08  0.268  0.179  0.323 5
0240 pf 09  0.078 -0.310  0.319 3
0240 pf 10 -0.393 -0.167  0.427 1
0264 em 00  0.207 -0.096  0.229 4
0264 cf 00  0.138 -0.404  0.427 3
0264 pf 01 -0.069 -0.271  0.280 2
0264 pf 02  0.456 -0.491  0.670 3
0264 pf 03  0.640  0.049  0.642 5
0264 pf 04 -0.247  0.275  0.370 7
0264 pf 05  0.250 -0.138  0.286 4
0264 pf 06  0.175 -0.424  0.459 3
0264 pf 07  0.525  0.061  0.529 5
0264 pf 08  0.200  0.362  0.413 6
0264 pf 09  0.629  0.014  0.629 5
0264 pf 10 -0.407 -0.214  0.460 1
0288 em 00  0.270 -0.089  0.284 4
0288 cf 00  0.332 -0.394  0.515 3
0288 pf 01 -0.206 -0.361  0.416 2
0288 pf 02  0.474 -0.389  0.613 4
0288 pf 03  0.385  0.078  0.393 5
0288 pf 04 -0.014  0.315  0.315 7
0288 pf 05  0.460 -0.167  0.490 4
0288 pf 06  0.424 -0.528  0.677 3
0288 pf 07  0.370 -0.064  0.376 4
0288 pf 08 -0.054  0.397  0.400 7
0288 pf 09  1.126  0.356  1.181 5
0288 pf 10 -0.332 -0.317  0.458 1
0312 em 00  0.215 -0.002  0.215 4
0312 cf 00  0.476 -0.287  0.556 4
0312 pf 01 -0.303 -0.207  0.367 1
0312 pf 02  0.562 -0.137  0.579 4
0312 pf 03  0.251  0.274  0.372 6
0312 pf 04 -0.299  0.409  0.507 7
0312 pf 05  0.354 -0.232  0.423 4
0312 pf 06  0.455 -0.341  0.568 4
0312 pf 07  0.467  0.189  0.504 5
0312 pf 08 -0.242  0.097  0.261 8
0312 pf 09  0.945  0.479  1.059 5
0312 pf 10 -0.296 -0.358  0.465 2
0336 em 00  0.176  0.018  0.177 5
0336 cf 00  0.541 -0.137  0.558 4
0336 pf 01 -0.031 -0.028  0.042 1
0336 pf 02  0.468 -0.059  0.471 4
0336 pf 03  0.186  0.192  0.267 6
0336 pf 04 -0.504  0.537  0.737 7
0336 pf 05  0.287 -0.155  0.326 4
0336 pf 06  0.513 -0.284  0.587 4
0336 pf 07  0.478 -0.016  0.478 4
0336 pf 08 -0.675 -0.078  0.680 1
0336 pf 09  0.923  0.627  1.116 5
0336 pf 10 -0.234 -0.500  0.552 2
0360 em 00  0.090 -0.009  0.090 4
0360 cf 00  0.379  0.081  0.387 5
0360 pf 01 -0.225 -0.158  0.275 1
0360 pf 02  0.361  0.046  0.364 5
0360 pf 03  0.075 -0.008  0.075 4
0360 pf 04 -0.547  0.306  0.627 8
0360 pf 05  0.305 -0.264  0.403 4
0360 pf 06  0.415 -0.399  0.576 4
0360 pf 07  0.460  0.074  0.466 5
0360 pf 08 -0.796 -0.002  0.796 1
0360 pf 09  0.721  0.593  0.934 5
0360 pf 10 -0.153 -0.460  0.485 2
0384 em 00  0.012 -0.035  0.037 3
0384 cf 00  0.396  0.245  0.465 5
0384 pf 01 -0.638 -0.401  0.753 1
0384 pf 02  0.207  0.169  0.267 5
0384 pf 03  0.290 -0.230  0.370 4
0384 pf 04 -0.610  0.094  0.617 8
0384 pf 05  0.134 -0.354  0.378 3
0384 pf 06  0.191 -0.394  0.438 3
0384 pf 07  0.478  0.031  0.479 5
0384 pf 08 -0.732 -0.034  0.733 1
0384 pf 09  0.276  0.748  0.797 6
0384 pf 10  0.153 -0.341  0.374 3
0408 em 00 -0.156 -0.047  0.163 1
0408 cf 00  0.211 -0.014  0.211 4
0408 pf 01 -0.981 -0.442  1.076 1
0408 pf 02 -0.089  0.140  0.166 7
0408 pf 03  0.572 -0.256  0.627 4
0408 pf 04 -0.855 -0.040  0.856 1
0408 pf 05 -0.226 -0.340  0.409 2
0408 pf 06  0.036 -0.295  0.298 3
0408 pf 07  0.236  0.492  0.545 6
0408 pf 08 -0.603 -0.130  0.617 1
0408 pf 09 -0.197  0.744  0.770 7
0408 pf 10  0.206 -0.468  0.511 3
0432 em 00 -0.285 -0.009  0.285 1
0432 cf 00 -0.038 -0.204  0.207 2
0432 pf 01 -1.394 -0.374  1.443 1
0432 pf 02 -0.427 -0.172  0.461 1
0432 pf 03  0.728 -0.132  0.740 4
0432 pf 04 -0.783  0.081  0.788 8
0432 pf 05 -0.332 -0.029  0.333 1
0432 pf 06  0.432 -0.113  0.447 4
0432 pf 07 -0.044  0.614  0.616 7
0432 pf 08 -0.764 -0.150  0.778 1
0432 pf 09 -0.418  1.053  1.133 7
0432 pf 10 -0.037 -0.783  0.784 2
0456 em 00 -0.412 -0.101  0.424 1
0456 cf 00 -0.197 -0.184  0.270 1
0456 pf 01 -1.537 -0.405  1.590 1
0456 pf 02 -0.542 -0.461  0.712 1
0456 pf 03  0.736 -0.110  0.744 4
0456 pf 04 -0.725 -0.027  0.725 1
0456 pf 05 -0.464 -0.342  0.576 1
0456 pf 06  0.381 -0.206  0.433 4
0456 pf 07 -0.331  0.707  0.781 7
0456 pf 08 -0.851 -0.307  0.905 1
0456 pf 09 -0.773  1.063  1.314 7
0456 pf 10 -0.156 -0.969  0.981 2
0480 em 00 -0.454 -0.148  0.477 1
0480 cf 00 -0.351  0.024  0.351 8
0480 pf 01 -1.414 -0.691  1.573 1
0480 pf 02 -0.263 -0.653  0.704 2
0480 pf 03  0.256  0.000  0.256 4
0480 pf 04 -0.917 -0.054  0.919 1
0480 pf 05 -0.701 -0.441  0.828 1
0480 pf 06  0.679 -0.067  0.682 4
0480 pf 07 -0.608  0.513  0.795 8
0480 pf 08 -0.598 -0.456  0.752 1
0480 pf 09 -0.892  0.950  1.303 7
0480 pf 10 -0.091 -0.865  0.870 2
0504 em 00 -0.581 -0.256  0.635 1
0504 cf 00 -0.357  0.132  0.380 8
0504 pf 01 -1.250 -0.912  1.547 1
0504 pf 02  0.165 -0.706  0.725 3
0504 pf 03 -0.023 -0.007  0.024 1
0504 pf 04 -1.128 -0.386  1.192 1
0504 pf 05 -1.203 -0.538  1.318 1
0504 pf 06  0.414  0.178  0.450 5
0504 pf 07 -0.785  0.403  0.882 8
0504 pf 08 -0.683 -0.623  0.924 1
0504 pf 09 -1.232  0.566  1.355 8
0504 pf 10 -0.195 -1.010  1.028 2
0528 em 00 -0.439 -0.284  0.523 1
0528 cf 00 -0.392  0.154  0.421 8
0528 pf 01 -0.600 -1.026  1.188 2
0528 pf 02  0.353 -0.778  0.854 3
0528 pf 03 -0.249  0.064  0.257 8
0528 pf 04 -0.891 -0.329  0.950 1
0528 pf 05 -1.034 -0.615  1.203 1
0528 pf 06  0.572  0.479  0.746 5
0528 pf 07 -0.858  0.236  0.890 8
0528 pf 08 -0.573 -0.580  0.815 2
0528 pf 09 -1.055  0.477  1.158 8
0528 pf 10  0.033 -1.280  1.281 3
0552 em 00 -0.376 -0.396  0.547 2
0552 cf 00 -0.448 -0.102  0.459 1
0552 pf 01 -0.215 -1.010  1.033 2
0552 pf 02  0.599 -0.723  0.939 3
0552 pf 03 -0.329 -0.109  0.347 1
0552 pf 04 -0.719 -0.567  0.916 1
0552 pf 05 -0.882 -0.679  1.113 1
0552 pf 06  0.558  0.449  0.716 5
0552 pf 07 -1.202  0.244  1.226 8
0552 pf 08 -0.854 -0.805  1.174 1
0552 pf 09 -0.839  0.133  0.850 8
0552 pf 10  0.376 -1.270  1.325 3
0576 em 00 -0.286 -0.460  0.541 2
0576 cf 00 -0.641 -0.315  0.715 1
0576 pf 01  0.241 -0.788  0.824 3
0576 pf 02  0.631 -0.743  0.974 3
0576 pf 03 -0.568 -0.295  0.640 1
0576 pf 04 -0.319 -0.365  0.485 2
0576 pf 05 -0.758 -0.930  1.200 2
0576 pf 06  0.572  0.384  0.689 5
0576 pf 07 -1.242  0.222  1.262 8
0576 pf 08 -0.651 -1.089  1.268 2
0576 pf 09 -0.737 -0.035  0.738 1
0576 pf 10  0.560 -1.173  1.300 3
0600 em 00 -0.356 -0.501  0.614 2
0600 cf 00 -0.820 -0.516  0.969 1
0600 pf 01  0.044 -0.612  0.614 3
0600 pf 02  0.456 -0.313  0.553 4
0600 pf 03 -0.662 -0.648  0.927 1
0600 pf 04 -0.193 -0.235  0.304 2
0600 pf 05 -0.864 -1.137  1.428 2
0600 pf 06  0.345  0.264  0.435 5
0600 pf 07 -1.241  0.024  1.242 8
0600 pf 08 -0.531 -1.256  1.364 2
0600 pf 09 -0.725 -0.078  0.730 1
0600 pf 10  0.524 -1.068  1.190 3
0624 em 00 -0.360 -0.599  0.699 2
0624 cf 00 -0.538 -0.546  0.767 2
0624 pf 01 -0.125 -0.396  0.415 2
0624 pf 02  0.434 -0.391  0.584 4
0624 pf 03 -0.496 -1.055  1.165 2
0624 pf 04  0.172 -0.218  0.278 3
0624 pf 05 -0.961 -1.204  1.541 2
0624 pf 06 -0.082  0.315  0.325 7
0624 pf 07 -1.407 -0.641  1.547 1
0624 pf 08 -0.390 -1.154  1.218 2
0624 pf 09 -0.817 -0.280  0.863 1
0624 pf 10  0.508 -1.038  1.156 3
0648 em 00 -0.303 -0.643  0.711 2
0648 cf 00 -0.241 -0.689  0.730 2
0648 pf 01  0.166 -0.350  0.387 3
0648 pf 02  0.332 -0.243  0.411 4
0648 pf 03 -0.405 -1.323  1.383 2
0648 pf 04 -0.269 -0.144  0.305 1
0648 pf 05 -0.589 -1.329  1.454 2
0648 pf 06 -0.231  0.229  0.326 8
0648 pf 07 -1.375 -0.808  1.595 1
0648 pf 08 -0.434 -1.213  1.288 2
0648 pf 09 -0.662 -0.283  0.720 1
0648 pf 10  0.612 -0.883  1.074 3
0672 em 00 -0.121 -0.705  0.715 2
0672 cf 00 -0.033 -0.790  0.791 2
0672 pf 01  0.362 -0.234  0.431 4
0672 pf 02  0.268 -0.201  0.336 4
0672 pf 03 -0.188 -1.618  1.629 2
0672 pf 04 -0.347 -0.110  0.364 1
0672 pf 05  0.077 -1.437  1.439 3
0672 pf 06 -0.194  0.504  0.540 7
0672 pf 07 -0.969 -0.829  1.275 1
0672 pf 08 -0.304 -1.417  1.450 2
0672 pf 09 -0.556 -0.435  0.706 1
0672 pf 10  0.753 -1.089  1.324 3
0696 em 00  0.011 -0.739  0.739 3
0696 cf 00 -0.043 -0.796  0.797 2
0696 pf 01  0.242 -0.221  0.328 4
0696 pf 02  0.133 -0.100  0.166 4
0696 pf 03  0.035 -1.720  1.720 3
0696 pf 04 -0.438 -0.551  0.704 2
0696 pf 05  0.164 -1.594  1.602 3
0696 pf 06  0.144  0.850  0.862 6
0696 pf 07 -0.515 -0.983  1.110 2
0696 pf 08 -0.125 -1.242  1.248 2
0696 pf 09 -0.207 -0.617  0.651 2
0696 pf 10  0.894 -0.997  1.339 3
0720 em 00  0.091 -0.755  0.760 3
0720 cf 00  0.039 -0.438  0.440 3
0720 pf 01 -0.320 -0.203  0.379 1
0720 pf 02  0.226 -0.240  0.330 3
0720 pf 03  0.459 -1.738  1.798 3
0720 pf 04 -0.283 -1.158  1.193 2
0720 pf 05  0.312 -1.806  1.833 3
0720 pf 06 -0.034  1.045  1.046 7
0720 pf 07 -0.310 -0.838  0.894 2
0720 pf 08  0.099 -1.068  1.072 3
0720 pf 09 -0.143 -0.796  0.809 2
0720 pf 10  1.058 -0.855  1.361 4
0744 em 00  0.066 -0.799  0.802 3
0744 cf 00  0.002 -0.288  0.288 3
0744 pf 01 -0.409 -0.165  0.441 1
0744 pf 02  0.046 -0.293  0.297 3
0744 pf 03  0.470 -1.434  1.509 3
0744 pf 04 -0.479 -1.584  1.655 2
0744 pf 05  0.528 -1.927  1.998 3
0744 pf 06 -0.253  0.943  0.977 7
0744 pf 07 -0.181 -0.851  0.870 2
0744 pf 08  0.073 -1.137  1.139 3
0744 pf 09 -0.177 -1.001  1.016 2
0744 pf 10  1.162 -0.830  1.428 4
0768 em 00  0.098 -0.775  0.781 3
0768 cf 00 -0.064 -0.410  0.415 2
0768 pf 01 -0.560 -0.060  0.564 1
0768 pf 02  0.120 -0.004  0.120 4
0768 pf 03  0.713 -1.417  1.586 3
0768 pf 04 -0.393 -1.683  1.728 2
0768 pf 05  0.715 -1.750  1.891 3
0768 pf 06 -0.482  0.768  0.906 7
0768 pf 07  0.095 -0.811  0.817 3
0768 pf 08  0.221 -1.383  1.400 3
0768 pf 09 -0.124 -0.765  0.775 2
0768 pf 10  0.874 -0.767  1.163 4
0792 em 00  0.190 -0.690  0.715 3
0792 cf 00 -0.270 -0.720  0.769 2
0792 pf 01 -0.414 -0.101  0.427 1
0792 pf 02  0.197  0.258  0.325 6
0792 pf 03  0.734 -1.069  1.296 3
0792 pf 04 -0.206 -1.486  1.500 2
0792 pf 05  1.045 -1.486  1.817 3
0792 pf 06 -0.373  0.545  0.660 7
0792 pf 07 -0.007 -0.536  0.536 2
0792 pf 08  0.410 -1.435  1.492 3
0792 pf 09  0.369 -0.534  0.649 3
0792 pf 10  0.598 -0.778  0.981 3
0816 em 00  0.217 -0.660  0.695 3
0816 cf 00 -0.384 -0.982  1.054 2
0816 pf 01 -0.528 -0.169  0.554 1
0816 pf 02 -0.021  0.523  0.523 7
0816 pf 03  1.074 -0.844  1.365 4
0816 pf 04 -0.099 -1.495  1.498 2
0816 pf 05  1.044 -1.306  1.672 3
0816 pf 06 -0.564  0.339  0.658 8
0816 pf 07  0.032 -0.394  0.395 3
0816 pf 08  0.604 -1.389  1.514 3
0816 pf 09  0.638 -0.338  0.722 4
0816 pf 10  0.582 -0.948  1.112 3
0840 em 00  0.236 -0.605  0.650 3
0840 cf 00 -0.391 -1.206  1.267 2
0840 pf 01 -0.558 -0.261  0.616 1
0840 pf 02 -0.148  0.472  0.495 7
0840 pf 03  1.072 -0.728  1.296 4
0840 pf 04 -0.044 -1.514  1.515 2
0840 pf 05  1.260 -1.073  1.655 4
0840 pf 06 -0.689  0.524  0.866 8
0840 pf 07  0.165  0.027  0.168 5
0840 pf 08  0.747 -1.461  1.640 3
0840 pf 09  0.591 -0.281  0.655 4
0840 pf 10  0.568 -0.933  1.092 3
0864 em 00  0.312 -0.509  0.597 3
0864 cf 00 -0.412 -1.291  1.355 2
0864 pf 01 -0.402 -0.501  0.643 2
0864 pf 02 -0.481  0.594  0.764 7
0864 pf 03  1.037 -0.448  1.130 4
0864 pf 04  0.369 -1.344  1.394 3
0864 pf 05  1.461 -0.630  1.591 4
0864 pf 06 -0.691  0.658  0.955 8
0864 pf 07  0.186  0.027  0.188 5
0864 pf 08  0.951 -1.299  1.610 3
0864 pf 09  0.644 -0.288  0.706 4
0864 pf 10  0.732 -0.894  1.155 3
0888 em 00  0.438 -0.423  0.609 4
0888 cf 00 -0.087 -1.251  1.254 2
0888 pf 01 -0.338 -0.609  0.696 2
0888 pf 02 -0.445  0.438  0.624 8
0888 pf 03  1.080 -0.231  1.105 4
0888 pf 04  0.684 -1.129  1.320 3
0888 pf 05  1.661 -0.211  1.675 4
0888 pf 06 -0.189  0.668  0.694 7
0888 pf 07  0.295  0.036  0.298 5
0888 pf 08  0.874 -1.150  1.444 3
0888 pf 09  0.527 -0.295  0.604 4
0888 pf 10  0.725 -0.730  1.029 3
0912 em 00  0.454 -0.440  0.632 4
0912 cf 00  0.162 -1.061  1.074 3
0912 pf 01  0.027 -0.672  0.673 3
0912 pf 02 -0.412  0.238  0.476 8
0912 pf 03  1.196 -0.312  1.236 4
0912 pf 04  0.859 -1.340  1.591 3
0912 pf 05  1.542  0.343  1.579 5
0912 pf 06 -0.231  0.536  0.584 7
0912 pf 07  0.284 -0.110  0.305 4
0912 pf 08  0.603 -1.071  1.229 3
0912 pf 09  0.348 -0.638  0.726 3
0912 pf 10  0.578 -0.534  0.787 4
0936 em 00  0.415 -0.378  0.561 4
0936 cf 00  0.407 -0.780  0.880 3
0936 pf 01  0.265 -0.854  0.894 3
0936 pf 02 -0.617  0.183  0.643 8
0936 pf 03  1.135 -0.314  1.177 4
0936 pf 04  1.196 -1.238  1.721 3
0936 pf 05  1.155  0.847  1.432 5
0936 pf 06 -0.404  0.554  0.685 7
0936 pf 07  0.310 -0.302  0.432 4
0936 pf 08  0.266 -0.853  0.894 3
0936 pf 09  0.065 -1.099  1.101 3
0936 pf 10  0.733 -0.092  0.739 4
0960 em 00  0.437 -0.256  0.506 4
0960 cf 00  0.525 -0.803  0.959 3
0960 pf 01  0.223 -1.026  1.050 3
0960 pf 02 -0.767  0.099  0.774 8
0960 pf 03  1.042 -0.296  1.083 4
0960 pf 04  1.656 -1.070  1.971 4
0960 pf 05  0.820  1.110  1.380 6
0960 pf 06 -0.532  0.555  0.769 7
0960 pf 07  0.372 -0.130  0.395 4
0960 pf 08  0.075 -0.423  0.429 3
0960 pf 09  0.295 -1.097  1.136 3
0960 pf 10  1.031  0.482  1.138 5
0984 em 00  0.430 -0.150  0.456 4
0984 cf 00  0.597 -1.039  1.198 3
0984 pf 01  0.048 -0.748  0.749 3
0984 pf 02 -0.563  0.044  0.564 8
0984 pf 03  1.266 -0.182  1.279 4
0984 pf 04  1.755 -0.869  1.958 4
0984 pf 05  0.377  1.295  1.349 6
0984 pf 06 -0.583  0.432  0.725 8
0984 pf 07  0.379 -0.001  0.379 4
0984 pf 08  0.184 -0.070  0.197 4
0984 pf 09  0.441 -0.918  1.018 3
0984 pf 10  0.769  0.614  0.984 5
1008 em 00  0.424 -0.100  0.436 4
1008 cf 00  0.693 -0.935  1.164 3
1008 pf 01  0.141 -0.643  0.658 3
1008 pf 02 -0.203 -0.100  0.226 1
1008 pf 03  1.424  0.222  1.441 5
1008 pf 04  1.586 -0.644  1.711 4
1008 pf 05 -0.258  1.026  1.058 7
1008 pf 06 -0.450  0.060  0.454 8
1008 pf 07  0.567  0.079  0.572 5
1008 pf 08  0.101  0.275  0.293 6
1008 pf 09  0.644 -0.776  1.008 3
1008 pf 10  0.355  0.554  0.658 6
1032 em 00  0.371 -0.072  0.378 4
1032 cf 00  0.541 -0.806  0.970 3
1032 pf 01  0.376 -0.666  0.765 3
1032 pf 02 -0.181 -0.306  0.356 2
1032 pf 03  1.122  0.445  1.207 5
1032 pf 04  1.520 -0.496  1.599 4
1032 pf 05 -0.509  0.751  0.907 7
1032 pf 06 -0.271 -0.262  0.377 1
1032 pf 07  0.659  0.193  0.687 5
1032 pf 08 -0.186  0.395  0.436 7
1032 pf 09  1.015 -0.689  1.227 4
1032 pf 10 -0.048  0.851  0.852 7
1056 em 00  0.319 -0.039  0.322 4
1056 cf 00  0.269 -0.752  0.798 3
1056 pf 01  0.430 -0.852  0.955 3
1056 pf 02 -0.010 -0.361  0.361 2
1056 pf 03  0.696  0.552  0.889 5
1056 pf 04  1.464 -0.377  1.512 4
1056 pf 05 -0.670  0.608  0.904 8
1056 pf 06  0.064 -0.138  0.153 3
1056 pf 07  0.744  0.097  0.750 5
1056 pf 08 -0.329  0.490  0.590 7
1056 pf 09  1.144 -0.728  1.356 4
1056 pf 10 -0.357  1.221  1.273 7
1080 em 00  0.316  0.003  0.316 5
1080 cf 00  0.187 -0.782  0.804 3
1080 pf 01  0.433 -0.780  0.892 3
1080 pf 02 -0.011 -0.506  0.506 2
1080 pf 03  0.538  0.339  0.636 5
1080 pf 04  1.800 -0.105  1.803 4
1080 pf 05 -0.492  0.337  0.596 8
1080 pf 06  0.026  0.029  0.039 6
1080 pf 07  0.504  0.283  0.578 5
1080 pf 08 -0.155  0.559  0.580 7
1080 pf 09  1.200 -0.663  1.371 4
1080 pf 10 -0.637  1.479  1.610 7
1104 em 00  0.350  0.062  0.356 5
1104 cf 00  0.084 -0.749  0.754 3
1104 pf 01  0.965 -0.808  1.258 4
1104 pf 02  0.224 -0.196  0.298 4
1104 pf 03  0.326  0.191  0.378 5
1104 pf 04  1.689  0.143  1.695 5
1104 pf 05 -0.245  0.464  0.525 7
1104 pf 06  0.043 -0.153  0.159 3
1104 pf 07  0.362  0.482  0.603 6
1104 pf 08 -0.090  0.350  0.361 7
1104 pf 09  1.124 -0.313  1.167 4
1104 pf 10 -0.760  1.399  1.592 7
