ecmf prod rf 1996042500 20160425 11 046
0024 em 00  1.346 -0.102  1.350 4
0024 cf 00  1.257 -0.095  1.260 4
0024 pf 01  1.459 -0.043  1.460 4
0024 pf 02  1.348 -0.195  1.362 4
0024 pf 03  1.268 -0.103  1.273 4
0024 pf 04  1.370 -0.114  1.375 4
0024 pf 05  1.301 -0.156  1.310 4
0024 pf 06  1.305  0.084  1.307 5
0024 pf 07  1.267 -0.072  1.269 4
0024 pf 08  1.448 -0.196  1.461 4
0024 pf 09  1.276 -0.025  1.276 4
0024 pf 10  1.395 -0.125  1.401 4
0048 em 00  1.200  0.004  1.200 5
0048 cf 00  1.179  0.006  1.179 5
0048 pf 01  1.186  0.118  1.191 5
0048 pf 02  1.177 -0.123  1.184 4
0048 pf 03  1.255  0.215  1.273 5
0048 pf 04  1.363 -0.026  1.363 4
0048 pf 05  1.131 -0.149  1.141 4
0048 pf 06  1.014  0.059  1.015 5
0048 pf 07  1.246 -0.043  1.247 4
0048 pf 08  1.283 -0.027  1.283 4
0048 pf 09  1.116  0.001  1.116 5
0048 pf 10  1.151  0.077  1.154 5
0072 em 00  1.032  0.003  1.032 5
0072 cf 00  1.010 -0.033  1.010 4
0072 pf 01  0.938  0.178  0.955 5
0072 pf 02  1.073 -0.151  1.083 4
0072 pf 03  0.856  0.177  0.874 5
0072 pf 04  1.084 -0.101  1.089 4
0072 pf 05  1.027 -0.157  1.039 4
0072 pf 06  0.953  0.025  0.953 5
0072 pf 07  1.062  0.056  1.064 5
0072 pf 08  1.265  0.048  1.266 5
0072 pf 09  0.867  0.063  0.869 5
0072 pf 10  1.093 -0.017  1.094 4
0096 em 00  0.949  0.041  0.950 5
0096 cf 00  0.892 -0.088  0.896 4
0096 pf 01  0.919  0.388  0.997 5
0096 pf 02  1.076 -0.218  1.098 4
0096 pf 03  0.721  0.242  0.761 5
0096 pf 04  1.125 -0.106  1.130 4
0096 pf 05  1.226 -0.031  1.227 4
0096 pf 06  0.909  0.144  0.921 5
0096 pf 07  0.738  0.148  0.753 5
0096 pf 08  1.154  0.019  1.154 5
0096 pf 09  0.671  0.032  0.672 5
0096 pf 10  0.876 -0.027  0.877 4
0120 em 00  0.960  0.063  0.962 5
0120 cf 00  0.873 -0.098  0.878 4
0120 pf 01  0.872  0.354  0.941 5
0120 pf 02  1.338 -0.104  1.342 4
0120 pf 03  0.762  0.175  0.781 5
0120 pf 04  0.940 -0.004  0.940 4
0120 pf 05  1.493  0.154  1.501 5
0120 pf 06  0.739  0.075  0.743 5
0120 pf 07  0.563  0.184  0.593 5
0120 pf 08  1.201  0.118  1.207 5
0120 pf 09  0.682 -0.073  0.686 4
0120 pf 10  0.995 -0.049  0.997 4
0144 em 00  1.299  0.066  1.300 5
0144 cf 00  1.255 -0.062  1.256 4
0144 pf 01  1.020  0.307  1.065 5
0144 pf 02  1.740 -0.023  1.740 4
0144 pf 03  1.265  0.306  1.301 5
0144 pf 04  1.243 -0.195  1.259 4
0144 pf 05  1.781  0.290  1.805 5
0144 pf 06  1.197  0.021  1.197 5
0144 pf 07  0.854  0.299  0.905 5
0144 pf 08  1.594  0.110  1.598 5
0144 pf 09  0.992 -0.156  1.004 4
0144 pf 10  1.199 -0.093  1.202 4
0168 em 00  1.478  0.077  1.480 5
0168 cf 00  1.453 -0.008  1.453 4
0168 pf 01  1.193  0.192  1.209 5
0168 pf 02  1.691  0.157  1.698 5
0168 pf 03  1.310  0.307  1.345 5
0168 pf 04  1.699 -0.172  1.707 4
0168 pf 05  1.791  0.301  1.816 5
0168 pf 06  1.350 -0.101  1.354 4
0168 pf 07  1.159  0.233  1.182 5
0168 pf 08  1.779  0.365  1.816 5
0168 pf 09  1.267 -0.274  1.297 4
0168 pf 10  1.386 -0.078  1.388 4
0192 em 00  1.515  0.172  1.525 5
0192 cf 00  1.519  0.105  1.523 5
0192 pf 01  1.410  0.090  1.412 5
0192 pf 02  1.441  0.274  1.467 5
0192 pf 03  1.247  0.661  1.411 5
0192 pf 04  1.925 -0.062  1.926 4
0192 pf 05  1.850  0.428  1.899 5
0192 pf 06  1.273 -0.199  1.289 4
0192 pf 07  1.078  0.380  1.143 5
0192 pf 08  1.918  0.153  1.924 5
0192 pf 09  1.336 -0.239  1.357 4
0192 pf 10  1.454  0.375  1.501 5
0216 em 00  1.587  0.476  1.657 5
0216 cf 00  1.557  0.350  1.596 5
0216 pf 01  1.598  0.226  1.614 5
0216 pf 02  1.637  0.546  1.726 5
0216 pf 03  1.013  1.019  1.437 6
0216 pf 04  2.004  0.453  2.055 5
0216 pf 05  1.737  0.537  1.818 5
0216 pf 06  1.563  0.221  1.578 5
0216 pf 07  1.192  0.912  1.501 5
0216 pf 08  2.054  0.414  2.096 5
0216 pf 09  1.312  0.180  1.324 5
0216 pf 10  1.559  0.426  1.616 5
0240 em 00  1.658  0.748  1.819 5
0240 cf 00  1.681  0.656  1.804 5
0240 pf 01  1.618  0.571  1.716 5
0240 pf 02  1.665  0.763  1.831 5
0240 pf 03  0.975  1.115  1.481 6
0240 pf 04  2.112  0.889  2.291 5
0240 pf 05  2.010  0.769  2.152 5
0240 pf 06  1.590  0.536  1.678 5
0240 pf 07  1.187  1.074  1.601 5
0240 pf 08  2.147  0.858  2.312 5
0240 pf 09  1.518  0.536  1.610 5
0240 pf 10  1.525  0.471  1.596 5
0264 em 00  1.493  0.860  1.723 5
0264 cf 00  1.588  1.025  1.890 5
0264 pf 01  1.356  0.807  1.577 5
0264 pf 02  1.398  0.891  1.658 5
0264 pf 03  0.689  0.969  1.189 6
0264 pf 04  1.965  1.201  2.303 5
0264 pf 05  1.938  0.874  2.126 5
0264 pf 06  1.257  0.499  1.352 5
0264 pf 07  1.106  1.045  1.522 5
0264 pf 08  2.040  1.005  2.274 5
0264 pf 09  1.563  0.609  1.677 5
0264 pf 10  1.338  0.521  1.436 5
0288 em 00  1.109  0.991  1.487 5
0288 cf 00  1.528  1.251  1.975 5
0288 pf 01  1.050  1.182  1.581 6
0288 pf 02  1.055  1.115  1.535 6
0288 pf 03  0.093  0.863  0.868 6
0288 pf 04  1.271  1.259  1.789 5
0288 pf 05  1.705  1.457  2.243 5
0288 pf 06  0.949  0.260  0.984 5
0288 pf 07  0.551  0.881  1.039 6
0288 pf 08  1.441  1.190  1.869 5
0288 pf 09  1.223  0.611  1.367 5
0288 pf 10  1.180  0.777  1.413 5
0312 em 00  0.715  1.089  1.303 6
0312 cf 00  1.392  1.329  1.925 5
0312 pf 01  0.631  1.226  1.379 6
0312 pf 02  0.686  1.285  1.457 6
0312 pf 03 -0.174  0.956  0.972 7
0312 pf 04  0.732  1.329  1.518 6
0312 pf 05  1.397  1.568  2.100 6
0312 pf 06  0.478  0.426  0.640 5
0312 pf 07 -0.328  0.736  0.806 7
0312 pf 08  0.856  1.133  1.420 6
0312 pf 09  0.818  0.909  1.223 6
0312 pf 10  1.260  1.001  1.609 5
0336 em 00  0.403  1.252  1.316 6
0336 cf 00  0.969  1.440  1.735 6
0336 pf 01  0.230  1.614  1.631 6
0336 pf 02  0.058  1.340  1.341 6
0336 pf 03 -0.304  1.000  1.045 7
0336 pf 04  0.035  1.440  1.440 6
0336 pf 05  1.153  1.860  2.189 6
0336 pf 06  0.427  0.662  0.788 6
0336 pf 07 -0.745  0.647  0.987 8
0336 pf 08  0.833  1.277  1.525 6
0336 pf 09  0.659  1.154  1.329 6
0336 pf 10  1.069  1.231  1.631 6
0360 em 00  0.152  1.358  1.366 6
0360 cf 00  0.483  1.379  1.461 6
0360 pf 01 -0.025  1.948  1.948 7
0360 pf 02 -0.543  1.337  1.443 7
0360 pf 03 -0.293  0.990  1.033 7
0360 pf 04  0.013  1.525  1.525 6
0360 pf 05  0.812  1.895  2.062 6
0360 pf 06  0.306  0.786  0.843 6
0360 pf 07 -0.823  0.682  1.069 8
0360 pf 08  0.466  1.481  1.552 6
0360 pf 09  0.562  1.129  1.262 6
0360 pf 10  0.715  1.640  1.789 6
0384 em 00 -0.031  1.386  1.386 7
0384 cf 00  0.126  1.362  1.367 6
0384 pf 01 -0.320  1.989  2.014 7
0384 pf 02 -0.594  1.208  1.346 7
0384 pf 03 -0.332  1.022  1.075 7
0384 pf 04 -0.224  1.470  1.487 7
0384 pf 05  0.555  2.106  2.178 6
0384 pf 06  0.057  0.688  0.690 6
0384 pf 07 -0.745  0.475  0.883 8
0384 pf 08  0.162  1.969  1.975 6
0384 pf 09  0.353  1.233  1.283 6
0384 pf 10  0.625  1.581  1.700 6
0408 em 00 -0.229  1.303  1.323 7
0408 cf 00 -0.181  1.378  1.390 7
0408 pf 01 -0.763  1.704  1.868 7
0408 pf 02 -0.751  1.134  1.360 7
0408 pf 03 -0.470  1.117  1.212 7
0408 pf 04 -0.268  1.195  1.225 7
0408 pf 05  0.217  2.215  2.225 6
0408 pf 06 -0.186  0.785  0.806 7
0408 pf 07 -0.421  0.141  0.444 8
0408 pf 08 -0.066  1.876  1.878 7
0408 pf 09  0.229  1.150  1.173 6
0408 pf 10  0.154  1.525  1.532 6
0432 em 00 -0.541  1.142  1.263 7
0432 cf 00 -0.515  1.194  1.300 7
0432 pf 01 -1.297  1.407  1.914 7
0432 pf 02 -1.052  0.920  1.397 8
0432 pf 03 -0.733  1.092  1.316 7
0432 pf 04 -0.286  0.966  1.008 7
0432 pf 05 -0.411  2.083  2.123 7
0432 pf 06 -0.240  0.819  0.854 7
0432 pf 07 -0.464 -0.179  0.497 1
0432 pf 08 -0.604  1.640  1.748 7
0432 pf 09  0.096  1.134  1.138 6
0432 pf 10 -0.444  1.355  1.426 7
0456 em 00 -0.763  1.070  1.314 7
0456 cf 00 -0.662  0.976  1.179 7
0456 pf 01 -1.526  1.376  2.055 8
0456 pf 02 -1.057  0.880  1.375 8
0456 pf 03 -0.874  1.075  1.386 7
0456 pf 04 -0.652  0.799  1.031 7
0456 pf 05 -0.993  1.681  1.952 7
0456 pf 06 -0.622  0.895  1.090 7
0456 pf 07 -0.214 -0.201  0.294 1
0456 pf 08 -1.085  1.375  1.751 7
0456 pf 09  0.072  1.229  1.231 6
0456 pf 10 -0.796  1.563  1.754 7
0480 em 00 -0.886  1.029  1.358 7
0480 cf 00 -0.841  0.752  1.128 8
0480 pf 01 -1.494  1.225  1.932 8
0480 pf 02 -1.148  0.602  1.296 8
0480 pf 03 -0.749  0.831  1.119 7
0480 pf 04 -0.934  1.025  1.387 7
0480 pf 05 -1.279  1.430  1.919 7
0480 pf 06 -0.883  0.998  1.332 7
0480 pf 07  0.159 -0.179  0.240 3
0480 pf 08 -1.473  1.341  1.992 8
0480 pf 09 -0.110  1.582  1.586 7
0480 pf 10 -0.983  1.576  1.858 7
0504 em 00 -0.820  0.823  1.162 7
0504 cf 00 -0.918  0.488  1.040 8
0504 pf 01 -1.086  0.912  1.418 8
0504 pf 02 -0.893  0.161  0.907 8
0504 pf 03 -0.790  0.593  0.988 8
0504 pf 04 -0.940  0.941  1.331 7
0504 pf 05 -1.226  1.257  1.755 7
0504 pf 06 -0.798  0.947  1.239 7
0504 pf 07  0.405 -0.108  0.419 4
0504 pf 08 -1.593  0.979  1.870 8
0504 pf 09 -0.243  1.659  1.677 7
0504 pf 10 -0.918  1.093  1.427 7
0528 em 00 -0.757  0.646  0.995 8
0528 cf 00 -1.058  0.311  1.103 8
0528 pf 01 -1.084  0.618  1.248 8
0528 pf 02 -0.595 -0.210  0.631 1
0528 pf 03 -0.749  0.558  0.934 8
0528 pf 04 -0.742  0.514  0.903 8
0528 pf 05 -0.995  1.043  1.442 7
0528 pf 06 -0.962  0.891  1.311 8
0528 pf 07  0.504 -0.139  0.523 4
0528 pf 08 -1.340  0.821  1.572 8
0528 pf 09 -0.276  1.740  1.762 7
0528 pf 10 -1.011  0.807  1.294 8
0552 em 00 -0.726  0.549  0.910 8
0552 cf 00 -1.071  0.194  1.089 8
0552 pf 01 -0.998  0.231  1.025 8
0552 pf 02 -0.562 -0.528  0.771 1
0552 pf 03 -0.589  0.491  0.767 8
0552 pf 04 -0.824  0.350  0.895 8
0552 pf 05 -0.596  1.021  1.182 7
0552 pf 06 -0.930  0.873  1.275 8
0552 pf 07  0.371  0.222  0.432 5
0552 pf 08 -1.329  0.502  1.420 8
0552 pf 09 -0.334  1.868  1.898 7
0552 pf 10 -1.102  0.656  1.282 8
0576 em 00 -0.658  0.412  0.777 8
0576 cf 00 -0.820  0.156  0.835 8
0576 pf 01 -0.834 -0.135  0.845 1
0576 pf 02 -0.370 -0.473  0.600 2
0576 pf 03 -0.659  0.087  0.664 8
0576 pf 04 -0.780  0.224  0.812 8
0576 pf 05 -0.247  0.984  1.015 7
0576 pf 06 -0.940  0.434  1.036 8
0576 pf 07  0.061  0.267  0.274 6
0576 pf 08 -1.428  0.400  1.483 8
0576 pf 09 -0.284  1.726  1.749 7
0576 pf 10 -0.881  0.694  1.122 8
0600 em 00 -0.484  0.300  0.569 8
0600 cf 00 -0.433  0.138  0.455 8
0600 pf 01 -0.703 -0.452  0.835 1
0600 pf 02  0.002 -0.383  0.383 3
0600 pf 03 -0.510 -0.117  0.523 1
0600 pf 04 -0.618  0.295  0.684 8
0600 pf 05 -0.078  0.991  0.994 7
0600 pf 06 -0.864  0.312  0.919 8
0600 pf 07  0.168  0.089  0.190 5
0600 pf 08 -1.296  0.358  1.345 8
0600 pf 09 -0.285  1.375  1.404 7
0600 pf 10 -0.646  0.542  0.843 8
0624 em 00 -0.369  0.251  0.447 8
0624 cf 00 -0.326  0.285  0.433 8
0624 pf 01 -0.486 -0.578  0.755 2
0624 pf 02  0.309 -0.084  0.321 4
0624 pf 03 -0.574 -0.317  0.656 1
0624 pf 04 -0.425  0.276  0.506 8
0624 pf 05 -0.142  1.028  1.038 7
0624 pf 06 -1.054  0.462  1.151 8
0624 pf 07  0.298 -0.043  0.301 4
0624 pf 08 -1.039  0.230  1.064 8
0624 pf 09 -0.135  0.911  0.921 7
0624 pf 10 -0.406  0.442  0.600 7
0648 em 00 -0.161  0.238  0.288 7
0648 cf 00 -0.147  0.514  0.535 7
0648 pf 01 -0.156 -0.589  0.610 2
0648 pf 02  0.558 -0.133  0.574 4
0648 pf 03 -0.069 -0.338  0.345 2
0648 pf 04 -0.289  0.053  0.294 8
0648 pf 05 -0.064  1.175  1.177 7
0648 pf 06 -1.058  0.501  1.171 8
0648 pf 07  0.627  0.066  0.630 5
0648 pf 08 -0.629  0.197  0.659 8
0648 pf 09 -0.262  0.605  0.659 7
0648 pf 10 -0.218  0.464  0.513 7
0672 em 00 -0.175  0.178  0.250 7
0672 cf 00 -0.105  0.630  0.639 7
0672 pf 01 -0.047 -0.611  0.613 2
0672 pf 02  0.213 -0.266  0.341 3
0672 pf 03  0.180 -0.470  0.503 3
0672 pf 04 -0.488  0.030  0.489 8
0672 pf 05 -0.338  1.043  1.097 7
0672 pf 06 -0.942  0.498  1.065 8
0672 pf 07  0.989  0.096  0.994 5
0672 pf 08 -0.496  0.091  0.504 8
0672 pf 09 -0.429  0.295  0.521 8
0672 pf 10 -0.392  0.541  0.668 7
0696 em 00 -0.169  0.151  0.226 8
0696 cf 00 -0.155  0.544  0.565 7
0696 pf 01  0.371 -0.484  0.610 3
0696 pf 02 -0.113 -0.131  0.174 2
0696 pf 03  0.191 -0.565  0.597 3
0696 pf 04 -0.521  0.109  0.533 8
0696 pf 05 -0.592  1.089  1.239 7
0696 pf 06 -0.682  0.196  0.709 8
0696 pf 07  1.116  0.348  1.169 5
0696 pf 08 -0.709 -0.101  0.716 1
0696 pf 09 -0.341  0.004  0.341 8
0696 pf 10 -0.323  0.593  0.675 7
0720 em 00 -0.214  0.130  0.250 8
0720 cf 00 -0.365  0.473  0.598 7
0720 pf 01  0.431 -0.241  0.494 4
0720 pf 02 -0.050 -0.254  0.259 2
0720 pf 03  0.010 -0.541  0.541 3
0720 pf 04 -0.394  0.241  0.463 8
0720 pf 05 -0.983  0.896  1.330 8
0720 pf 06 -0.549  0.055  0.552 8
0720 pf 07  0.869  0.594  1.053 5
0720 pf 08 -0.549 -0.232  0.596 1
0720 pf 09 -0.445 -0.182  0.481 1
0720 pf 10 -0.256  0.583  0.637 7
0744 em 00 -0.182  0.137  0.228 8
0744 cf 00 -0.389  0.571  0.691 7
0744 pf 01  0.364 -0.154  0.396 4
0744 pf 02  0.240 -0.402  0.468 3
0744 pf 03  0.251 -0.331  0.415 3
0744 pf 04 -0.136  0.436  0.457 7
0744 pf 05 -1.199  0.760  1.420 8
0744 pf 06 -0.390 -0.306  0.496 1
0744 pf 07  0.798  1.086  1.348 6
0744 pf 08 -0.441 -0.281  0.523 1
0744 pf 09 -0.664 -0.312  0.734 1
0744 pf 10 -0.364  0.404  0.544 7
0768 em 00 -0.017  0.111  0.112 7
0768 cf 00 -0.238  0.680  0.721 7
0768 pf 01  0.334 -0.010  0.334 4
0768 pf 02  0.371 -0.549  0.662 3
0768 pf 03  0.545 -0.152  0.566 4
0768 pf 04  0.279  0.403  0.490 6
0768 pf 05 -0.978  0.621  1.159 8
0768 pf 06 -0.309 -0.582  0.659 2
0768 pf 07  0.889  1.063  1.385 6
0768 pf 08 -0.041 -0.164  0.169 2
0768 pf 09 -0.650 -0.306  0.718 1
0768 pf 10 -0.313  0.165  0.354 8
0792 em 00 -0.006  0.055  0.055 7
0792 cf 00 -0.265  0.673  0.723 7
0792 pf 01  0.309  0.130  0.335 5
0792 pf 02  0.427 -0.416  0.596 4
0792 pf 03  0.299 -0.194  0.356 4
0792 pf 04  0.226  0.316  0.389 6
0792 pf 05 -1.117  0.447  1.203 8
0792 pf 06 -0.297 -0.916  0.963 2
0792 pf 07  0.811  1.288  1.522 6
0792 pf 08  0.333 -0.242  0.411 4
0792 pf 09 -0.763 -0.582  0.960 1
0792 pf 10 -0.002  0.068  0.068 7
0816 em 00 -0.073  0.041  0.084 8
0816 cf 00 -0.299  0.592  0.664 7
0816 pf 01  0.102  0.067  0.122 5
0816 pf 02  0.577 -0.362  0.681 4
0816 pf 03 -0.100 -0.388  0.400 2
0816 pf 04 -0.059  0.591  0.594 7
0816 pf 05 -1.026  0.332  1.079 8
0816 pf 06 -0.190 -0.596  0.626 2
0816 pf 07  0.831  1.259  1.509 6
0816 pf 08  0.475 -0.561  0.735 3
0816 pf 09 -1.103 -0.484  1.205 1
0816 pf 10 -0.002 -0.014  0.014 2
0840 em 00 -0.135 -0.021  0.137 1
0840 cf 00 -0.484  0.375  0.612 8
0840 pf 01  0.119  0.130  0.177 6
0840 pf 02  0.641 -0.394  0.753 4
0840 pf 03 -0.459 -0.674  0.815 2
0840 pf 04  0.002  0.680  0.680 6
0840 pf 05 -1.234  0.100  1.238 8
0840 pf 06 -0.046 -0.285  0.289 2
0840 pf 07  0.747  1.479  1.657 6
0840 pf 08  0.525 -0.785  0.945 3
0840 pf 09 -1.224 -0.521  1.331 1
0840 pf 10 -0.075 -0.362  0.369 2
0864 em 00 -0.085  0.033  0.092 8
0864 cf 00 -0.776  0.136  0.788 8
0864 pf 01  0.065  0.160  0.173 6
0864 pf 02  0.836 -0.451  0.950 4
0864 pf 03 -0.363 -0.668  0.761 2
0864 pf 04  0.005  0.889  0.889 6
0864 pf 05 -1.177  0.003  1.177 8
0864 pf 06  0.342 -0.301  0.455 4
0864 pf 07  0.772  1.753  1.915 6
0864 pf 08  0.513 -0.835  0.980 3
0864 pf 09 -0.907 -0.117  0.915 1
0864 pf 10 -0.232 -0.247  0.339 2
0888 em 00 -0.053  0.034  0.063 8
0888 cf 00 -0.890  0.013  0.890 8
0888 pf 01  0.025  0.025  0.035 5
0888 pf 02  0.926 -0.619  1.114 4
0888 pf 03 -0.195 -0.716  0.742 2
0888 pf 04 -0.011  0.834  0.835 7
0888 pf 05 -1.106  0.245  1.132 8
0888 pf 06  0.267 -0.308  0.407 3
0888 pf 07  0.970  1.750  2.000 6
0888 pf 08  0.731 -0.591  0.940 4
0888 pf 09 -0.619 -0.337  0.704 1
0888 pf 10 -0.653  0.039  0.654 8
0912 em 00 -0.066 -0.062  0.090 1
0912 cf 00 -0.803 -0.090  0.808 1
0912 pf 01 -0.276 -0.431  0.512 2
0912 pf 02  0.994 -0.558  1.140 4
0912 pf 03  0.151 -0.730  0.745 3
0912 pf 04 -0.283  0.724  0.777 7
0912 pf 05 -0.971  0.161  0.984 8
0912 pf 06 -0.062 -0.340  0.346 2
0912 pf 07  0.819  1.508  1.716 6
0912 pf 08  0.792 -0.751  1.091 4
0912 pf 09 -0.447 -0.502  0.672 2
0912 pf 10 -0.611  0.267  0.666 8
0936 em 00 -0.074 -0.064  0.098 1
0936 cf 00 -0.640 -0.045  0.641 1
0936 pf 01 -0.322 -0.830  0.890 2
0936 pf 02  1.094 -0.548  1.223 4
0936 pf 03  0.278 -0.501  0.573 3
0936 pf 04 -0.276  0.516  0.585 7
0936 pf 05 -0.893  0.171  0.909 8
0936 pf 06 -0.068 -0.081  0.106 2
0936 pf 07  0.403  1.535  1.587 6
0936 pf 08  0.827 -0.469  0.951 4
0936 pf 09 -0.614 -0.785  0.997 2
0936 pf 10 -0.599  0.243  0.646 8
0960 em 00 -0.116 -0.047  0.125 1
0960 cf 00 -0.495 -0.044  0.497 1
0960 pf 01 -0.332 -0.912  0.971 2
0960 pf 02  1.146 -0.451  1.232 4
0960 pf 03  0.020 -0.249  0.250 3
0960 pf 04 -0.078  0.436  0.443 7
0960 pf 05 -0.831  0.329  0.894 8
0960 pf 06 -0.196 -0.041  0.200 1
0960 pf 07 -0.198  1.353  1.367 7
0960 pf 08  0.821 -0.229  0.852 4
0960 pf 09 -0.647 -0.959  1.156 2
0960 pf 10 -0.486  0.161  0.512 8
0984 em 00 -0.043 -0.023  0.049 1
0984 cf 00 -0.304 -0.103  0.321 1
0984 pf 01 -0.083 -0.830  0.834 2
0984 pf 02  1.154 -0.417  1.227 4
0984 pf 03 -0.034  0.166  0.169 7
0984 pf 04  0.094 -0.006  0.095 4
0984 pf 05 -0.512  0.470  0.695 8
0984 pf 06 -0.489  0.156  0.514 8
0984 pf 07 -0.373  1.110  1.171 7
0984 pf 08  0.892  0.119  0.900 5
0984 pf 09 -0.281 -1.030  1.068 2
0984 pf 10 -0.534  0.037  0.535 8
1008 em 00  0.012  0.074  0.075 6
1008 cf 00 -0.008  0.056  0.057 7
1008 pf 01  0.082 -0.587  0.592 3
1008 pf 02  1.280  0.039  1.281 5
1008 pf 03 -0.080  0.513  0.519 7
1008 pf 04 -0.094 -0.187  0.209 2
1008 pf 05 -0.292  0.584  0.653 7
1008 pf 06 -0.446  0.086  0.454 8
1008 pf 07 -0.551  0.685  0.879 7
1008 pf 08  0.733  0.294  0.790 5
1008 pf 09  0.036 -0.898  0.899 3
1008 pf 10 -0.494  0.143  0.515 8
1032 em 00  0.111  0.037  0.117 5
1032 cf 00  0.075  0.298  0.308 6
1032 pf 01  0.193 -0.747  0.772 3
1032 pf 02  1.280 -0.030  1.280 4
1032 pf 03  0.221  0.720  0.753 6
1032 pf 04  0.137 -0.247  0.282 3
1032 pf 05 -0.122  0.457  0.473 7
1032 pf 06 -0.241  0.023  0.242 8
1032 pf 07 -0.305  0.254  0.397 8
1032 pf 08  0.295  0.323  0.437 6
1032 pf 09  0.165 -0.934  0.949 3
1032 pf 10 -0.471  0.182  0.505 8
1056 em 00  0.154  0.103  0.185 5
1056 cf 00  0.081  0.342  0.352 6
1056 pf 01  0.031 -0.679  0.680 3
1056 pf 02  1.205  0.381  1.264 5
1056 pf 03  0.265  0.438  0.512 6
1056 pf 04  0.363 -0.098  0.376 4
1056 pf 05  0.151  0.479  0.502 6
1056 pf 06  0.092  0.006  0.092 5
1056 pf 07 -0.175 -0.078  0.192 1
1056 pf 08 -0.112  0.578  0.589 7
1056 pf 09  0.071 -0.548  0.552 3
1056 pf 10 -0.307  0.176  0.353 8
1080 em 00  0.155  0.162  0.224 6
1080 cf 00 -0.198  0.231  0.304 7
1080 pf 01  0.165 -0.525  0.551 3
1080 pf 02  1.152  0.607  1.302 5
1080 pf 03 -0.042  0.341  0.343 7
1080 pf 04  0.897  0.249  0.931 5
1080 pf 05  0.184  0.610  0.637 6
1080 pf 06 -0.186 -0.235  0.300 2
1080 pf 07  0.127 -0.062  0.141 4
1080 pf 08 -0.564  0.707  0.904 7
1080 pf 09  0.179 -0.144  0.230 4
1080 pf 10 -0.046 -0.132  0.140 2
1104 em 00  0.214  0.243  0.324 6
1104 cf 00 -0.439  0.268  0.514 8
1104 pf 01  0.461 -0.254  0.527 4
1104 pf 02  1.296  0.765  1.505 5
1104 pf 03 -0.269  0.309  0.409 7
1104 pf 04  1.174  0.333  1.220 5
1104 pf 05  0.187  0.705  0.729 6
1104 pf 06  0.048 -0.122  0.131 3
1104 pf 07  0.316  0.233  0.393 5
1104 pf 08 -0.721  0.842  1.109 7
1104 pf 09  0.093  0.027  0.097 5
1104 pf 10  0.181 -0.568  0.596 3
