ecmf prod rf 2008121200 20191212 11 046
0024 em 00  0.207  1.072  1.092 6
0024 cf 00  0.156  1.051  1.062 6
0024 pf 01  0.139  1.071  1.080 6
0024 pf 02  0.163  0.873  0.888 6
0024 pf 03  0.146  0.968  0.979 6
0024 pf 04  0.361  1.216  1.268 6
0024 pf 05  0.209  1.164  1.183 6
0024 pf 06  0.206  1.191  1.209 6
0024 pf 07  0.098  0.804  0.810 6
0024 pf 08  0.258  1.058  1.089 6
0024 pf 09  0.224  1.230  1.250 6
0024 pf 10  0.199  1.022  1.042 6
0048 em 00 -0.115  1.189  1.195 7
0048 cf 00 -0.149  1.152  1.162 7
0048 pf 01 -0.174  1.245  1.257 7
0048 pf 02 -0.203  0.964  0.985 7
0048 pf 03 -0.148  1.091  1.101 7
0048 pf 04  0.003  1.274  1.274 6
0048 pf 05 -0.228  1.320  1.340 7
0048 pf 06 -0.129  1.280  1.286 7
0048 pf 07 -0.063  0.891  0.893 7
0048 pf 08 -0.049  1.180  1.181 7
0048 pf 09 -0.130  1.317  1.324 7
0048 pf 10 -0.102  1.213  1.217 7
0072 em 00  0.043  1.200  1.201 6
0072 cf 00 -0.057  1.175  1.176 7
0072 pf 01 -0.060  1.309  1.311 7
0072 pf 02  0.134  0.823  0.833 6
0072 pf 03 -0.033  1.006  1.006 7
0072 pf 04  0.372  1.577  1.621 6
0072 pf 05 -0.173  1.308  1.319 7
0072 pf 06 -0.046  1.140  1.141 7
0072 pf 07  0.210  0.975  0.997 6
0072 pf 08  0.048  1.205  1.206 6
0072 pf 09 -0.146  1.201  1.210 7
0072 pf 10  0.115  1.337  1.342 6
0096 em 00  0.066  1.063  1.065 6
0096 cf 00 -0.042  1.039  1.039 7
0096 pf 01 -0.040  1.005  1.005 7
0096 pf 02  0.274  0.679  0.732 6
0096 pf 03 -0.020  0.727  0.727 7
0096 pf 04  0.368  1.401  1.448 6
0096 pf 05 -0.023  1.087  1.088 7
0096 pf 06 -0.055  0.994  0.996 7
0096 pf 07  0.094  0.884  0.889 6
0096 pf 08  0.106  1.197  1.202 6
0096 pf 09 -0.089  1.040  1.044 7
0096 pf 10  0.025  1.494  1.494 6
0120 em 00 -0.110  1.112  1.117 7
0120 cf 00 -0.259  1.116  1.145 7
0120 pf 01 -0.290  1.013  1.053 7
0120 pf 02  0.215  0.795  0.824 6
0120 pf 03 -0.084  0.822  0.826 7
0120 pf 04  0.351  1.569  1.607 6
0120 pf 05 -0.104  1.018  1.023 7
0120 pf 06 -0.250  1.074  1.103 7
0120 pf 07  0.020  0.930  0.930 6
0120 pf 08 -0.271  1.288  1.316 7
0120 pf 09 -0.086  0.967  0.971 7
0120 pf 10 -0.549  1.491  1.589 7
0144 em 00 -0.341  1.105  1.156 7
0144 cf 00 -0.482  1.056  1.161 7
0144 pf 01 -0.519  0.921  1.057 7
0144 pf 02  0.204  0.848  0.873 6
0144 pf 03 -0.199  0.932  0.953 7
0144 pf 04 -0.122  1.693  1.697 7
0144 pf 05 -0.420  0.983  1.069 7
0144 pf 06 -0.466  1.095  1.191 7
0144 pf 07 -0.056  0.844  0.846 7
0144 pf 08 -0.662  1.320  1.477 7
0144 pf 09 -0.151  0.880  0.893 7
0144 pf 10 -0.939  1.422  1.704 7
0168 em 00 -0.264  1.026  1.059 7
0168 cf 00 -0.330  1.000  1.052 7
0168 pf 01 -0.500  0.974  1.095 7
0168 pf 02  0.433  1.114  1.195 6
0168 pf 03 -0.159  0.862  0.876 7
0168 pf 04 -0.415  1.549  1.604 7
0168 pf 05 -0.178  0.704  0.726 7
0168 pf 06 -0.422  0.837  0.937 7
0168 pf 07  0.026  0.719  0.720 6
0168 pf 08 -0.561  1.262  1.381 7
0168 pf 09  0.265  0.872  0.912 6
0168 pf 10 -1.124  1.234  1.669 7
0192 em 00 -0.159  0.992  1.005 7
0192 cf 00 -0.176  0.885  0.902 7
0192 pf 01 -0.402  0.969  1.049 7
0192 pf 02  0.364  1.129  1.186 6
0192 pf 03 -0.134  0.815  0.826 7
0192 pf 04 -0.362  1.447  1.492 7
0192 pf 05  0.041  0.561  0.562 6
0192 pf 06 -0.169  1.087  1.100 7
0192 pf 07  0.149  0.649  0.666 6
0192 pf 08 -0.423  1.348  1.412 7
0192 pf 09  0.510  1.026  1.146 6
0192 pf 10 -1.199  0.809  1.446 8
0216 em 00 -0.082  0.999  1.002 7
0216 cf 00 -0.147  0.753  0.767 7
0216 pf 01 -0.365  0.862  0.936 7
0216 pf 02  0.194  1.305  1.319 6
0216 pf 03 -0.025  0.954  0.954 7
0216 pf 04 -0.466  1.456  1.529 7
0216 pf 05  0.272  0.676  0.729 6
0216 pf 06  0.075  1.123  1.126 6
0216 pf 07  0.149  0.604  0.622 6
0216 pf 08 -0.499  1.221  1.319 7
0216 pf 09  0.852  1.177  1.453 6
0216 pf 10 -1.011  0.648  1.201 8
0240 em 00 -0.064  0.918  0.920 7
0240 cf 00 -0.243  0.513  0.567 7
0240 pf 01 -0.387  0.783  0.873 7
0240 pf 02 -0.023  1.278  1.278 7
0240 pf 03 -0.108  0.713  0.721 7
0240 pf 04 -0.555  1.337  1.447 7
0240 pf 05  0.357  0.794  0.871 6
0240 pf 06  0.434  1.246  1.320 6
0240 pf 07  0.254  0.291  0.387 6
0240 pf 08 -0.444  1.058  1.147 7
0240 pf 09  0.920  1.288  1.583 6
0240 pf 10 -0.967  0.585  1.130 8
0264 em 00 -0.058  0.833  0.835 7
0264 cf 00 -0.338  0.339  0.478 7
0264 pf 01 -0.307  0.898  0.949 7
0264 pf 02 -0.171  1.152  1.165 7
0264 pf 03 -0.239  0.615  0.659 7
0264 pf 04 -0.553  1.323  1.434 7
0264 pf 05  0.323  0.754  0.820 6
0264 pf 06  0.714  1.015  1.241 6
0264 pf 07  0.642  0.186  0.668 5
0264 pf 08 -0.364  0.764  0.846 7
0264 pf 09  0.719  1.391  1.565 6
0264 pf 10 -1.111  0.520  1.227 8
0288 em 00 -0.057  0.690  0.692 7
0288 cf 00 -0.242  0.117  0.268 8
0288 pf 01 -0.206  0.420  0.467 7
0288 pf 02 -0.030  0.698  0.698 7
0288 pf 03 -0.594  0.796  0.993 7
0288 pf 04 -0.682  1.384  1.543 7
0288 pf 05  0.285  0.478  0.556 6
0288 pf 06  0.575  0.994  1.149 6
0288 pf 07  1.047  0.101  1.052 5
0288 pf 08 -0.327  0.849  0.910 7
0288 pf 09  0.624  1.240  1.388 6
0288 pf 10 -1.142  0.313  1.185 8
0312 em 00 -0.030  0.551  0.552 7
0312 cf 00 -0.154  0.099  0.183 8
0312 pf 01  0.043  0.065  0.078 6
0312 pf 02  0.118  0.651  0.662 6
0312 pf 03 -0.590  0.970  1.135 7
0312 pf 04 -0.446  0.943  1.043 7
0312 pf 05  0.285  0.281  0.401 5
0312 pf 06  0.705  1.015  1.236 6
0312 pf 07  0.986  0.370  1.053 5
0312 pf 08 -0.442  0.569  0.721 7
0312 pf 09  0.153  0.833  0.847 6
0312 pf 10 -1.073  0.090  1.077 8
0336 em 00 -0.025  0.546  0.546 7
0336 cf 00  0.136 -0.037  0.141 4
0336 pf 01  0.448  0.200  0.491 5
0336 pf 02  0.351  0.684  0.768 6
0336 pf 03 -0.487  1.276  1.365 7
0336 pf 04 -0.373  0.418  0.560 7
0336 pf 05  0.259  0.293  0.391 6
0336 pf 06  0.705  1.121  1.324 6
0336 pf 07  0.681  0.582  0.895 5
0336 pf 08 -0.559  0.763  0.946 7
0336 pf 09 -0.530  0.507  0.733 8
0336 pf 10 -0.992  0.022  0.992 8
0360 em 00 -0.023  0.569  0.569 7
0360 cf 00  0.142  0.010  0.143 5
0360 pf 01  0.722  0.607  0.944 5
0360 pf 02  0.403  0.660  0.773 6
0360 pf 03 -0.316  1.366  1.402 7
0360 pf 04 -0.433  0.275  0.513 8
0360 pf 05  0.217  0.602  0.640 6
0360 pf 06  0.367  1.192  1.247 6
0360 pf 07  0.833  0.833  1.178 6
0360 pf 08 -0.458  0.461  0.650 7
0360 pf 09 -0.906  0.443  1.009 8
0360 pf 10 -0.906 -0.355  0.973 1
0384 em 00 -0.018  0.702  0.702 7
0384 cf 00 -0.006  0.109  0.109 7
0384 pf 01  0.921  1.054  1.399 6
0384 pf 02  0.621  0.949  1.134 6
0384 pf 03 -0.013  1.594  1.594 7
0384 pf 04 -0.380  0.255  0.457 8
0384 pf 05  0.321  0.700  0.770 6
0384 pf 06 -0.136  1.363  1.370 7
0384 pf 07  0.603  1.167  1.314 6
0384 pf 08 -0.451  0.607  0.756 7
0384 pf 09 -1.104  0.319  1.149 8
0384 pf 10 -0.644 -0.563  0.855 1
0408 em 00 -0.035  0.816  0.817 7
0408 cf 00  0.139  0.226  0.265 6
0408 pf 01  0.808  1.680  1.864 6
0408 pf 02  0.618  1.325  1.462 6
0408 pf 03  0.196  1.730  1.741 6
0408 pf 04 -0.399  0.224  0.457 8
0408 pf 05  0.403  0.788  0.885 6
0408 pf 06 -0.358  1.386  1.431 7
0408 pf 07  0.387  1.287  1.344 6
0408 pf 08 -0.585  0.793  0.985 7
0408 pf 09 -1.253 -0.195  1.268 1
0408 pf 10 -0.399 -0.443  0.596 2
0432 em 00 -0.133  0.820  0.830 7
0432 cf 00  0.188  0.282  0.339 6
0432 pf 01  0.411  1.910  1.953 6
0432 pf 02  0.334  1.532  1.568 6
0432 pf 03  0.313  1.693  1.722 6
0432 pf 04 -0.432  0.162  0.461 8
0432 pf 05  0.510  0.872  1.011 6
0432 pf 06 -0.414  1.262  1.328 7
0432 pf 07 -0.013  1.173  1.173 7
0432 pf 08 -0.724  0.845  1.113 7
0432 pf 09 -1.033 -0.621  1.206 1
0432 pf 10 -0.654 -0.263  0.705 1
0456 em 00 -0.222  0.802  0.832 7
0456 cf 00  0.186  0.274  0.331 6
0456 pf 01  0.058  1.665  1.666 6
0456 pf 02 -0.029  1.629  1.629 7
0456 pf 03  0.393  1.493  1.544 6
0456 pf 04 -0.518  0.169  0.545 8
0456 pf 05  0.645  1.201  1.363 6
0456 pf 06 -0.445  1.226  1.304 7
0456 pf 07 -0.177  1.316  1.328 7
0456 pf 08 -0.950  0.543  1.094 8
0456 pf 09 -0.776 -0.657  1.016 1
0456 pf 10 -0.903 -0.198  0.925 1
0480 em 00 -0.301  0.790  0.845 7
0480 cf 00 -0.029  0.635  0.635 7
0480 pf 01 -0.079  1.141  1.144 7
0480 pf 02 -0.210  1.764  1.776 7
0480 pf 03  0.505  1.242  1.340 6
0480 pf 04 -0.330  0.213  0.392 8
0480 pf 05  0.505  1.191  1.294 6
0480 pf 06 -0.439  1.069  1.156 7
0480 pf 07 -0.481  1.675  1.743 7
0480 pf 08 -1.306  0.530  1.409 8
0480 pf 09 -0.545 -0.526  0.758 1
0480 pf 10 -0.971 -0.410  1.053 1
0504 em 00 -0.345  0.706  0.786 7
0504 cf 00 -0.016  0.857  0.857 7
0504 pf 01 -0.401  0.802  0.897 7
0504 pf 02 -0.159  1.746  1.753 7
0504 pf 03  0.790  1.111  1.363 6
0504 pf 04 -0.148  0.027  0.150 8
0504 pf 05  0.472  1.222  1.310 6
0504 pf 06 -0.367  1.187  1.243 7
0504 pf 07 -0.628  1.753  1.862 7
0504 pf 08 -1.588  0.129  1.594 8
0504 pf 09 -0.823 -0.702  1.082 1
0504 pf 10 -0.972 -0.529  1.106 1
0528 em 00 -0.307  0.622  0.694 7
0528 cf 00 -0.123  0.890  0.898 7
0528 pf 01 -0.459  0.921  1.030 7
0528 pf 02 -0.319  1.653  1.684 7
0528 pf 03  1.057  1.106  1.530 6
0528 pf 04 -0.002 -0.024  0.024 2
0528 pf 05  0.419  1.069  1.148 6
0528 pf 06 -0.327  1.230  1.273 7
0528 pf 07 -0.632  1.553  1.677 7
0528 pf 08 -1.462 -0.239  1.481 1
0528 pf 09 -1.033 -0.934  1.393 1
0528 pf 10 -0.547 -0.538  0.768 1
0552 em 00 -0.361  0.671  0.762 7
0552 cf 00 -0.376  0.800  0.884 7
0552 pf 01 -0.493  1.130  1.233 7
0552 pf 02 -0.413  2.042  2.084 7
0552 pf 03  1.164  1.497  1.897 6
0552 pf 04 -0.269  0.017  0.270 8
0552 pf 05  0.338  1.019  1.074 6
0552 pf 06 -0.417  1.320  1.384 7
0552 pf 07 -0.221  1.450  1.466 7
0552 pf 08 -1.788 -0.761  1.943 1
0552 pf 09 -1.285 -0.990  1.622 1
0552 pf 10 -0.235 -0.276  0.363 2
0576 em 00 -0.444  0.680  0.812 7
0576 cf 00 -0.570  0.693  0.898 7
0576 pf 01 -0.544  1.200  1.318 7
0576 pf 02 -0.806  2.221  2.363 7
0576 pf 03  1.172  1.625  2.003 6
0576 pf 04 -0.220  0.298  0.371 7
0576 pf 05  0.114  1.120  1.125 6
0576 pf 06 -0.616  1.127  1.284 7
0576 pf 07 -0.031  1.639  1.639 7
0576 pf 08 -1.911 -1.077  2.194 1
0576 pf 09 -1.248 -1.048  1.630 1
0576 pf 10 -0.210 -0.452  0.499 2
0600 em 00 -0.469  0.687  0.832 7
0600 cf 00 -0.706  0.447  0.835 8
0600 pf 01 -0.565  1.329  1.444 7
0600 pf 02 -0.746  2.382  2.496 7
0600 pf 03  0.829  1.609  1.810 6
0600 pf 04 -0.005  0.522  0.522 7
0600 pf 05 -0.220  1.232  1.251 7
0600 pf 06 -0.690  1.214  1.396 7
0600 pf 07  0.009  1.733  1.733 6
0600 pf 08 -1.915 -1.552  2.465 1
0600 pf 09 -1.054 -0.981  1.440 1
0600 pf 10 -0.057 -0.517  0.520 2
0624 em 00 -0.444  0.681  0.813 7
0624 cf 00 -0.476  0.528  0.711 7
0624 pf 01 -0.758  1.292  1.497 7
0624 pf 02 -0.767  2.333  2.456 7
0624 pf 03  0.536  1.657  1.741 6
0624 pf 04  0.219  0.782  0.812 6
0624 pf 05 -0.207  1.484  1.498 7
0624 pf 06 -0.963  1.059  1.431 7
0624 pf 07 -0.191  1.517  1.528 7
0624 pf 08 -1.574 -1.804  2.394 2
0624 pf 09 -0.855 -0.964  1.288 2
0624 pf 10  0.195 -0.522  0.557 3
0648 em 00 -0.383  0.715  0.812 7
0648 cf 00 -0.248  0.550  0.603 7
0648 pf 01 -0.839  1.365  1.602 7
0648 pf 02 -0.618  2.468  2.544 7
0648 pf 03  0.254  1.861  1.878 6
0648 pf 04  0.215  0.630  0.666 6
0648 pf 05 -0.392  1.566  1.614 7
0648 pf 06 -0.755  1.126  1.356 7
0648 pf 07 -0.647  1.386  1.530 7
0648 pf 08 -1.259 -1.962  2.331 2
0648 pf 09 -0.344 -1.003  1.060 2
0648 pf 10  0.454 -0.248  0.517 4
0672 em 00 -0.366  0.808  0.887 7
0672 cf 00 -0.269  0.437  0.513 7
0672 pf 01 -0.748  1.245  1.452 7
0672 pf 02 -0.599  2.627  2.694 7
0672 pf 03  0.194  1.982  1.992 6
0672 pf 04 -0.200  0.589  0.622 7
0672 pf 05 -0.369  1.547  1.591 7
0672 pf 06 -0.699  1.199  1.388 7
0672 pf 07 -0.469  1.434  1.509 7
0672 pf 08 -0.899 -1.861  2.067 2
0672 pf 09 -0.378 -0.769  0.857 2
0672 pf 10  0.449  0.320  0.552 5
0696 em 00 -0.409  0.795  0.893 7
0696 cf 00 -0.225  0.339  0.406 7
0696 pf 01 -0.761  1.148  1.378 7
0696 pf 02 -0.926  2.593  2.753 7
0696 pf 03 -0.127  1.981  1.985 7
0696 pf 04 -0.637  0.401  0.753 8
0696 pf 05 -0.235  1.536  1.554 7
0696 pf 06 -0.788  1.104  1.356 7
0696 pf 07  0.013  1.427  1.427 6
0696 pf 08 -0.865 -1.705  1.912 2
0696 pf 09 -0.446 -0.838  0.949 2
0696 pf 10  0.555  0.644  0.850 6
0720 em 00 -0.495  0.787  0.930 7
0720 cf 00 -0.235  0.075  0.247 8
0720 pf 01 -1.153  1.014  1.535 8
0720 pf 02 -1.142  2.579  2.821 7
0720 pf 03 -0.536  2.070  2.138 7
0720 pf 04 -0.602  0.029  0.602 8
0720 pf 05 -0.218  1.585  1.600 7
0720 pf 06 -0.976  0.904  1.331 8
0720 pf 07  0.167  1.371  1.382 6
0720 pf 08 -0.650 -1.879  1.988 2
0720 pf 09 -0.439 -0.496  0.662 2
0720 pf 10  0.417  1.322  1.386 6
0744 em 00 -0.606  0.739  0.956 7
0744 cf 00 -0.173  0.073  0.188 8
0744 pf 01 -1.462  0.743  1.640 8
0744 pf 02 -1.409  2.363  2.751 7
0744 pf 03 -0.738  1.835  1.978 7
0744 pf 04 -0.753 -0.411  0.857 1
0744 pf 05 -0.402  1.824  1.867 7
0744 pf 06 -1.057  0.489  1.164 8
0744 pf 07  0.235  1.426  1.445 6
0744 pf 08 -0.371 -1.706  1.746 2
0744 pf 09 -0.300 -0.353  0.464 2
0744 pf 10 -0.131  1.791  1.796 7
0768 em 00 -0.639  0.566  0.854 8
0768 cf 00 -0.216 -0.138  0.256 1
0768 pf 01 -1.411  0.125  1.416 8
0768 pf 02 -1.151  2.087  2.384 7
0768 pf 03 -0.844  1.936  2.112 7
0768 pf 04 -0.441 -0.526  0.686 2
0768 pf 05 -0.886  1.682  1.901 7
0768 pf 06 -0.684  0.345  0.766 8
0768 pf 07 -0.063  1.210  1.211 7
0768 pf 08 -0.316 -1.478  1.512 2
0768 pf 09 -0.175 -0.436  0.470 2
0768 pf 10 -0.744  1.396  1.582 7
0792 em 00 -0.617  0.347  0.708 8
0792 cf 00 -0.084 -0.517  0.524 2
0792 pf 01 -1.312 -0.469  1.393 1
0792 pf 02 -1.076  1.737  2.043 7
0792 pf 03 -0.898  1.924  2.124 7
0792 pf 04  0.001 -0.529  0.529 3
0792 pf 05 -1.212  1.441  1.883 7
0792 pf 06 -0.286 -0.016  0.286 1
0792 pf 07 -0.321  1.205  1.247 7
0792 pf 08 -0.349 -1.514  1.554 2
0792 pf 09 -0.003 -0.425  0.425 2
0792 pf 10 -1.131  0.983  1.498 8
0816 em 00 -0.477  0.178  0.509 8
0816 cf 00  0.247 -0.748  0.788 3
0816 pf 01 -0.830 -0.832  1.175 2
0816 pf 02 -0.984  1.439  1.743 7
0816 pf 03 -0.848  1.787  1.977 7
0816 pf 04  0.311 -0.525  0.610 3
0816 pf 05 -1.304  0.971  1.626 8
0816 pf 06 -0.267 -0.286  0.391 2
0816 pf 07 -0.481  1.342  1.426 7
0816 pf 08 -0.072 -1.485  1.487 2
0816 pf 09  0.335 -0.293  0.445 4
0816 pf 10 -1.240  0.618  1.385 8
0840 em 00 -0.432  0.131  0.452 8
0840 cf 00  0.604 -0.662  0.896 3
0840 pf 01 -0.436 -0.855  0.960 2
0840 pf 02 -0.769  1.197  1.422 7
0840 pf 03 -0.659  1.694  1.817 7
0840 pf 04  0.400 -0.184  0.440 4
0840 pf 05 -1.386  0.646  1.529 8
0840 pf 06 -0.461 -0.562  0.727 2
0840 pf 07 -0.875  1.136  1.434 7
0840 pf 08 -0.170 -1.340  1.351 2
0840 pf 09  0.539 -0.321  0.627 4
0840 pf 10 -1.435  0.703  1.598 8
0864 em 00 -0.448  0.096  0.458 8
0864 cf 00  0.773 -0.378  0.860 4
0864 pf 01 -0.358 -0.961  1.026 2
0864 pf 02 -0.644  0.855  1.070 7
0864 pf 03 -0.774  1.381  1.583 7
0864 pf 04  0.063  0.025  0.068 5
0864 pf 05 -1.048  0.494  1.159 8
0864 pf 06 -0.660 -0.653  0.929 1
0864 pf 07 -1.152  1.008  1.530 8
0864 pf 08 -0.367 -1.061  1.123 2
0864 pf 09  0.732 -0.311  0.796 4
0864 pf 10 -1.403  0.674  1.556 8
0888 em 00 -0.406  0.059  0.410 8
0888 cf 00  0.715 -0.110  0.723 4
0888 pf 01 -0.111 -1.174  1.179 2
0888 pf 02 -0.634  0.437  0.770 8
0888 pf 03 -0.956  1.258  1.580 7
0888 pf 04  0.055  0.288  0.293 6
0888 pf 05 -0.702  0.464  0.841 8
0888 pf 06 -0.831 -0.450  0.944 1
0888 pf 07 -0.902  0.562  1.062 8
0888 pf 08 -0.347 -0.890  0.955 2
0888 pf 09  0.552 -0.110  0.563 4
0888 pf 10 -1.239  0.389  1.299 8
0912 em 00 -0.369  0.017  0.369 8
0912 cf 00  0.397 -0.053  0.401 4
0912 pf 01 -0.009 -1.057  1.057 2
0912 pf 02 -0.688  0.221  0.722 8
0912 pf 03 -0.782  1.147  1.388 7
0912 pf 04  0.187  0.466  0.502 6
0912 pf 05 -0.521  0.424  0.672 8
0912 pf 06 -0.747 -0.272  0.795 1
0912 pf 07 -0.540  0.278  0.607 8
0912 pf 08 -0.316 -1.007  1.055 2
0912 pf 09  0.292 -0.057  0.298 4
0912 pf 10 -1.263  0.124  1.269 8
0936 em 00 -0.293  0.031  0.294 8
0936 cf 00  0.221 -0.206  0.303 4
0936 pf 01  0.249 -0.986  1.017 3
0936 pf 02 -0.704  0.290  0.762 8
0936 pf 03 -0.721  1.327  1.511 7
0936 pf 04  0.073  0.848  0.851 6
0936 pf 05 -0.255  0.298  0.392 7
0936 pf 06 -0.326 -0.202  0.384 1
0936 pf 07 -0.473 -0.030  0.474 1
0936 pf 08 -0.298 -0.950  0.996 2
0936 pf 09 -0.070 -0.057  0.090 1
0936 pf 10 -0.854  0.032  0.855 8
0960 em 00 -0.250  0.066  0.258 8
0960 cf 00  0.175 -0.428  0.462 3
0960 pf 01  0.492 -1.075  1.182 3
0960 pf 02 -0.623  0.363  0.721 8
0960 pf 03 -0.751  1.355  1.549 7
0960 pf 04 -0.006  1.259  1.259 7
0960 pf 05 -0.155  0.168  0.228 7
0960 pf 06 -0.032 -0.068  0.075 2
0960 pf 07 -0.767 -0.235  0.803 1
0960 pf 08 -0.330 -1.036  1.087 2
0960 pf 09 -0.180  0.347  0.390 7
0960 pf 10 -0.513  0.096  0.522 8
0984 em 00 -0.199  0.110  0.227 8
0984 cf 00 -0.181 -0.339  0.384 2
0984 pf 01  0.319 -1.076  1.122 3
0984 pf 02 -0.301  0.540  0.618 7
0984 pf 03 -0.735  1.275  1.472 7
0984 pf 04 -0.040  1.569  1.570 7
0984 pf 05 -0.041  0.284  0.287 7
0984 pf 06 -0.002 -0.182  0.182 2
0984 pf 07 -0.936 -0.358  1.002 1
0984 pf 08  0.033 -1.083  1.084 3
0984 pf 09 -0.273  0.493  0.564 7
0984 pf 10  0.031  0.116  0.120 6
1008 em 00 -0.212  0.142  0.255 8
1008 cf 00 -0.455 -0.312  0.552 1
1008 pf 01  0.214 -1.013  1.035 3
1008 pf 02 -0.002  0.769  0.769 7
1008 pf 03 -0.903  1.011  1.355 7
1008 pf 04  0.249  1.725  1.742 6
1008 pf 05 -0.386  0.278  0.475 8
1008 pf 06  0.296 -0.180  0.346 4
1008 pf 07 -1.247 -0.657  1.410 1
1008 pf 08  0.042 -1.051  1.051 3
1008 pf 09 -0.514  0.641  0.822 7
1008 pf 10  0.442  0.399  0.596 5
1032 em 00 -0.098  0.177  0.203 7
1032 cf 00 -0.838 -0.442  0.947 1
1032 pf 01  0.302 -0.969  1.015 3
1032 pf 02  0.161  1.013  1.026 6
1032 pf 03 -0.792  0.675  1.041 8
1032 pf 04  0.512  2.048  2.111 6
1032 pf 05 -0.616  0.314  0.692 8
1032 pf 06  0.653 -0.260  0.703 4
1032 pf 07 -1.205 -0.639  1.364 1
1032 pf 08  0.320 -1.200  1.241 3
1032 pf 09 -0.397  0.750  0.849 7
1032 pf 10  0.862  0.711  1.117 5
1056 em 00 -0.013  0.206  0.206 7
1056 cf 00 -1.038 -0.628  1.213 1
1056 pf 01  0.378 -0.731  0.823 3
1056 pf 02  0.123  1.181  1.188 6
1056 pf 03 -0.601  0.532  0.802 8
1056 pf 04  0.707  2.212  2.322 6
1056 pf 05 -0.805  0.201  0.829 8
1056 pf 06  0.887 -0.064  0.890 4
1056 pf 07 -1.445 -0.560  1.549 1
1056 pf 08  0.688 -1.217  1.398 3
1056 pf 09 -0.159  0.592  0.613 7
1056 pf 10  1.145  0.800  1.397 5
1080 em 00 -0.085  0.121  0.148 7
1080 cf 00 -1.031 -0.933  1.391 1
1080 pf 01  0.008 -0.537  0.537 3
1080 pf 02 -0.088  1.073  1.077 7
1080 pf 03 -0.668  0.664  0.942 8
1080 pf 04  0.767  1.743  1.904 6
1080 pf 05 -0.803 -0.189  0.825 1
1080 pf 06  0.901 -0.033  0.901 4
1080 pf 07 -1.705 -0.595  1.806 1
1080 pf 08  0.737 -1.134  1.353 3
1080 pf 09 -0.051  0.369  0.373 7
1080 pf 10  1.011  0.983  1.411 5
1104 em 00 -0.119  0.140  0.184 7
1104 cf 00 -1.154 -1.213  1.674 2
1104 pf 01 -0.010 -0.528  0.528 2
1104 pf 02 -0.093  1.086  1.089 7
1104 pf 03 -0.522  0.783  0.941 7
1104 pf 04  0.358  1.544  1.585 6
1104 pf 05 -0.411 -0.412  0.582 2
1104 pf 06  0.569  0.478  0.743 5
1104 pf 07 -1.520 -0.525  1.608 1
1104 pf 08  0.876 -1.008  1.335 3
1104 pf 09  0.093  0.507  0.515 6
1104 pf 10  0.499  0.888  1.018 6
