ecmf prod rf 2014110700 20161107 11 046
0024 em 00 -0.851  0.381  0.933 8
0024 cf 00 -0.824  0.401  0.917 8
0024 pf 01 -0.954  0.348  1.016 8
0024 pf 02 -0.836  0.375  0.917 8
0024 pf 03 -0.755  0.344  0.830 8
0024 pf 04 -0.784  0.232  0.818 8
0024 pf 05 -0.777  0.561  0.958 8
0024 pf 06 -0.841  0.312  0.897 8
0024 pf 07 -0.732  0.369  0.820 8
0024 pf 08 -0.956  0.424  1.046 8
0024 pf 09 -0.815  0.290  0.865 8
0024 pf 10 -0.861  0.481  0.986 8
0048 em 00 -1.442  0.405  1.498 8
0048 cf 00 -1.368  0.318  1.404 8
0048 pf 01 -1.678  0.468  1.743 8
0048 pf 02 -1.405  0.380  1.455 8
0048 pf 03 -1.284  0.366  1.335 8
0048 pf 04 -1.290  0.344  1.335 8
0048 pf 05 -1.289  0.548  1.400 8
0048 pf 06 -1.431  0.356  1.475 8
0048 pf 07 -1.222  0.371  1.277 8
0048 pf 08 -1.558  0.409  1.610 8
0048 pf 09 -1.303  0.370  1.355 8
0048 pf 10 -1.745  0.486  1.811 8
0072 em 00 -1.475  0.489  1.554 8
0072 cf 00 -1.379  0.343  1.421 8
0072 pf 01 -1.677  0.551  1.765 8
0072 pf 02 -1.466  0.526  1.558 8
0072 pf 03 -1.557  0.311  1.588 8
0072 pf 04 -1.316  0.630  1.459 8
0072 pf 05 -1.380  0.616  1.511 8
0072 pf 06 -1.563  0.436  1.623 8
0072 pf 07 -1.073  0.533  1.198 8
0072 pf 08 -1.593  0.421  1.648 8
0072 pf 09 -1.214  0.473  1.302 8
0072 pf 10 -1.723  0.531  1.803 8
0096 em 00 -1.638  0.300  1.665 8
0096 cf 00 -1.572  0.225  1.588 8
0096 pf 01 -1.854  0.329  1.883 8
0096 pf 02 -1.511  0.366  1.555 8
0096 pf 03 -1.575  0.105  1.578 8
0096 pf 04 -1.398  0.499  1.484 8
0096 pf 05 -1.827  0.257  1.845 8
0096 pf 06 -1.734  0.137  1.740 8
0096 pf 07 -1.326  0.491  1.414 8
0096 pf 08 -1.734  0.191  1.744 8
0096 pf 09 -1.202  0.388  1.263 8
0096 pf 10 -1.986  0.328  2.013 8
0120 em 00 -1.764  0.081  1.766 8
0120 cf 00 -1.687  0.061  1.688 8
0120 pf 01 -1.847  0.068  1.848 8
0120 pf 02 -1.832  0.190  1.842 8
0120 pf 03 -1.820 -0.159  1.827 1
0120 pf 04 -1.584  0.671  1.720 8
0120 pf 05 -1.909 -0.161  1.916 1
0120 pf 06 -1.711 -0.200  1.723 1
0120 pf 07 -1.511  0.457  1.579 8
0120 pf 08 -1.888 -0.085  1.890 1
0120 pf 09 -1.349  0.095  1.353 8
0120 pf 10 -1.946 -0.008  1.946 1
0144 em 00 -1.565  0.128  1.571 8
0144 cf 00 -1.505  0.095  1.508 8
0144 pf 01 -1.640  0.218  1.654 8
0144 pf 02 -1.412  0.103  1.416 8
0144 pf 03 -1.402 -0.149  1.410 1
0144 pf 04 -1.613  0.851  1.824 8
0144 pf 05 -1.694 -0.166  1.702 1
0144 pf 06 -1.505 -0.056  1.506 1
0144 pf 07 -1.387  0.688  1.548 8
0144 pf 08 -1.678 -0.240  1.695 1
0144 pf 09 -1.300  0.225  1.319 8
0144 pf 10 -1.793 -0.107  1.796 1
0168 em 00 -1.511  0.120  1.516 8
0168 cf 00 -1.480  0.190  1.492 8
0168 pf 01 -1.508  0.057  1.510 8
0168 pf 02 -1.525  0.070  1.527 8
0168 pf 03 -1.274 -0.116  1.279 1
0168 pf 04 -1.666  0.727  1.817 8
0168 pf 05 -1.763 -0.221  1.777 1
0168 pf 06 -1.178 -0.061  1.179 1
0168 pf 07 -1.422  0.653  1.565 8
0168 pf 08 -1.467 -0.038  1.468 1
0168 pf 09 -1.353  0.351  1.398 8
0168 pf 10 -1.727 -0.244  1.745 1
0192 em 00 -1.418  0.122  1.423 8
0192 cf 00 -1.500  0.343  1.539 8
0192 pf 01 -1.214  0.102  1.218 8
0192 pf 02 -1.478  0.059  1.479 8
0192 pf 03 -1.297 -0.236  1.319 1
0192 pf 04 -1.727  0.485  1.794 8
0192 pf 05 -1.545 -0.127  1.550 1
0192 pf 06 -0.887  0.052  0.889 8
0192 pf 07 -1.511  0.482  1.586 8
0192 pf 08 -1.273  0.126  1.280 8
0192 pf 09 -1.399  0.381  1.449 8
0192 pf 10 -1.520 -0.248  1.540 1
0216 em 00 -1.409  0.118  1.414 8
0216 cf 00 -1.490  0.395  1.541 8
0216 pf 01 -1.272 -0.172  1.284 1
0216 pf 02 -1.447  0.013  1.447 8
0216 pf 03 -1.257 -0.235  1.279 1
0216 pf 04 -1.682  0.307  1.710 8
0216 pf 05 -1.435  0.038  1.435 8
0216 pf 06 -0.965  0.197  0.985 8
0216 pf 07 -1.770  0.462  1.829 8
0216 pf 08 -1.287  0.324  1.327 8
0216 pf 09 -1.336  0.453  1.411 8
0216 pf 10 -1.311 -0.416  1.375 1
0240 em 00 -1.383 -0.039  1.383 1
0240 cf 00 -1.407  0.328  1.445 8
0240 pf 01 -0.998 -0.474  1.104 1
0240 pf 02 -1.349 -0.147  1.357 1
0240 pf 03 -1.260 -0.405  1.323 1
0240 pf 04 -1.662 -0.007  1.662 1
0240 pf 05 -1.429 -0.073  1.430 1
0240 pf 06 -0.978 -0.195  0.997 1
0240 pf 07 -1.741  0.274  1.762 8
0240 pf 08 -1.201  0.339  1.248 8
0240 pf 09 -1.513  0.407  1.567 8
0240 pf 10 -1.393 -0.396  1.448 1
0264 em 00 -1.204 -0.164  1.215 1
0264 cf 00 -1.280  0.129  1.287 8
0264 pf 01 -0.834 -0.661  1.064 1
0264 pf 02 -1.267 -0.105  1.272 1
0264 pf 03 -0.843 -0.620  1.046 1
0264 pf 04 -1.429  0.058  1.430 8
0264 pf 05 -1.206 -0.239  1.230 1
0264 pf 06 -0.805 -0.355  0.880 1
0264 pf 07 -1.592  0.144  1.598 8
0264 pf 08 -1.157  0.134  1.165 8
0264 pf 09 -1.380  0.405  1.438 8
0264 pf 10 -1.185 -0.594  1.326 1
0288 em 00 -1.021 -0.170  1.035 1
0288 cf 00 -1.153  0.080  1.155 8
0288 pf 01 -0.643 -0.651  0.915 2
0288 pf 02 -0.987 -0.221  1.011 1
0288 pf 03 -0.775 -0.442  0.892 1
0288 pf 04 -0.933  0.140  0.943 8
0288 pf 05 -1.113 -0.221  1.134 1
0288 pf 06 -0.761 -0.191  0.784 1
0288 pf 07 -1.415  0.036  1.416 8
0288 pf 08 -1.049 -0.091  1.053 1
0288 pf 09 -1.203  0.396  1.266 8
0288 pf 10 -0.967 -0.604  1.140 1
0312 em 00 -0.729 -0.246  0.769 1
0312 cf 00 -0.858 -0.062  0.860 1
0312 pf 01 -0.271 -0.506  0.574 2
0312 pf 02 -0.581 -0.566  0.811 1
0312 pf 03 -0.533 -0.357  0.641 1
0312 pf 04 -0.470  0.044  0.473 8
0312 pf 05 -1.079 -0.368  1.140 1
0312 pf 06 -0.553  0.252  0.608 8
0312 pf 07 -0.975 -0.151  0.987 1
0312 pf 08 -0.969 -0.306  1.016 1
0312 pf 09 -0.935  0.032  0.936 8
0312 pf 10 -0.594 -0.570  0.824 1
0336 em 00 -0.508 -0.352  0.618 1
0336 cf 00 -0.631 -0.183  0.657 1
0336 pf 01 -0.021 -0.434  0.435 2
0336 pf 02 -0.506 -0.715  0.876 2
0336 pf 03 -0.310 -0.021  0.311 1
0336 pf 04 -0.080 -0.149  0.169 2
0336 pf 05 -0.673 -0.494  0.835 1
0336 pf 06 -0.554  0.190  0.585 8
0336 pf 07 -0.821 -0.490  0.956 1
0336 pf 08 -0.763 -0.544  0.937 1
0336 pf 09 -0.664 -0.244  0.708 1
0336 pf 10 -0.397 -0.594  0.714 2
0360 em 00 -0.338 -0.420  0.539 2
0360 cf 00 -0.663 -0.378  0.763 1
0360 pf 01 -0.070 -0.435  0.440 2
0360 pf 02 -0.312 -0.751  0.813 2
0360 pf 03 -0.362  0.123  0.382 8
0360 pf 04  0.149 -0.260  0.300 3
0360 pf 05 -0.273 -0.665  0.719 2
0360 pf 06 -0.606  0.095  0.613 8
0360 pf 07 -0.407 -0.605  0.729 2
0360 pf 08 -0.381 -0.720  0.815 2
0360 pf 09 -0.611 -0.374  0.716 1
0360 pf 10 -0.023 -0.445  0.445 2
0384 em 00 -0.272 -0.392  0.477 2
0384 cf 00 -0.786 -0.208  0.813 1
0384 pf 01  0.177  0.085  0.196 5
0384 pf 02 -0.281 -0.860  0.905 2
0384 pf 03 -0.283  0.286  0.403 7
0384 pf 04 -0.061 -0.509  0.513 2
0384 pf 05 -0.396 -0.434  0.588 2
0384 pf 06 -0.633  0.125  0.646 8
0384 pf 07 -0.092 -0.714  0.720 2
0384 pf 08 -0.063 -0.576  0.580 2
0384 pf 09 -0.350 -0.567  0.666 2
0384 pf 10 -0.076 -0.747  0.751 2
0408 em 00 -0.315 -0.343  0.466 2
0408 cf 00 -1.035  0.124  1.042 8
0408 pf 01  0.046  0.250  0.254 6
0408 pf 02  0.042 -0.990  0.991 3
0408 pf 03 -0.199  0.100  0.222 8
0408 pf 04 -0.277 -0.625  0.683 2
0408 pf 05 -0.570 -0.280  0.635 1
0408 pf 06 -0.537  0.197  0.572 8
0408 pf 07  0.020 -0.644  0.644 3
0408 pf 08 -0.040 -0.394  0.396 2
0408 pf 09 -0.457 -0.669  0.810 2
0408 pf 10 -0.352 -0.681  0.766 2
0432 em 00 -0.326 -0.330  0.464 2
0432 cf 00 -0.890  0.338  0.952 8
0432 pf 01  0.099  0.143  0.174 6
0432 pf 02  0.028 -0.831  0.832 3
0432 pf 03 -0.340 -0.139  0.367 1
0432 pf 04 -0.113 -0.978  0.985 2
0432 pf 05 -0.603 -0.110  0.613 1
0432 pf 06 -0.555  0.226  0.599 8
0432 pf 07 -0.230 -0.208  0.310 1
0432 pf 08 -0.201 -0.446  0.489 2
0432 pf 09 -0.241 -0.700  0.740 2
0432 pf 10 -0.472 -0.742  0.879 2
0456 em 00 -0.304 -0.217  0.374 1
0456 cf 00 -0.572  0.303  0.647 8
0456 pf 01  0.020  0.332  0.332 6
0456 pf 02 -0.037 -0.752  0.753 2
0456 pf 03 -0.451 -0.053  0.455 1
0456 pf 04 -0.096 -0.927  0.932 2
0456 pf 05 -0.665 -0.023  0.666 1
0456 pf 06 -0.811  0.234  0.845 8
0456 pf 07 -0.227  0.097  0.246 8
0456 pf 08 -0.123 -0.435  0.452 2
0456 pf 09 -0.051 -0.300  0.305 2
0456 pf 10 -0.283 -0.660  0.718 2
0480 em 00 -0.342 -0.154  0.375 1
0480 cf 00 -0.498  0.115  0.511 8
0480 pf 01 -0.104  0.668  0.676 7
0480 pf 02 -0.141 -0.554  0.572 2
0480 pf 03 -0.461 -0.013  0.462 1
0480 pf 04  0.005 -0.587  0.587 3
0480 pf 05 -0.842  0.001  0.842 8
0480 pf 06 -0.961 -0.077  0.964 1
0480 pf 07 -0.248  0.191  0.313 8
0480 pf 08 -0.136 -0.426  0.447 2
0480 pf 09  0.034 -0.153  0.157 3
0480 pf 10 -0.376 -0.661  0.760 2
0504 em 00 -0.322 -0.146  0.354 1
0504 cf 00 -0.577  0.269  0.636 8
0504 pf 01 -0.108  0.587  0.597 7
0504 pf 02 -0.230 -0.464  0.517 2
0504 pf 03 -0.283 -0.230  0.365 1
0504 pf 04  0.151 -0.382  0.411 3
0504 pf 05 -0.899 -0.062  0.901 1
0504 pf 06 -1.027 -0.285  1.066 1
0504 pf 07 -0.235  0.062  0.243 8
0504 pf 08 -0.042 -0.292  0.295 2
0504 pf 09  0.218 -0.121  0.249 4
0504 pf 10 -0.474 -0.538  0.717 2
0528 em 00 -0.330 -0.111  0.348 1
0528 cf 00 -0.640  0.482  0.801 8
0528 pf 01 -0.003  0.564  0.564 7
0528 pf 02 -0.339 -0.452  0.566 2
0528 pf 03 -0.203 -0.157  0.256 1
0528 pf 04 -0.233 -0.199  0.306 1
0528 pf 05 -1.071 -0.152  1.082 1
0528 pf 06 -1.052 -0.352  1.109 1
0528 pf 07 -0.160  0.197  0.254 7
0528 pf 08  0.061 -0.059  0.085 4
0528 pf 09  0.522 -0.299  0.602 4
0528 pf 10 -0.491 -0.676  0.836 2
0552 em 00 -0.330 -0.042  0.333 1
0552 cf 00 -0.622  0.672  0.915 7
0552 pf 01 -0.026  0.611  0.611 7
0552 pf 02 -0.258 -0.520  0.581 2
0552 pf 03 -0.296 -0.212  0.364 1
0552 pf 04 -0.314 -0.066  0.321 1
0552 pf 05 -1.174 -0.478  1.268 1
0552 pf 06 -0.931 -0.297  0.977 1
0552 pf 07 -0.274  0.221  0.352 8
0552 pf 08  0.184  0.314  0.364 6
0552 pf 09  0.486 -0.086  0.493 4
0552 pf 10 -0.375 -0.543  0.660 2
0576 em 00 -0.352  0.078  0.361 8
0576 cf 00 -0.455  0.667  0.807 7
0576 pf 01 -0.116  0.785  0.793 7
0576 pf 02 -0.493 -0.432  0.655 1
0576 pf 03 -0.240 -0.195  0.310 1
0576 pf 04 -0.794 -0.352  0.869 1
0576 pf 05 -0.631 -0.697  0.940 2
0576 pf 06 -0.751 -0.139  0.764 1
0576 pf 07 -0.336  0.329  0.470 8
0576 pf 08  0.000  0.483  0.483 6
0576 pf 09  0.310  0.657  0.727 6
0576 pf 10 -0.332 -0.214  0.395 1
0600 em 00 -0.331  0.012  0.331 8
0600 cf 00 -0.389  0.662  0.768 7
0600 pf 01 -0.324  0.652  0.729 7
0600 pf 02 -0.589 -0.773  0.972 2
0600 pf 03 -0.330 -0.221  0.397 1
0600 pf 04 -0.773 -0.592  0.973 1
0600 pf 05 -0.347 -1.087  1.141 2
0600 pf 06 -0.519  0.000  0.519 1
0600 pf 07 -0.453  0.182  0.488 8
0600 pf 08  0.074  0.543  0.548 6
0600 pf 09  0.155  1.045  1.057 6
0600 pf 10 -0.133 -0.303  0.331 2
0624 em 00 -0.345 -0.015  0.346 1
0624 cf 00 -0.585  0.645  0.871 7
0624 pf 01 -0.259  0.611  0.664 7
0624 pf 02 -0.563 -0.724  0.917 2
0624 pf 03 -0.371 -0.051  0.375 1
0624 pf 04 -0.786 -0.707  1.057 1
0624 pf 05 -0.057 -1.235  1.236 2
0624 pf 06 -0.491 -0.088  0.499 1
0624 pf 07 -0.747 -0.201  0.774 1
0624 pf 08  0.284  0.583  0.649 6
0624 pf 09 -0.083  0.962  0.966 7
0624 pf 10 -0.129 -0.004  0.129 1
0648 em 00 -0.357 -0.121  0.377 1
0648 cf 00 -0.828  0.649  1.052 8
0648 pf 01 -0.399  0.703  0.808 7
0648 pf 02 -0.185 -0.686  0.711 2
0648 pf 03 -0.341  0.094  0.353 8
0648 pf 04 -0.743 -1.065  1.299 2
0648 pf 05  0.302 -1.235  1.271 3
0648 pf 06 -0.773 -0.240  0.809 1
0648 pf 07 -0.595 -0.448  0.745 1
0648 pf 08  0.389  0.253  0.464 5
0648 pf 09 -0.532  0.815  0.973 7
0648 pf 10 -0.227 -0.200  0.303 1
0672 em 00 -0.363 -0.138  0.388 1
0672 cf 00 -1.216  0.374  1.272 8
0672 pf 01 -0.332  0.969  1.025 7
0672 pf 02  0.087 -0.804  0.809 3
0672 pf 03 -0.351  0.116  0.370 8
0672 pf 04 -0.525 -1.052  1.175 2
0672 pf 05  0.652 -1.239  1.400 3
0672 pf 06 -0.516 -0.331  0.613 1
0672 pf 07 -0.766 -0.558  0.948 1
0672 pf 08  0.285  0.383  0.478 6
0672 pf 09 -0.919  0.732  1.175 8
0672 pf 10 -0.394 -0.148  0.421 1
0696 em 00 -0.354 -0.222  0.418 1
0696 cf 00 -1.505  0.109  1.509 8
0696 pf 01 -0.420  0.595  0.728 7
0696 pf 02  0.208 -0.968  0.990 3
0696 pf 03 -0.183  0.162  0.244 8
0696 pf 04 -0.511 -0.937  1.068 2
0696 pf 05  0.813 -1.111  1.377 3
0696 pf 06 -0.161 -0.426  0.455 2
0696 pf 07 -0.640 -0.338  0.724 1
0696 pf 08  0.021  0.394  0.395 6
0696 pf 09 -1.228  0.415  1.296 8
0696 pf 10 -0.302 -0.366  0.475 2
0720 em 00 -0.352 -0.366  0.508 2
0720 cf 00 -1.575 -0.206  1.588 1
0720 pf 01 -0.377  0.237  0.445 8
0720 pf 02  0.281 -1.227  1.258 3
0720 pf 03 -0.148 -0.171  0.227 2
0720 pf 04 -0.252 -0.988  1.019 2
0720 pf 05  0.773 -0.815  1.123 3
0720 pf 06 -0.067 -0.534  0.538 2
0720 pf 07 -0.555 -0.348  0.655 1
0720 pf 08 -0.303  0.565  0.641 7
0720 pf 09 -1.282 -0.190  1.296 1
0720 pf 10 -0.382 -0.376  0.536 1
0744 em 00 -0.341 -0.529  0.630 2
0744 cf 00 -1.733 -0.424  1.784 1
0744 pf 01 -0.217  0.028  0.219 8
0744 pf 02  0.316 -1.344  1.381 3
0744 pf 03 -0.020 -0.363  0.364 2
0744 pf 04 -0.019 -1.083  1.083 2
0744 pf 05  0.611 -0.508  0.795 4
0744 pf 06 -0.031 -0.709  0.710 2
0744 pf 07 -0.385 -0.633  0.741 2
0744 pf 08 -0.619  0.448  0.764 8
0744 pf 09 -1.240 -0.728  1.438 1
0744 pf 10 -0.428 -0.504  0.662 2
0768 em 00 -0.403 -0.635  0.752 2
0768 cf 00 -1.471 -0.852  1.700 1
0768 pf 01 -0.128 -0.181  0.222 2
0768 pf 02  0.090 -1.475  1.477 3
0768 pf 03  0.003 -0.379  0.379 3
0768 pf 04 -0.386 -1.158  1.220 2
0768 pf 05  0.337 -0.208  0.396 4
0768 pf 06 -0.088 -0.658  0.664 2
0768 pf 07 -0.345 -0.775  0.848 2
0768 pf 08 -0.547  0.259  0.605 8
0768 pf 09 -1.058 -0.994  1.451 1
0768 pf 10 -0.836 -0.569  1.012 1
0792 em 00 -0.438 -0.806  0.917 2
0792 cf 00 -1.276 -1.340  1.850 2
0792 pf 01  0.121 -0.654  0.665 3
0792 pf 02 -0.164 -1.500  1.509 2
0792 pf 03  0.186 -0.614  0.642 3
0792 pf 04 -0.454 -1.279  1.358 2
0792 pf 05  0.079  0.326  0.336 6
0792 pf 06 -0.507 -0.645  0.820 2
0792 pf 07 -0.158 -0.720  0.737 2
0792 pf 08 -0.480 -0.372  0.607 1
0792 pf 09 -0.916 -1.277  1.572 2
0792 pf 10 -1.257 -0.761  1.469 1
0816 em 00 -0.380 -0.913  0.989 2
0816 cf 00 -1.022 -1.649  1.940 2
0816 pf 01  0.054 -0.634  0.637 3
0816 pf 02 -0.088 -1.715  1.717 2
0816 pf 03  0.509 -0.285  0.584 4
0816 pf 04 -0.676 -1.321  1.484 2
0816 pf 05 -0.031  0.664  0.665 7
0816 pf 06 -0.822 -0.838  1.174 2
0816 pf 07  0.098 -1.028  1.032 3
0816 pf 08 -0.092 -0.593  0.600 2
0816 pf 09 -0.725 -1.400  1.576 2
0816 pf 10 -1.382 -1.190  1.824 1
0840 em 00 -0.306 -1.057  1.100 2
0840 cf 00 -0.762 -1.962  2.105 2
0840 pf 01 -0.156 -1.108  1.119 2
0840 pf 02  0.047 -1.710  1.710 3
0840 pf 03  0.451 -0.057  0.455 4
0840 pf 04 -0.651 -1.743  1.861 2
0840 pf 05 -0.266  1.135  1.166 7
0840 pf 06 -0.808 -1.138  1.396 2
0840 pf 07  0.398 -1.176  1.242 3
0840 pf 08  0.142 -0.669  0.684 3
0840 pf 09 -0.506 -1.477  1.562 2
0840 pf 10 -1.255 -1.657  2.079 2
0864 em 00 -0.146 -1.215  1.223 2
0864 cf 00 -0.537 -2.210  2.275 2
0864 pf 01 -0.332 -1.439  1.477 2
0864 pf 02  0.524 -1.762  1.838 3
0864 pf 03  0.573 -0.103  0.583 4
0864 pf 04 -0.619 -1.985  2.079 2
0864 pf 05 -0.444  0.926  1.027 7
0864 pf 06 -0.415 -1.262  1.328 2
0864 pf 07  0.886 -1.311  1.582 3
0864 pf 08  0.034 -0.870  0.871 3
0864 pf 09 -0.303 -1.561  1.590 2
0864 pf 10 -0.990 -1.727  1.990 2
0888 em 00 -0.044 -1.419  1.420 2
0888 cf 00 -0.348 -2.375  2.401 2
0888 pf 01 -0.156 -1.693  1.700 2
0888 pf 02  0.528 -1.654  1.737 3
0888 pf 03  0.376 -0.312  0.489 4
0888 pf 04 -0.394 -2.286  2.319 2
0888 pf 05 -0.572  0.497  0.758 8
0888 pf 06 -0.206 -1.384  1.399 2
0888 pf 07  1.034 -1.316  1.673 3
0888 pf 08 -0.131 -1.317  1.324 2
0888 pf 09 -0.011 -1.774  1.774 2
0888 pf 10 -0.646 -1.908  2.015 2
0912 em 00  0.078 -1.449  1.451 3
0912 cf 00 -0.187 -2.541  2.548 2
0912 pf 01  0.137 -1.650  1.656 3
0912 pf 02  0.699 -1.579  1.727 3
0912 pf 03 -0.192 -0.146  0.241 1
0912 pf 04  0.071 -2.179  2.180 3
0912 pf 05 -0.854  0.539  1.010 8
0912 pf 06  0.158 -1.497  1.505 3
0912 pf 07  0.986 -1.379  1.696 3
0912 pf 08 -0.138 -1.523  1.529 2
0912 pf 09  0.292 -1.815  1.838 3
0912 pf 10 -0.175 -2.050  2.058 2
0936 em 00  0.273 -1.375  1.401 3
0936 cf 00  0.253 -2.527  2.539 3
0936 pf 01  0.590 -1.667  1.768 3
0936 pf 02  0.678 -1.726  1.855 3
0936 pf 03 -0.786  0.371  0.869 8
0936 pf 04  0.549 -1.766  1.849 3
0936 pf 05 -0.479  0.226  0.530 8
0936 pf 06  0.306 -1.554  1.584 3
0936 pf 07  0.912 -1.387  1.660 3
0936 pf 08  0.027 -1.472  1.472 3
0936 pf 09  0.726 -1.571  1.731 3
0936 pf 10  0.159 -1.926  1.932 3
0960 em 00  0.502 -1.266  1.362 3
0960 cf 00  0.652 -2.515  2.598 3
0960 pf 01  0.896 -1.777  1.990 3
0960 pf 02  0.823 -1.770  1.952 3
0960 pf 03 -1.088  0.533  1.212 8
0960 pf 04  0.771 -1.672  1.841 3
0960 pf 05  0.129  0.213  0.249 6
0960 pf 06  0.317 -1.621  1.652 3
0960 pf 07  1.216 -1.146  1.671 4
0960 pf 08  0.399 -1.454  1.508 3
0960 pf 09  1.114 -0.976  1.481 4
0960 pf 10  0.208 -1.623  1.636 3
0984 em 00  0.603 -1.309  1.441 3
0984 cf 00  0.798 -2.500  2.624 3
0984 pf 01  1.191 -1.613  2.005 3
0984 pf 02  0.864 -1.539  1.765 3
0984 pf 03 -1.073  0.122  1.080 8
0984 pf 04  0.965 -1.547  1.823 3
0984 pf 05  0.198 -0.368  0.418 3
0984 pf 06  0.493 -1.660  1.731 3
0984 pf 07  1.186 -1.146  1.650 4
0984 pf 08  0.609 -1.537  1.653 3
0984 pf 09  1.019 -0.893  1.355 4
0984 pf 10  0.267 -1.594  1.616 3
1008 em 00  0.712 -1.321  1.500 3
1008 cf 00  0.724 -2.553  2.654 3
1008 pf 01  1.142 -1.457  1.852 3
1008 pf 02  0.986 -1.441  1.746 3
1008 pf 03 -0.806 -0.260  0.847 1
1008 pf 04  1.188 -1.659  2.041 3
1008 pf 05  0.298 -0.439  0.531 3
1008 pf 06  0.473 -1.778  1.840 3
1008 pf 07  1.483 -1.004  1.791 4
1008 pf 08  0.950 -1.405  1.696 3
1008 pf 09  0.721 -0.566  0.917 4
1008 pf 10  0.540 -1.832  1.910 3
1032 em 00  0.799 -1.272  1.502 3
1032 cf 00  0.656 -2.501  2.586 3
1032 pf 01  0.980 -1.435  1.738 3
1032 pf 02  1.278 -1.339  1.851 3
1032 pf 03 -0.777 -0.686  1.036 1
1032 pf 04  1.116 -1.681  2.018 3
1032 pf 05  0.721 -0.480  0.866 4
1032 pf 06  0.617 -1.627  1.740 3
1032 pf 07  1.726 -0.640  1.841 4
1032 pf 08  1.023 -1.155  1.542 3
1032 pf 09  0.643 -0.511  0.821 4
1032 pf 10  0.681 -1.823  1.946 3
1056 em 00  1.028 -1.092  1.500 3
1056 cf 00  0.868 -2.290  2.449 3
1056 pf 01  1.107 -1.131  1.583 3
1056 pf 02  1.400 -1.221  1.858 4
1056 pf 03 -0.417 -0.817  0.917 2
1056 pf 04  1.155 -1.381  1.800 3
1056 pf 05  1.157 -0.379  1.217 4
1056 pf 06  1.143 -1.269  1.708 3
1056 pf 07  2.066 -0.167  2.072 4
1056 pf 08  1.521 -0.991  1.815 4
1056 pf 09  0.555 -0.446  0.712 4
1056 pf 10  0.599 -1.840  1.935 3
1080 em 00  1.128 -1.080  1.561 4
1080 cf 00  1.158 -2.021  2.329 3
1080 pf 01  1.444 -0.862  1.682 4
1080 pf 02  1.338 -1.358  1.906 3
1080 pf 03 -0.196 -1.053  1.071 2
1080 pf 04  1.007 -1.552  1.850 3
1080 pf 05  1.580 -0.288  1.606 4
1080 pf 06  1.249 -0.956  1.573 4
1080 pf 07  1.975 -0.243  1.989 4
1080 pf 08  1.761 -0.940  1.996 4
1080 pf 09  0.338 -0.479  0.587 3
1080 pf 10  0.565 -2.068  2.144 3
1104 em 00  1.275 -0.825  1.519 4
1104 cf 00  1.694 -1.686  2.391 4
1104 pf 01  1.625 -0.151  1.632 4
1104 pf 02  1.658 -1.022  1.948 4
1104 pf 03  0.036 -0.911  0.912 3
1104 pf 04  1.054 -1.605  1.920 3
1104 pf 05  1.566 -0.187  1.577 4
1104 pf 06  1.393 -0.282  1.421 4
1104 pf 07  1.778 -0.251  1.795 4
1104 pf 08  1.755 -0.418  1.804 4
1104 pf 09  0.424 -0.705  0.823 3
1104 pf 10  0.869 -1.853  2.046 3
