ecmf prod rf 2003122000 20181220 11 046
0024 em 00  1.748  0.504  1.820 5
0024 cf 00  1.706  0.500  1.777 5
0024 pf 01  1.811  0.505  1.881 5
0024 pf 02  1.712  0.463  1.773 5
0024 pf 03  1.857  0.492  1.921 5
0024 pf 04  1.601  0.571  1.700 5
0024 pf 05  1.719  0.577  1.813 5
0024 pf 06  1.779  0.573  1.869 5
0024 pf 07  1.676  0.497  1.749 5
0024 pf 08  1.744  0.467  1.806 5
0024 pf 09  1.866  0.556  1.947 5
0024 pf 10  1.683  0.260  1.703 5
0048 em 00  1.580  0.982  1.860 5
0048 cf 00  1.539  0.909  1.788 5
0048 pf 01  1.675  0.936  1.919 5
0048 pf 02  1.488  0.953  1.767 5
0048 pf 03  1.779  1.003  2.042 5
0048 pf 04  1.442  1.040  1.778 5
0048 pf 05  1.625  0.933  1.874 5
0048 pf 06  1.508  0.949  1.781 5
0048 pf 07  1.609  0.960  1.874 5
0048 pf 08  1.497  1.010  1.806 5
0048 pf 09  1.483  1.016  1.798 5
0048 pf 10  1.672  0.977  1.936 5
0072 em 00  1.345  1.387  1.932 6
0072 cf 00  1.275  1.346  1.854 6
0072 pf 01  1.384  1.500  2.041 6
0072 pf 02  1.360  1.411  1.959 6
0072 pf 03  1.550  1.452  2.124 5
0072 pf 04  1.094  1.537  1.887 6
0072 pf 05  1.467  1.330  1.980 5
0072 pf 06  1.228  1.299  1.788 6
0072 pf 07  1.508  1.365  2.034 5
0072 pf 08  1.295  1.299  1.834 6
0072 pf 09  1.308  1.272  1.824 5
0072 pf 10  1.314  1.302  1.850 5
0096 em 00  1.209  1.775  2.148 6
0096 cf 00  1.092  1.703  2.024 6
0096 pf 01  1.142  1.973  2.280 6
0096 pf 02  1.037  1.850  2.121 6
0096 pf 03  1.406  1.713  2.216 6
0096 pf 04  0.779  1.871  2.027 6
0096 pf 05  1.501  1.850  2.383 6
0096 pf 06  1.065  1.775  2.069 6
0096 pf 07  1.475  1.795  2.323 6
0096 pf 08  1.382  1.799  2.268 6
0096 pf 09  1.213  1.552  1.970 6
0096 pf 10  1.217  1.474  1.911 6
0120 em 00  0.946  2.001  2.214 6
0120 cf 00  0.855  1.855  2.042 6
0120 pf 01  0.827  2.109  2.266 6
0120 pf 02  0.833  2.000  2.166 6
0120 pf 03  1.143  2.072  2.366 6
0120 pf 04  0.457  1.840  1.895 6
0120 pf 05  1.236  2.288  2.600 6
0120 pf 06  0.924  1.937  2.147 6
0120 pf 07  1.102  2.110  2.380 6
0120 pf 08  1.049  2.140  2.383 6
0120 pf 09  0.963  1.772  2.016 6
0120 pf 10  1.040  1.695  1.989 6
0144 em 00  0.607  2.013  2.103 6
0144 cf 00  0.534  1.766  1.845 6
0144 pf 01  0.311  2.185  2.207 6
0144 pf 02  0.514  2.045  2.109 6
0144 pf 03  1.027  1.983  2.233 6
0144 pf 04  0.198  1.900  1.910 6
0144 pf 05  1.014  2.186  2.409 6
0144 pf 06  0.462  1.982  2.035 6
0144 pf 07  0.540  2.065  2.134 6
0144 pf 08  0.650  2.044  2.145 6
0144 pf 09  0.589  1.841  1.933 6
0144 pf 10  0.852  1.918  2.098 6
0168 em 00  0.211  1.837  1.849 6
0168 cf 00  0.194  1.550  1.563 6
0168 pf 01 -0.224  1.856  1.870 7
0168 pf 02  0.056  1.862  1.863 6
0168 pf 03  0.921  1.792  2.015 6
0168 pf 04 -0.229  1.756  1.771 7
0168 pf 05  0.660  2.005  2.111 6
0168 pf 06  0.014  1.886  1.886 6
0168 pf 07 -0.106  1.590  1.593 7
0168 pf 08  0.373  1.977  2.012 6
0168 pf 09  0.378  1.636  1.679 6
0168 pf 10  0.288  2.072  2.091 6
0192 em 00 -0.125  1.661  1.665 7
0192 cf 00 -0.206  1.433  1.447 7
0192 pf 01 -0.704  1.678  1.819 7
0192 pf 02 -0.311  1.743  1.771 7
0192 pf 03  0.740  1.778  1.925 6
0192 pf 04 -0.456  1.599  1.663 7
0192 pf 05  0.348  1.810  1.843 6
0192 pf 06 -0.232  1.654  1.670 7
0192 pf 07 -0.327  1.178  1.223 7
0192 pf 08 -0.048  1.882  1.883 7
0192 pf 09  0.171  1.519  1.529 6
0192 pf 10 -0.318  1.811  1.839 7
0216 em 00 -0.337  1.553  1.589 7
0216 cf 00 -0.292  1.322  1.354 7
0216 pf 01 -1.110  1.623  1.967 7
0216 pf 02 -0.667  1.407  1.557 7
0216 pf 03  0.416  1.650  1.701 6
0216 pf 04 -0.666  1.687  1.814 7
0216 pf 05 -0.183  1.761  1.770 7
0216 pf 06 -0.239  1.535  1.554 7
0216 pf 07 -0.555  1.089  1.222 7
0216 pf 08  0.045  1.580  1.581 6
0216 pf 09 -0.008  1.453  1.453 7
0216 pf 10 -0.410  1.808  1.854 7
0240 em 00 -0.641  1.336  1.481 7
0240 cf 00 -0.342  1.115  1.166 7
0240 pf 01 -1.363  1.422  1.969 7
0240 pf 02 -0.946  1.251  1.568 7
0240 pf 03 -0.058  1.284  1.285 7
0240 pf 04 -0.917  1.355  1.636 7
0240 pf 05 -0.588  1.411  1.529 7
0240 pf 06 -0.397  1.210  1.274 7
0240 pf 07 -0.835  1.035  1.330 7
0240 pf 08 -0.389  1.402  1.455 7
0240 pf 09 -0.369  1.365  1.414 7
0240 pf 10 -0.789  1.702  1.876 7
0264 em 00 -0.866  1.070  1.376 7
0264 cf 00 -0.698  0.944  1.175 7
0264 pf 01 -1.530  0.983  1.818 8
0264 pf 02 -1.101  0.688  1.299 8
0264 pf 03 -0.472  1.010  1.115 7
0264 pf 04 -0.887  1.368  1.630 7
0264 pf 05 -0.943  1.059  1.418 7
0264 pf 06 -0.560  0.963  1.114 7
0264 pf 07 -0.892  0.855  1.235 8
0264 pf 08 -0.737  1.202  1.410 7
0264 pf 09 -0.684  1.081  1.279 7
0264 pf 10 -0.952  1.508  1.783 7
0288 em 00 -0.973  0.804  1.262 8
0288 cf 00 -0.876  0.800  1.186 8
0288 pf 01 -1.625  0.573  1.723 8
0288 pf 02 -1.085 -0.044  1.086 1
0288 pf 03 -0.740  0.862  1.137 7
0288 pf 04 -1.022  1.030  1.451 7
0288 pf 05 -0.912  0.951  1.318 7
0288 pf 06 -0.441  0.952  1.049 7
0288 pf 07 -0.842  0.567  1.015 8
0288 pf 08 -1.071  1.007  1.470 8
0288 pf 09 -0.910  0.912  1.289 7
0288 pf 10 -1.101  1.163  1.601 7
0312 em 00 -0.916  0.587  1.088 8
0312 cf 00 -0.844  0.587  1.028 8
0312 pf 01 -1.330  0.198  1.344 8
0312 pf 02 -1.094 -0.418  1.171 1
0312 pf 03 -0.612  0.836  1.036 7
0312 pf 04 -1.011  0.993  1.417 8
0312 pf 05 -0.822  0.669  1.059 8
0312 pf 06 -0.424  0.877  0.974 7
0312 pf 07 -0.953  0.408  1.037 8
0312 pf 08 -0.973  0.917  1.337 8
0312 pf 09 -0.746  0.350  0.824 8
0312 pf 10 -1.194  0.980  1.545 8
0336 em 00 -0.923  0.558  1.078 8
0336 cf 00 -0.839  0.390  0.925 8
0336 pf 01 -1.025  0.074  1.028 8
0336 pf 02 -1.187 -0.346  1.237 1
0336 pf 03 -0.425  0.793  0.900 7
0336 pf 04 -0.937  1.009  1.377 7
0336 pf 05 -0.880  0.646  1.092 8
0336 pf 06 -0.504  0.613  0.793 7
0336 pf 07 -1.218  0.356  1.269 8
0336 pf 08 -1.185  1.173  1.668 8
0336 pf 09 -0.424  0.162  0.454 8
0336 pf 10 -1.453  1.213  1.893 8
0360 em 00 -0.862  0.441  0.968 8
0360 cf 00 -0.966  0.012  0.966 8
0360 pf 01 -0.727 -0.112  0.735 1
0360 pf 02 -1.130 -0.406  1.200 1
0360 pf 03 -0.520  0.817  0.968 7
0360 pf 04 -0.839  0.893  1.225 7
0360 pf 05 -0.875  0.602  1.062 8
0360 pf 06 -0.261  0.550  0.609 7
0360 pf 07 -1.098  0.424  1.177 8
0360 pf 08 -1.268  1.084  1.668 8
0360 pf 09 -0.332 -0.110  0.350 1
0360 pf 10 -1.406  1.054  1.757 8
0384 em 00 -0.715  0.282  0.769 8
0384 cf 00 -1.128 -0.360  1.184 1
0384 pf 01 -0.168 -0.523  0.550 2
0384 pf 02 -0.710 -0.287  0.766 1
0384 pf 03 -0.562  1.059  1.199 7
0384 pf 04 -0.826  0.744  1.112 8
0384 pf 05 -0.730  0.608  0.950 8
0384 pf 06  0.208  0.413  0.462 6
0384 pf 07 -0.894  0.277  0.936 8
0384 pf 08 -1.198  0.536  1.312 8
0384 pf 09 -0.318 -0.225  0.390 1
0384 pf 10 -1.496  0.838  1.715 8
0408 em 00 -0.668  0.169  0.689 8
0408 cf 00 -1.147 -0.626  1.307 1
0408 pf 01 -0.038 -0.562  0.563 2
0408 pf 02 -0.458 -0.266  0.530 1
0408 pf 03 -0.364  0.998  1.062 7
0408 pf 04 -1.050  0.529  1.176 8
0408 pf 05 -0.653  0.646  0.919 8
0408 pf 06  0.237  0.454  0.512 6
0408 pf 07 -1.010  0.068  1.012 8
0408 pf 08 -1.253  0.394  1.314 8
0408 pf 09 -0.272 -0.137  0.304 1
0408 pf 10 -1.264  0.350  1.312 8
0432 em 00 -0.637  0.123  0.649 8
0432 cf 00 -1.221 -0.648  1.383 1
0432 pf 01 -0.287 -0.489  0.567 2
0432 pf 02 -0.582 -0.258  0.636 1
0432 pf 03 -0.163  1.006  1.019 7
0432 pf 04 -1.273  0.518  1.375 8
0432 pf 05 -0.719  0.692  0.998 8
0432 pf 06  0.044  0.602  0.603 6
0432 pf 07 -0.961 -0.324  1.014 1
0432 pf 08 -0.929  0.271  0.967 8
0432 pf 09 -0.218  0.102  0.240 8
0432 pf 10 -0.606 -0.111  0.617 1
0456 em 00 -0.525  0.029  0.526 8
0456 cf 00 -1.224 -0.793  1.459 1
0456 pf 01 -0.483 -0.507  0.701 2
0456 pf 02 -0.680 -0.363  0.771 1
0456 pf 03 -0.041  1.219  1.220 7
0456 pf 04 -1.209  0.273  1.240 8
0456 pf 05 -0.748  0.894  1.166 7
0456 pf 06  0.154  0.647  0.665 6
0456 pf 07 -0.668 -0.540  0.859 1
0456 pf 08 -0.694  0.021  0.694 8
0456 pf 09  0.020  0.193  0.194 6
0456 pf 10 -0.095 -0.701  0.707 2
0480 em 00 -0.379 -0.028  0.380 1
0480 cf 00 -1.027 -0.708  1.248 1
0480 pf 01 -0.347 -0.505  0.613 2
0480 pf 02 -0.668 -0.429  0.794 1
0480 pf 03 -0.400  1.037  1.112 7
0480 pf 04 -0.751  0.058  0.753 8
0480 pf 05 -0.799  0.864  1.177 7
0480 pf 06  0.482  0.673  0.828 6
0480 pf 07 -0.266 -0.696  0.745 2
0480 pf 08 -0.551 -0.161  0.574 1
0480 pf 09  0.084  0.606  0.612 6
0480 pf 10  0.157 -1.037  1.049 3
0504 em 00 -0.290 -0.053  0.295 1
0504 cf 00 -0.823 -0.849  1.182 2
0504 pf 01 -0.066 -0.412  0.417 2
0504 pf 02 -0.703 -0.666  0.969 1
0504 pf 03 -0.535  1.116  1.238 7
0504 pf 04 -0.477 -0.071  0.482 1
0504 pf 05 -0.781  0.840  1.147 7
0504 pf 06  0.431  0.774  0.886 6
0504 pf 07 -0.279 -0.811  0.858 2
0504 pf 08 -0.541 -0.376  0.659 1
0504 pf 09 -0.106  1.044  1.049 7
0504 pf 10  0.767 -1.175  1.403 3
0528 em 00 -0.306 -0.071  0.314 1
0528 cf 00 -0.651 -0.942  1.145 2
0528 pf 01 -0.261 -0.552  0.611 2
0528 pf 02 -0.724 -0.539  0.903 1
0528 pf 03 -0.642  0.875  1.086 7
0528 pf 04 -0.421 -0.138  0.443 1
0528 pf 05 -0.874  0.525  1.020 8
0528 pf 06  0.251  0.767  0.807 6
0528 pf 07 -0.408 -0.571  0.702 2
0528 pf 08 -0.372 -0.095  0.384 1
0528 pf 09 -0.382  1.091  1.156 7
0528 pf 10  1.187 -1.215  1.699 3
0552 em 00 -0.223 -0.101  0.245 1
0552 cf 00 -0.282 -1.037  1.074 2
0552 pf 01 -0.423 -0.571  0.710 2
0552 pf 02 -0.700 -0.592  0.916 1
0552 pf 03 -0.651  1.109  1.286 7
0552 pf 04  0.044 -0.103  0.112 3
0552 pf 05 -0.932  0.476  1.046 8
0552 pf 06  0.003  0.706  0.706 6
0552 pf 07 -0.327 -0.516  0.611 2
0552 pf 08  0.189 -0.073  0.203 4
0552 pf 09 -0.755  0.617  0.975 8
0552 pf 10  1.450 -1.116  1.830 4
0576 em 00 -0.103 -0.122  0.160 2
0576 cf 00 -0.201 -1.332  1.347 2
0576 pf 01 -0.198 -0.463  0.504 2
0576 pf 02 -0.717 -0.793  1.069 2
0576 pf 03 -0.609  1.425  1.550 7
0576 pf 04  0.318 -0.269  0.416 4
0576 pf 05 -0.706  0.234  0.744 8
0576 pf 06 -0.398  0.512  0.648 7
0576 pf 07 -0.083 -0.496  0.503 2
0576 pf 08  0.743  0.233  0.779 5
0576 pf 09 -0.768  0.170  0.787 8
0576 pf 10  1.543 -0.560  1.641 4
0600 em 00 -0.064 -0.122  0.137 2
0600 cf 00 -0.317 -1.555  1.587 2
0600 pf 01 -0.199 -0.597  0.630 2
0600 pf 02 -0.651 -0.780  1.016 2
0600 pf 03 -0.742  1.396  1.581 7
0600 pf 04  0.287 -0.473  0.554 3
0600 pf 05 -0.490  0.296  0.573 8
0600 pf 06 -0.835  0.326  0.896 8
0600 pf 07  0.208 -0.522  0.562 3
0600 pf 08  0.942  0.501  1.067 5
0600 pf 09 -0.805 -0.038  0.806 1
0600 pf 10  1.958  0.129  1.962 5
0624 em 00 -0.005 -0.156  0.157 2
0624 cf 00 -0.278 -1.651  1.675 2
0624 pf 01 -0.130 -1.004  1.012 2
0624 pf 02 -0.623 -0.831  1.039 2
0624 pf 03 -0.869  1.271  1.539 7
0624 pf 04  0.538 -0.418  0.682 4
0624 pf 05 -0.534  0.348  0.638 8
0624 pf 06 -1.043 -0.005  1.043 1
0624 pf 07  0.701 -0.433  0.824 4
0624 pf 08  0.884  0.693  1.123 5
0624 pf 09 -0.720 -0.288  0.775 1
0624 pf 10  2.064  0.637  2.160 5
0648 em 00  0.019 -0.100  0.102 3
0648 cf 00 -0.117 -1.655  1.659 2
0648 pf 01  0.262 -0.983  1.017 3
0648 pf 02 -0.815 -1.146  1.406 2
0648 pf 03 -0.910  1.120  1.443 7
0648 pf 04  0.771 -0.249  0.810 4
0648 pf 05 -0.765  0.702  1.038 8
0648 pf 06 -0.967 -0.367  1.034 1
0648 pf 07  0.961 -0.450  1.061 4
0648 pf 08  0.830  1.043  1.333 6
0648 pf 09 -0.480 -0.192  0.517 1
0648 pf 10  1.479  1.108  1.848 5
0672 em 00  0.029 -0.030  0.041 3
0672 cf 00  0.057 -1.693  1.694 3
0672 pf 01  0.578 -0.770  0.963 3
0672 pf 02 -0.974 -1.290  1.616 2
0672 pf 03 -1.253  0.758  1.464 8
0672 pf 04  1.012 -0.007  1.012 4
0672 pf 05 -0.640  1.104  1.276 7
0672 pf 06 -0.920 -0.515  1.054 1
0672 pf 07  0.962 -0.334  1.019 4
0672 pf 08  0.692  1.185  1.372 6
0672 pf 09 -0.192  0.057  0.201 8
0672 pf 10  1.051  1.197  1.593 6
0696 em 00 -0.009  0.005  0.010 8
0696 cf 00  0.223 -1.848  1.861 3
0696 pf 01  0.474 -0.816  0.944 3
0696 pf 02 -0.775 -1.220  1.445 2
0696 pf 03 -1.532  0.441  1.594 8
0696 pf 04  1.169  0.380  1.229 5
0696 pf 05 -0.854  1.476  1.705 7
0696 pf 06 -0.868 -0.652  1.086 1
0696 pf 07  0.762 -0.096  0.768 4
0696 pf 08  0.801  1.120  1.377 6
0696 pf 09 -0.153  0.246  0.290 7
0696 pf 10  0.713  1.044  1.264 6
0720 em 00  0.032  0.053  0.062 6
0720 cf 00  0.328 -1.728  1.759 3
0720 pf 01  0.678 -0.675  0.957 4
0720 pf 02 -0.429 -1.177  1.253 2
0720 pf 03 -1.848 -0.084  1.850 1
0720 pf 04  1.461  0.610  1.583 5
0720 pf 05 -0.831  1.890  2.065 7
0720 pf 06 -0.803 -0.987  1.273 2
0720 pf 07  0.394 -0.035  0.395 4
0720 pf 08  1.217  1.235  1.734 6
0720 pf 09 -0.151  0.521  0.542 7
0720 pf 10  0.373  1.025  1.091 6
0744 em 00  0.018  0.149  0.150 6
0744 cf 00  0.559 -1.475  1.578 3
0744 pf 01  1.001 -0.444  1.095 4
0744 pf 02 -0.238 -0.936  0.966 2
0744 pf 03 -2.159 -0.228  2.171 1
0744 pf 04  1.233  0.870  1.509 5
0744 pf 05 -0.749  1.949  2.088 7
0744 pf 06 -0.643 -0.964  1.158 2
0744 pf 07 -0.005  0.323  0.323 7
0744 pf 08  1.538  1.285  2.004 5
0744 pf 09 -0.336  0.855  0.918 7
0744 pf 10  0.031  0.439  0.440 6
0768 em 00 -0.020  0.299  0.300 7
0768 cf 00  0.646 -1.278  1.432 3
0768 pf 01  1.196 -0.047  1.197 4
0768 pf 02 -0.184 -0.717  0.740 2
0768 pf 03 -2.203 -0.349  2.231 1
0768 pf 04  0.876  1.162  1.455 6
0768 pf 05 -0.839  2.170  2.326 7
0768 pf 06 -0.483 -0.913  1.033 2
0768 pf 07 -0.102  0.671  0.679 7
0768 pf 08  1.518  1.561  2.177 6
0768 pf 09 -0.516  0.896  1.034 7
0768 pf 10 -0.119  0.176  0.212 7
0792 em 00 -0.141  0.318  0.348 7
0792 cf 00  0.514 -1.048  1.168 3
0792 pf 01  1.194 -0.312  1.234 4
0792 pf 02  0.050 -0.660  0.662 3
0792 pf 03 -2.174 -0.471  2.224 1
0792 pf 04  0.460  1.348  1.425 6
0792 pf 05 -1.013  1.994  2.236 7
0792 pf 06 -0.722 -0.820  1.093 2
0792 pf 07 -0.471  0.576  0.744 7
0792 pf 08  0.996  1.943  2.183 6
0792 pf 09 -0.394  0.857  0.943 7
0792 pf 10 -0.015  0.134  0.135 7
0816 em 00 -0.254  0.375  0.453 7
0816 cf 00  0.442 -0.838  0.947 3
0816 pf 01  1.139 -0.006  1.139 4
0816 pf 02  0.355 -0.485  0.601 3
0816 pf 03 -2.063 -0.618  2.153 1
0816 pf 04  0.066  1.347  1.349 6
0816 pf 05 -1.444  2.059  2.515 7
0816 pf 06 -0.755 -0.827  1.120 2
0816 pf 07 -0.569  0.432  0.714 8
0816 pf 08  0.691  2.097  2.208 6
0816 pf 09 -0.617  0.807  1.016 7
0816 pf 10 -0.074  0.199  0.212 7
0840 em 00 -0.356  0.390  0.528 7
0840 cf 00  0.264 -0.653  0.704 3
0840 pf 01  1.020  0.405  1.098 5
0840 pf 02  0.478 -0.528  0.712 3
0840 pf 03 -1.488 -0.754  1.668 1
0840 pf 04 -0.017  1.359  1.359 7
0840 pf 05 -2.135  1.824  2.808 8
0840 pf 06 -0.769 -0.857  1.152 2
0840 pf 07 -0.723  0.029  0.723 8
0840 pf 08  0.292  2.316  2.334 6
0840 pf 09 -0.727  0.644  0.971 8
0840 pf 10 -0.130  0.547  0.562 7
0864 em 00 -0.412  0.349  0.540 8
0864 cf 00  0.362 -0.689  0.778 3
0864 pf 01  0.789  0.790  1.116 6
0864 pf 02  0.425 -0.092  0.435 4
0864 pf 03 -0.950 -1.032  1.403 2
0864 pf 04 -0.061  1.193  1.194 7
0864 pf 05 -2.699  1.389  3.036 8
0864 pf 06 -0.609 -0.627  0.874 2
0864 pf 07 -0.922 -0.561  1.079 1
0864 pf 08 -0.077  2.166  2.167 7
0864 pf 09 -0.622  0.533  0.819 8
0864 pf 10 -0.185  0.800  0.821 7
0888 em 00 -0.453  0.224  0.505 8
0888 cf 00  0.388 -0.771  0.864 3
0888 pf 01  0.712  0.876  1.129 6
0888 pf 02  0.232  0.059  0.240 5
0888 pf 03 -0.533 -1.153  1.270 2
0888 pf 04 -0.322  0.780  0.844 7
0888 pf 05 -2.979  1.075  3.167 8
0888 pf 06 -0.369 -0.616  0.718 2
0888 pf 07 -0.960 -0.881  1.303 1
0888 pf 08 -0.187  1.697  1.707 7
0888 pf 09 -0.673  0.263  0.722 8
0888 pf 10 -0.278  1.166  1.199 7
0912 em 00 -0.549  0.164  0.573 8
0912 cf 00  0.456 -0.791  0.913 3
0912 pf 01  0.818  0.983  1.279 6
0912 pf 02 -0.197  0.347  0.399 7
0912 pf 03 -0.210 -1.368  1.384 2
0912 pf 04 -0.458  0.876  0.989 7
0912 pf 05 -3.329  0.855  3.437 8
0912 pf 06 -0.387 -0.383  0.545 1
0912 pf 07 -0.781 -1.139  1.381 2
0912 pf 08 -0.481  1.121  1.220 7
0912 pf 09 -1.097 -0.050  1.098 1
0912 pf 10 -0.325  1.375  1.413 7
0936 em 00 -0.653  0.105  0.661 8
0936 cf 00  0.540 -0.595  0.803 3
0936 pf 01  0.580  1.187  1.321 6
0936 pf 02 -0.491  0.530  0.723 7
0936 pf 03  0.162 -1.461  1.470 3
0936 pf 04 -0.601  1.306  1.437 7
0936 pf 05 -3.526  0.763  3.607 8
0936 pf 06 -0.471 -0.658  0.809 2
0936 pf 07 -0.716 -1.726  1.869 2
0936 pf 08 -0.789  0.532  0.952 8
0936 pf 09 -1.238 -0.124  1.244 1
0936 pf 10 -0.548  1.413  1.515 7
0960 em 00 -0.667  0.018  0.668 8
0960 cf 00  0.789 -0.645  1.020 4
0960 pf 01  0.279  1.016  1.053 6
0960 pf 02 -0.536  0.263  0.597 8
0960 pf 03  0.383 -1.390  1.442 3
0960 pf 04 -0.904  1.309  1.591 7
0960 pf 05 -3.437  0.674  3.502 8
0960 pf 06 -0.514 -0.839  0.984 2
0960 pf 07 -0.580 -1.929  2.015 2
0960 pf 08 -0.839  0.548  1.002 8
0960 pf 09 -1.139 -0.231  1.162 1
0960 pf 10 -0.733  1.441  1.617 7
0984 em 00 -0.704 -0.004  0.704 1
0984 cf 00  0.719 -0.737  1.029 3
0984 pf 01 -0.064  1.225  1.226 7
0984 pf 02 -0.576  0.202  0.610 8
0984 pf 03  0.184 -1.400  1.412 3
0984 pf 04 -1.213  1.215  1.718 7
0984 pf 05 -3.073  0.578  3.127 8
0984 pf 06 -0.314 -0.579  0.659 2
0984 pf 07 -0.627 -2.192  2.279 2
0984 pf 08 -0.879  0.697  1.122 8
0984 pf 09 -0.736 -0.475  0.876 1
0984 pf 10 -1.063  1.430  1.781 7
1008 em 00 -0.644 -0.013  0.644 1
1008 cf 00  0.698 -0.540  0.883 4
1008 pf 01 -0.591  1.611  1.716 7
1008 pf 02 -0.350 -0.029  0.352 1
1008 pf 03  0.101 -1.134  1.139 3
1008 pf 04 -1.256  1.082  1.657 8
1008 pf 05 -2.631  0.366  2.656 8
1008 pf 06 -0.341 -0.410  0.533 2
1008 pf 07 -0.481 -2.074  2.129 2
1008 pf 08 -0.626  0.537  0.825 8
1008 pf 09 -0.405 -0.833  0.926 2
1008 pf 10 -1.113  1.317  1.724 7
1032 em 00 -0.565 -0.096  0.574 1
1032 cf 00  0.474 -0.725  0.866 3
1032 pf 01 -0.875  1.939  2.127 7
1032 pf 02 -0.372 -0.439  0.575 2
1032 pf 03  0.216 -0.857  0.884 3
1032 pf 04 -1.116  0.938  1.458 8
1032 pf 05 -2.612  0.190  2.618 8
1032 pf 06 -0.371 -0.310  0.483 1
1032 pf 07  0.185 -1.885  1.894 3
1032 pf 08 -0.231  0.014  0.232 8
1032 pf 09 -0.227 -0.884  0.912 2
1032 pf 10 -1.238  1.004  1.594 8
1056 em 00 -0.557 -0.231  0.603 1
1056 cf 00  0.482 -0.892  1.014 3
1056 pf 01 -1.001  1.691  1.965 7
1056 pf 02 -0.317 -0.841  0.899 2
1056 pf 03  0.031 -0.654  0.655 3
1056 pf 04 -1.130  1.206  1.653 7
1056 pf 05 -3.030  0.097  3.031 8
1056 pf 06 -0.394 -0.322  0.508 1
1056 pf 07  0.728 -2.055  2.181 3
1056 pf 08  0.126 -0.198  0.234 3
1056 pf 09 -0.192 -1.134  1.150 2
1056 pf 10 -1.409  0.619  1.539 8
1080 em 00 -0.482 -0.262  0.549 1
1080 cf 00  0.577 -0.949  1.111 3
1080 pf 01 -1.003  1.324  1.661 7
1080 pf 02 -0.007 -1.300  1.300 2
1080 pf 03 -0.040 -0.515  0.516 2
1080 pf 04 -1.250  1.300  1.803 7
1080 pf 05 -3.066  0.236  3.075 8
1080 pf 06 -0.277 -0.095  0.293 1
1080 pf 07  1.287 -2.021  2.396 3
1080 pf 08  0.154  0.227  0.274 6
1080 pf 09 -0.256 -1.387  1.410 2
1080 pf 10 -1.419  0.343  1.460 8
1104 em 00 -0.386 -0.337  0.513 1
1104 cf 00  0.494 -1.055  1.165 3
1104 pf 01 -0.988  1.054  1.444 7
1104 pf 02  0.223 -1.360  1.379 3
1104 pf 03 -0.099 -0.593  0.601 2
1104 pf 04 -1.675  1.043  1.974 8
1104 pf 05 -2.866  0.077  2.867 8
1104 pf 06 -0.091 -0.149  0.175 2
1104 pf 07  1.720 -1.676  2.402 4
1104 pf 08  0.214  0.606  0.643 6
1104 pf 09  0.145 -1.432  1.440 3
1104 pf 10 -1.319 -0.214  1.336 1
