ecmf prod rf 2007030800 20180308 11 046
0024 em 00  0.283  1.409  1.437 6
0024 cf 00  0.208  1.380  1.395 6
0024 pf 01  0.375  1.292  1.345 6
0024 pf 02  0.200  1.457  1.471 6
0024 pf 03  0.300  1.288  1.322 6
0024 pf 04  0.297  1.482  1.512 6
0024 pf 05  0.307  1.428  1.461 6
0024 pf 06  0.238  1.486  1.505 6
0024 pf 07  0.261  1.439  1.463 6
0024 pf 08  0.348  1.314  1.359 6
0024 pf 09  0.278  1.429  1.456 6
0024 pf 10  0.166  1.453  1.463 6
0048 em 00  0.286  1.392  1.421 6
0048 cf 00  0.208  1.321  1.338 6
0048 pf 01  0.293  1.469  1.498 6
0048 pf 02  0.304  1.478  1.509 6
0048 pf 03  0.297  1.372  1.404 6
0048 pf 04  0.273  1.431  1.457 6
0048 pf 05  0.400  1.308  1.367 6
0048 pf 06  0.148  1.290  1.299 6
0048 pf 07  0.360  1.424  1.469 6
0048 pf 08  0.355  1.409  1.453 6
0048 pf 09  0.311  1.406  1.440 6
0048 pf 10  0.029  1.313  1.313 6
0072 em 00  0.394  1.394  1.448 6
0072 cf 00  0.371  1.281  1.334 6
0072 pf 01  0.233  1.407  1.426 6
0072 pf 02  0.364  1.470  1.514 6
0072 pf 03  0.337  1.367  1.408 6
0072 pf 04  0.426  1.343  1.409 6
0072 pf 05  0.596  1.549  1.660 6
0072 pf 06  0.314  1.345  1.382 6
0072 pf 07  0.400  1.334  1.393 6
0072 pf 08  0.487  1.250  1.342 6
0072 pf 09  0.354  1.484  1.526 6
0072 pf 10  0.256  1.428  1.451 6
0096 em 00  0.532  1.496  1.588 6
0096 cf 00  0.560  1.371  1.481 6
0096 pf 01  0.289  1.311  1.343 6
0096 pf 02  0.576  1.577  1.679 6
0096 pf 03  0.341  1.506  1.544 6
0096 pf 04  0.478  1.466  1.542 6
0096 pf 05  0.733  1.744  1.892 6
0096 pf 06  0.470  1.513  1.584 6
0096 pf 07  0.644  1.314  1.463 6
0096 pf 08  0.711  1.495  1.656 6
0096 pf 09  0.353  1.500  1.541 6
0096 pf 10  0.463  1.579  1.645 6
0120 em 00  0.481  1.441  1.519 6
0120 cf 00  0.484  1.413  1.493 6
0120 pf 01  0.365  1.148  1.205 6
0120 pf 02  0.665  1.508  1.648 6
0120 pf 03  0.326  1.531  1.565 6
0120 pf 04  0.454  1.531  1.596 6
0120 pf 05  0.511  1.641  1.718 6
0120 pf 06  0.340  1.532  1.569 6
0120 pf 07  0.626  1.278  1.423 6
0120 pf 08  0.514  1.435  1.525 6
0120 pf 09  0.349  1.173  1.224 6
0120 pf 10  0.424  1.597  1.653 6
0144 em 00  0.524  1.389  1.485 6
0144 cf 00  0.443  1.394  1.462 6
0144 pf 01  0.526  1.136  1.252 6
0144 pf 02  0.713  1.618  1.768 6
0144 pf 03  0.495  1.469  1.550 6
0144 pf 04  0.442  1.325  1.397 6
0144 pf 05  0.498  1.536  1.615 6
0144 pf 06  0.325  1.461  1.497 6
0144 pf 07  0.756  1.157  1.382 6
0144 pf 08  0.583  1.324  1.447 6
0144 pf 09  0.398  1.144  1.211 6
0144 pf 10  0.350  1.638  1.675 6
0168 em 00  0.628  1.411  1.544 6
0168 cf 00  0.499  1.367  1.455 6
0168 pf 01  0.778  1.228  1.453 6
0168 pf 02  0.666  1.690  1.816 6
0168 pf 03  0.439  1.504  1.567 6
0168 pf 04  0.745  1.402  1.588 6
0168 pf 05  0.606  1.642  1.751 6
0168 pf 06  0.210  1.432  1.448 6
0168 pf 07  1.085  1.140  1.573 6
0168 pf 08  0.696  1.441  1.601 6
0168 pf 09  0.562  1.052  1.192 6
0168 pf 10  0.358  1.509  1.551 6
0192 em 00  0.810  1.302  1.534 6
0192 cf 00  0.819  1.334  1.565 6
0192 pf 01  0.841  1.160  1.433 6
0192 pf 02  0.745  1.373  1.562 6
0192 pf 03  0.414  1.150  1.222 6
0192 pf 04  1.134  1.377  1.784 6
0192 pf 05  1.011  1.497  1.806 6
0192 pf 06  0.325  1.462  1.497 6
0192 pf 07  1.353  1.110  1.750 5
0192 pf 08  0.761  1.486  1.669 6
0192 pf 09  0.615  1.029  1.199 6
0192 pf 10  0.600  1.259  1.394 6
0216 em 00  0.928  1.238  1.547 6
0216 cf 00  0.957  1.277  1.596 6
0216 pf 01  0.812  0.729  1.091 5
0216 pf 02  1.129  1.391  1.792 6
0216 pf 03  0.412  1.136  1.208 6
0216 pf 04  1.358  1.500  2.024 6
0216 pf 05  1.014  1.584  1.880 6
0216 pf 06  0.502  1.409  1.496 6
0216 pf 07  1.644  1.232  2.055 5
0216 pf 08  0.838  1.251  1.506 6
0216 pf 09  0.543  0.867  1.023 6
0216 pf 10  0.687  1.133  1.325 6
0240 em 00  0.955  1.095  1.453 6
0240 cf 00  1.000  1.163  1.534 6
0240 pf 01  0.669  0.467  0.816 5
0240 pf 02  1.045  1.266  1.641 6
0240 pf 03  0.521  1.121  1.236 6
0240 pf 04  1.235  1.512  1.953 6
0240 pf 05  0.994  1.307  1.642 6
0240 pf 06  0.670  1.274  1.440 6
0240 pf 07  1.732  1.528  2.310 5
0240 pf 08  0.818  0.772  1.125 5
0240 pf 09  0.740  0.661  0.992 5
0240 pf 10  0.777  0.877  1.172 6
0264 em 00  0.937  1.086  1.435 6
0264 cf 00  0.945  1.035  1.402 6
0264 pf 01  0.680  0.287  0.738 5
0264 pf 02  1.043  1.448  1.784 6
0264 pf 03  0.798  1.044  1.314 6
0264 pf 04  1.059  1.486  1.824 6
0264 pf 05  0.802  1.098  1.359 6
0264 pf 06  0.893  1.194  1.491 6
0264 pf 07  1.605  1.783  2.399 6
0264 pf 08  1.010  0.721  1.241 5
0264 pf 09  0.684  0.846  1.088 6
0264 pf 10  0.514  0.889  1.027 6
0288 em 00  0.961  1.121  1.476 6
0288 cf 00  0.959  1.163  1.508 6
0288 pf 01  0.631  0.562  0.845 5
0288 pf 02  0.816  1.578  1.777 6
0288 pf 03  1.299  0.818  1.535 5
0288 pf 04  0.917  1.614  1.856 6
0288 pf 05  0.781  1.155  1.394 6
0288 pf 06  1.241  1.110  1.665 5
0288 pf 07  1.575  1.668  2.294 6
0288 pf 08  0.813  0.777  1.125 5
0288 pf 09  0.793  0.812  1.135 6
0288 pf 10  0.473  0.926  1.040 6
0312 em 00  0.975  1.206  1.551 6
0312 cf 00  0.841  1.428  1.658 6
0312 pf 01  0.918  0.574  1.083 5
0312 pf 02  0.840  1.833  2.016 6
0312 pf 03  1.288  0.850  1.544 5
0312 pf 04  0.834  1.349  1.586 6
0312 pf 05  0.723  1.354  1.535 6
0312 pf 06  1.137  1.258  1.696 6
0312 pf 07  1.658  1.609  2.311 5
0312 pf 08  0.751  0.863  1.143 6
0312 pf 09  0.878  1.050  1.369 6
0312 pf 10  0.587  0.927  1.097 6
0336 em 00  0.966  1.299  1.619 6
0336 cf 00  0.712  1.541  1.698 6
0336 pf 01  1.089  0.743  1.318 5
0336 pf 02  0.615  1.852  1.951 6
0336 pf 03  1.211  0.797  1.449 5
0336 pf 04  0.469  1.400  1.477 6
0336 pf 05  0.693  1.395  1.558 6
0336 pf 06  0.951  1.508  1.782 6
0336 pf 07  1.884  1.827  2.624 5
0336 pf 08  0.834  0.882  1.213 6
0336 pf 09  1.179  1.127  1.631 5
0336 pf 10  0.715  1.008  1.236 6
0360 em 00  0.880  1.339  1.602 6
0360 cf 00  0.331  1.468  1.504 6
0360 pf 01  0.957  0.892  1.308 5
0360 pf 02  0.566  1.762  1.850 6
0360 pf 03  0.760  1.097  1.335 6
0360 pf 04  0.281  1.443  1.470 6
0360 pf 05  0.678  1.460  1.609 6
0360 pf 06  0.702  1.460  1.620 6
0360 pf 07  1.672  1.670  2.363 5
0360 pf 08  0.989  0.965  1.381 5
0360 pf 09  1.487  1.205  1.914 5
0360 pf 10  1.035  1.080  1.496 6
0384 em 00  0.814  1.375  1.598 6
0384 cf 00  0.266  1.426  1.450 6
0384 pf 01  0.788  0.903  1.198 6
0384 pf 02  0.334  1.858  1.888 6
0384 pf 03  0.568  1.318  1.435 6
0384 pf 04  0.330  1.287  1.329 6
0384 pf 05  0.691  1.606  1.748 6
0384 pf 06  0.928  1.490  1.756 6
0384 pf 07  1.342  1.779  2.229 6
0384 pf 08  0.875  1.068  1.380 6
0384 pf 09  1.730  1.177  2.093 5
0384 pf 10  0.935  0.971  1.348 6
0408 em 00  0.732  1.435  1.611 6
0408 cf 00  0.342  1.370  1.412 6
0408 pf 01  0.781  0.865  1.166 6
0408 pf 02  0.210  1.968  1.979 6
0408 pf 03  0.634  1.541  1.666 6
0408 pf 04  0.353  1.316  1.363 6
0408 pf 05  0.675  1.621  1.756 6
0408 pf 06  0.884  1.380  1.639 6
0408 pf 07  1.174  2.015  2.332 6
0408 pf 08  0.680  1.385  1.543 6
0408 pf 09  1.231  1.177  1.703 5
0408 pf 10  0.953  0.892  1.305 5
0432 em 00  0.593  1.516  1.628 6
0432 cf 00  0.359  1.260  1.310 6
0432 pf 01  0.448  0.543  0.704 6
0432 pf 02 -0.091  2.130  2.131 7
0432 pf 03  0.688  1.845  1.969 6
0432 pf 04  0.173  1.250  1.262 6
0432 pf 05  0.254  1.883  1.900 6
0432 pf 06  0.723  1.445  1.616 6
0432 pf 07  1.016  2.116  2.347 6
0432 pf 08  0.660  1.402  1.549 6
0432 pf 09  1.323  1.583  2.063 6
0432 pf 10  0.866  0.952  1.287 6
0456 em 00  0.382  1.527  1.574 6
0456 cf 00  0.207  1.166  1.185 6
0456 pf 01  0.184  0.550  0.580 6
0456 pf 02 -0.316  1.796  1.824 7
0456 pf 03  0.548  2.157  2.226 6
0456 pf 04 -0.082  1.214  1.217 7
0456 pf 05 -0.056  1.889  1.890 7
0456 pf 06  0.574  1.477  1.585 6
0456 pf 07  0.683  2.329  2.427 6
0456 pf 08  0.416  1.204  1.274 6
0456 pf 09  1.113  1.631  1.975 6
0456 pf 10  0.847  1.115  1.400 6
0480 em 00  0.174  1.484  1.494 6
0480 cf 00  0.146  1.133  1.142 6
0480 pf 01  0.098  0.711  0.718 6
0480 pf 02 -0.504  1.707  1.780 7
0480 pf 03  0.142  2.307  2.312 6
0480 pf 04 -0.337  1.181  1.228 7
0480 pf 05 -0.357  1.418  1.462 7
0480 pf 06  0.743  1.355  1.545 6
0480 pf 07  0.393  2.389  2.422 6
0480 pf 08  0.139  1.095  1.104 6
0480 pf 09  0.813  1.653  1.842 6
0480 pf 10  0.600  1.140  1.288 6
0504 em 00  0.079  1.500  1.502 6
0504 cf 00  0.372  1.151  1.210 6
0504 pf 01  0.256  0.872  0.909 6
0504 pf 02 -0.263  1.686  1.707 7
0504 pf 03  0.158  2.278  2.283 6
0504 pf 04 -0.542  1.596  1.685 7
0504 pf 05 -0.540  1.266  1.377 7
0504 pf 06  0.786  1.069  1.327 6
0504 pf 07 -0.021  2.374  2.375 7
0504 pf 08  0.115  1.035  1.041 6
0504 pf 09  0.318  1.649  1.679 6
0504 pf 10  0.219  1.268  1.287 6
0528 em 00  0.013  1.515  1.515 6
0528 cf 00  0.430  1.176  1.252 6
0528 pf 01 -0.020  0.793  0.793 7
0528 pf 02 -0.192  1.840  1.850 7
0528 pf 03  0.016  2.321  2.321 6
0528 pf 04 -0.743  1.874  2.015 7
0528 pf 05 -0.655  1.145  1.319 7
0528 pf 06  0.935  1.075  1.425 6
0528 pf 07  0.100  2.045  2.048 6
0528 pf 08  0.536  1.230  1.342 6
0528 pf 09 -0.134  1.612  1.617 7
0528 pf 10 -0.117  1.319  1.324 7
0552 em 00 -0.010  1.542  1.542 7
0552 cf 00  0.409  1.128  1.200 6
0552 pf 01 -0.201  0.820  0.844 7
0552 pf 02 -0.178  2.200  2.208 7
0552 pf 03 -0.109  2.141  2.144 7
0552 pf 04 -0.652  1.845  1.957 7
0552 pf 05 -0.603  1.338  1.467 7
0552 pf 06  0.909  1.321  1.603 6
0552 pf 07  0.321  1.572  1.604 6
0552 pf 08  0.946  1.546  1.812 6
0552 pf 09 -0.624  1.433  1.563 7
0552 pf 10 -0.311  1.387  1.421 7
0576 em 00 -0.121  1.441  1.446 7
0576 cf 00  0.148  1.126  1.136 6
0576 pf 01 -0.341  0.678  0.759 7
0576 pf 02 -0.113  2.264  2.267 7
0576 pf 03 -0.260  2.086  2.102 7
0576 pf 04 -1.129  1.519  1.892 7
0576 pf 05 -0.488  1.123  1.224 7
0576 pf 06  0.475  1.575  1.645 6
0576 pf 07  0.318  1.273  1.312 6
0576 pf 08  1.149  1.791  2.128 6
0576 pf 09 -0.752  0.968  1.226 7
0576 pf 10 -0.337  1.262  1.306 7
0600 em 00 -0.215  1.382  1.399 7
0600 cf 00  0.034  1.192  1.192 6
0600 pf 01 -0.045  0.533  0.535 7
0600 pf 02 -0.212  2.177  2.187 7
0600 pf 03 -0.220  1.812  1.825 7
0600 pf 04 -1.560  1.596  2.232 7
0600 pf 05 -0.544  1.099  1.227 7
0600 pf 06  0.200  1.645  1.657 6
0600 pf 07  0.185  1.427  1.439 6
0600 pf 08  0.538  1.912  1.986 6
0600 pf 09 -0.513  0.553  0.754 7
0600 pf 10 -0.225  1.066  1.089 7
0624 em 00 -0.330  1.244  1.287 7
0624 cf 00 -0.209  1.109  1.128 7
0624 pf 01  0.148  0.592  0.610 6
0624 pf 02 -0.466  2.211  2.259 7
0624 pf 03 -0.301  1.558  1.587 7
0624 pf 04 -1.782  1.462  2.305 8
0624 pf 05 -0.499  0.711  0.869 7
0624 pf 06 -0.056  1.486  1.487 7
0624 pf 07  0.232  1.276  1.297 6
0624 pf 08  0.066  2.102  2.103 6
0624 pf 09 -0.396  0.526  0.658 7
0624 pf 10 -0.350  0.492  0.604 7
0648 em 00 -0.309  1.179  1.219 7
0648 cf 00 -0.365  1.029  1.092 7
0648 pf 01  0.251  0.485  0.546 6
0648 pf 02 -0.550  2.204  2.272 7
0648 pf 03 -0.425  1.152  1.228 7
0648 pf 04 -1.450  1.466  2.062 7
0648 pf 05 -0.116  0.680  0.690 7
0648 pf 06 -0.039  1.378  1.378 7
0648 pf 07  0.318  1.674  1.704 6
0648 pf 08 -0.657  2.080  2.182 7
0648 pf 09 -0.139  0.309  0.339 7
0648 pf 10 -0.196  0.372  0.421 7
0672 em 00 -0.431  1.043  1.129 7
0672 cf 00 -0.667  0.574  0.880 8
0672 pf 01  0.082  0.476  0.483 6
0672 pf 02 -0.820  1.877  2.048 7
0672 pf 03 -0.373  1.018  1.085 7
0672 pf 04 -1.328  1.073  1.707 8
0672 pf 05 -0.320  0.335  0.464 7
0672 pf 06 -0.151  1.536  1.543 7
0672 pf 07  0.130  1.633  1.638 6
0672 pf 08 -1.035  2.316  2.537 7
0672 pf 09 -0.239  0.195  0.309 8
0672 pf 10  0.009  0.344  0.344 6
0696 em 00 -0.578  0.912  1.080 7
0696 cf 00 -0.641  0.192  0.669 8
0696 pf 01  0.008  0.579  0.579 6
0696 pf 02 -1.317  1.471  1.974 7
0696 pf 03 -0.323  0.687  0.759 7
0696 pf 04 -1.515  0.900  1.762 8
0696 pf 05 -0.323  0.183  0.371 8
0696 pf 06 -0.392  1.466  1.518 7
0696 pf 07 -0.428  1.652  1.707 7
0696 pf 08 -1.341  2.210  2.585 7
0696 pf 09 -0.203  0.348  0.403 7
0696 pf 10  0.166  0.261  0.310 6
0720 em 00 -0.659  0.727  0.982 7
0720 cf 00 -0.536 -0.006  0.536 1
0720 pf 01  0.016  0.487  0.487 6
0720 pf 02 -1.703  1.016  1.984 8
0720 pf 03 -0.462  0.509  0.687 7
0720 pf 04 -1.248  0.518  1.352 8
0720 pf 05 -0.084 -0.093  0.125 2
0720 pf 06 -0.622  1.482  1.607 7
0720 pf 07 -1.015  1.550  1.853 7
0720 pf 08 -1.508  2.039  2.535 7
0720 pf 09 -0.458  0.077  0.464 8
0720 pf 10  0.394  0.357  0.532 5
0744 em 00 -0.763  0.578  0.957 8
0744 cf 00 -0.530 -0.143  0.549 1
0744 pf 01  0.038  0.459  0.461 6
0744 pf 02 -1.729  0.884  1.942 8
0744 pf 03 -0.653  0.053  0.655 8
0744 pf 04 -1.126  0.382  1.189 8
0744 pf 05  0.130 -0.289  0.317 3
0744 pf 06 -0.866  1.361  1.613 7
0744 pf 07 -1.414  1.415  2.000 7
0744 pf 08 -1.852  1.802  2.584 8
0744 pf 09 -0.717 -0.168  0.737 1
0744 pf 10  0.337  0.549  0.644 6
0768 em 00 -0.795  0.375  0.879 8
0768 cf 00 -0.587 -0.236  0.633 1
0768 pf 01  0.321  0.078  0.330 5
0768 pf 02 -1.644  0.402  1.693 8
0768 pf 03 -0.637  0.042  0.638 8
0768 pf 04 -1.163 -0.033  1.163 1
0768 pf 05  0.084 -0.095  0.127 3
0768 pf 06 -1.010  1.253  1.609 7
0768 pf 07 -1.469  1.239  1.922 8
0768 pf 08 -2.016  1.340  2.421 8
0768 pf 09 -0.651 -0.368  0.748 1
0768 pf 10  0.034  0.475  0.477 6
0792 em 00 -0.780  0.244  0.817 8
0792 cf 00 -0.825 -0.507  0.968 1
0792 pf 01  0.255  0.179  0.311 5
0792 pf 02 -1.438  0.034  1.438 8
0792 pf 03 -0.418 -0.240  0.482 1
0792 pf 04 -1.259 -0.163  1.269 1
0792 pf 05  0.068  0.038  0.078 5
0792 pf 06 -1.141  0.867  1.433 8
0792 pf 07 -1.522  1.154  1.910 8
0792 pf 08 -1.957  0.940  2.171 8
0792 pf 09 -0.210 -0.231  0.312 2
0792 pf 10 -0.132  0.553  0.569 7
0816 em 00 -0.760  0.159  0.776 8
0816 cf 00 -0.889 -0.613  1.080 1
0816 pf 01  0.178  0.362  0.403 6
0816 pf 02 -1.186 -0.210  1.205 1
0816 pf 03 -0.435 -0.355  0.562 1
0816 pf 04 -1.276 -0.313  1.314 1
0816 pf 05  0.153  0.265  0.306 6
0816 pf 06 -0.919  0.709  1.161 8
0816 pf 07 -1.498  0.994  1.798 8
0816 pf 08 -2.032  0.469  2.085 8
0816 pf 09 -0.247 -0.213  0.326 1
0816 pf 10 -0.225  0.604  0.645 7
0840 em 00 -0.609  0.152  0.627 8
0840 cf 00 -0.683 -0.615  0.919 1
0840 pf 01  0.317  0.631  0.706 6
0840 pf 02 -0.847 -0.232  0.879 1
0840 pf 03 -0.216 -0.411  0.464 2
0840 pf 04 -0.929 -0.104  0.935 1
0840 pf 05  0.327  0.264  0.420 5
0840 pf 06 -0.764  0.831  1.129 7
0840 pf 07 -1.275  0.587  1.404 8
0840 pf 08 -1.938  0.109  1.941 8
0840 pf 09 -0.432  0.032  0.434 8
0840 pf 10 -0.298  0.509  0.590 7
0864 em 00 -0.510  0.156  0.533 8
0864 cf 00 -0.665 -0.702  0.967 2
0864 pf 01 -0.022  0.632  0.632 7
0864 pf 02 -0.519 -0.173  0.547 1
0864 pf 03  0.128 -0.381  0.402 3
0864 pf 04 -0.553  0.011  0.554 8
0864 pf 05  0.320  0.336  0.464 6
0864 pf 06 -0.613  1.069  1.232 7
0864 pf 07 -0.991  0.337  1.047 8
0864 pf 08 -1.681 -0.189  1.692 1
0864 pf 09 -0.780  0.270  0.825 8
0864 pf 10 -0.305  0.416  0.515 7
0888 em 00 -0.430  0.056  0.433 8
0888 cf 00 -0.659 -0.552  0.860 1
0888 pf 01 -0.278  0.605  0.666 7
0888 pf 02 -0.545 -0.472  0.721 1
0888 pf 03  0.276 -0.543  0.609 3
0888 pf 04 -0.213  0.012  0.213 8
0888 pf 05  0.286  0.145  0.320 5
0888 pf 06 -0.387  1.098  1.164 7
0888 pf 07 -0.687  0.109  0.696 8
0888 pf 08 -1.591 -0.443  1.652 1
0888 pf 09 -0.737  0.369  0.824 8
0888 pf 10 -0.259  0.190  0.322 8
0912 em 00 -0.380 -0.043  0.382 1
0912 cf 00 -0.644 -0.334  0.725 1
0912 pf 01 -0.523  0.297  0.602 8
0912 pf 02 -0.337 -0.619  0.705 2
0912 pf 03  0.465 -0.208  0.509 4
0912 pf 04 -0.290 -0.293  0.412 2
0912 pf 05 -0.068 -0.105  0.125 2
0912 pf 06 -0.003  1.008  1.008 7
0912 pf 07 -0.489  0.021  0.489 8
0912 pf 08 -1.402 -0.717  1.575 1
0912 pf 09 -0.724  0.246  0.765 8
0912 pf 10 -0.218  0.129  0.253 8
0936 em 00 -0.349 -0.062  0.355 1
0936 cf 00 -0.437 -0.160  0.465 1
0936 pf 01 -0.702 -0.007  0.702 1
0936 pf 02 -0.225 -0.581  0.623 2
0936 pf 03  0.542  0.078  0.548 5
0936 pf 04 -0.273 -0.492  0.563 2
0936 pf 05 -0.403  0.080  0.411 8
0936 pf 06 -0.016  0.851  0.851 7
0936 pf 07 -0.391  0.068  0.397 8
0936 pf 08 -1.104 -1.000  1.490 1
0936 pf 09 -0.644  0.159  0.664 8
0936 pf 10 -0.235  0.212  0.317 8
0960 em 00 -0.311 -0.014  0.312 1
0960 cf 00 -0.382 -0.213  0.438 1
0960 pf 01 -0.854 -0.311  0.909 1
0960 pf 02 -0.220 -0.442  0.494 2
0960 pf 03  0.489  0.314  0.581 5
0960 pf 04 -0.301 -0.498  0.582 2
0960 pf 05 -0.221  0.372  0.432 7
0960 pf 06 -0.153  0.986  0.998 7
0960 pf 07 -0.413  0.241  0.478 8
0960 pf 08 -0.746 -1.074  1.308 2
0960 pf 09 -0.448 -0.010  0.448 1
0960 pf 10 -0.223  0.365  0.428 7
0984 em 00 -0.248 -0.032  0.250 1
0984 cf 00 -0.498 -0.305  0.584 1
0984 pf 01 -0.736 -0.219  0.768 1
0984 pf 02 -0.093 -0.355  0.367 2
0984 pf 03  0.410 -0.083  0.419 4
0984 pf 04 -0.028 -0.383  0.384 2
0984 pf 05 -0.150  0.276  0.314 7
0984 pf 06 -0.332  0.778  0.846 7
0984 pf 07 -0.202  0.199  0.283 8
0984 pf 08 -0.378 -0.942  1.015 2
0984 pf 09 -0.354  0.029  0.355 8
0984 pf 10 -0.416  0.519  0.665 7
1008 em 00 -0.218 -0.102  0.241 1
1008 cf 00 -0.605 -0.292  0.672 1
1008 pf 01 -0.517 -0.095  0.526 1
1008 pf 02 -0.146 -0.204  0.251 2
1008 pf 03  0.138 -0.151  0.204 3
1008 pf 04  0.024 -0.515  0.516 3
1008 pf 05 -0.243  0.037  0.246 8
1008 pf 06 -0.552  0.292  0.624 8
1008 pf 07 -0.280 -0.117  0.303 1
1008 pf 08  0.014 -0.714  0.714 3
1008 pf 09  0.019 -0.300  0.301 3
1008 pf 10 -0.280  0.764  0.814 7
1032 em 00 -0.259 -0.133  0.291 1
1032 cf 00 -0.629 -0.421  0.756 1
1032 pf 01 -0.419 -0.272  0.499 1
1032 pf 02 -0.462 -0.028  0.463 1
1032 pf 03 -0.103 -0.073  0.126 1
1032 pf 04 -0.057 -0.346  0.351 2
1032 pf 05 -0.484  0.215  0.529 8
1032 pf 06 -0.642  0.092  0.648 8
1032 pf 07 -0.259 -0.530  0.590 2
1032 pf 08  0.226 -0.562  0.606 3
1032 pf 09  0.048 -0.436  0.438 3
1032 pf 10 -0.086  0.696  0.702 7
1056 em 00 -0.246 -0.097  0.264 1
1056 cf 00 -0.608 -0.514  0.796 1
1056 pf 01 -0.349 -0.340  0.487 1
1056 pf 02 -0.606 -0.003  0.606 1
1056 pf 03 -0.196  0.168  0.258 8
1056 pf 04 -0.250 -0.172  0.304 1
1056 pf 05 -0.757  0.461  0.886 8
1056 pf 06 -0.443  0.164  0.473 8
1056 pf 07 -0.146 -0.587  0.605 2
1056 pf 08  0.558 -0.643  0.851 3
1056 pf 09 -0.047 -0.683  0.685 2
1056 pf 10  0.118  0.883  0.891 6
1080 em 00 -0.221 -0.024  0.222 1
1080 cf 00 -0.616 -0.556  0.830 1
1080 pf 01 -0.444 -0.296  0.534 1
1080 pf 02 -0.618 -0.181  0.644 1
1080 pf 03 -0.411  0.416  0.585 7
1080 pf 04 -0.159 -0.074  0.175 1
1080 pf 05 -0.679  0.464  0.822 8
1080 pf 06 -0.582  0.245  0.632 8
1080 pf 07  0.186 -0.176  0.256 4
1080 pf 08  0.712 -0.597  0.929 4
1080 pf 09  0.002 -0.628  0.628 3
1080 pf 10  0.154  0.912  0.924 6
1104 em 00 -0.205  0.072  0.218 8
1104 cf 00 -0.502 -0.392  0.637 1
1104 pf 01 -0.608 -0.275  0.667 1
1104 pf 02 -0.669 -0.462  0.813 1
1104 pf 03 -0.646  0.499  0.816 8
1104 pf 04  0.030  0.011  0.031 5
1104 pf 05 -0.680  0.673  0.957 8
1104 pf 06 -0.743  0.408  0.847 8
1104 pf 07  0.085  0.009  0.086 5
1104 pf 08  0.633 -0.554  0.841 4
1104 pf 09  0.609 -0.525  0.804 4
1104 pf 10  0.203  1.185  1.202 6
