ecmf prod rf 2005021500 20180215 11 046
0024 em 00 -0.066  0.232  0.241 7
0024 cf 00 -0.145  0.265  0.302 7
0024 pf 01  0.012  0.212  0.213 6
0024 pf 02 -0.100  0.247  0.267 7
0024 pf 03  0.039  0.267  0.270 6
0024 pf 04  0.010  0.204  0.205 6
0024 pf 05 -0.265  0.184  0.323 8
0024 pf 06 -0.020  0.198  0.199 7
0024 pf 07 -0.019  0.133  0.135 7
0024 pf 08 -0.250  0.375  0.451 7
0024 pf 09 -0.023  0.226  0.227 7
0024 pf 10 -0.001  0.327  0.327 7
0048 em 00  0.212  0.226  0.310 6
0048 cf 00  0.181  0.240  0.301 6
0048 pf 01  0.204  0.230  0.308 6
0048 pf 02  0.331  0.164  0.369 5
0048 pf 03  0.440  0.303  0.534 5
0048 pf 04  0.131  0.257  0.289 6
0048 pf 05  0.077  0.200  0.214 6
0048 pf 06  0.078  0.122  0.145 6
0048 pf 07  0.248  0.069  0.257 5
0048 pf 08  0.092  0.272  0.287 6
0048 pf 09  0.195  0.322  0.377 6
0048 pf 10  0.256  0.376  0.455 6
0072 em 00  0.191  0.359  0.407 6
0072 cf 00  0.140  0.347  0.374 6
0072 pf 01  0.056  0.391  0.395 6
0072 pf 02  0.300  0.400  0.501 6
0072 pf 03  0.483  0.531  0.718 6
0072 pf 04 -0.168  0.472  0.501 7
0072 pf 05  0.093  0.296  0.311 6
0072 pf 06  0.095  0.298  0.313 6
0072 pf 07  0.176  0.185  0.255 6
0072 pf 08  0.198  0.133  0.239 5
0072 pf 09  0.243  0.441  0.503 6
0072 pf 10  0.367  0.493  0.615 6
0096 em 00  0.027  0.596  0.597 6
0096 cf 00  0.044  0.574  0.576 6
0096 pf 01 -0.006  0.752  0.752 7
0096 pf 02  0.047  0.586  0.588 6
0096 pf 03 -0.152  0.842  0.855 7
0096 pf 04 -0.197  0.587  0.619 7
0096 pf 05 -0.069  0.688  0.691 7
0096 pf 06  0.007  0.448  0.448 6
0096 pf 07  0.061  0.259  0.266 6
0096 pf 08  0.270  0.412  0.492 6
0096 pf 09 -0.080  0.575  0.580 7
0096 pf 10  0.245  0.824  0.859 6
0120 em 00  0.071  0.687  0.690 6
0120 cf 00  0.111  0.720  0.729 6
0120 pf 01  0.252  0.751  0.792 6
0120 pf 02 -0.099  0.744  0.751 7
0120 pf 03 -0.065  0.799  0.801 7
0120 pf 04 -0.174  0.694  0.715 7
0120 pf 05  0.018  0.567  0.568 6
0120 pf 06 -0.001  0.525  0.525 7
0120 pf 07  0.146  0.324  0.355 6
0120 pf 08  0.165  0.570  0.594 6
0120 pf 09  0.084  0.766  0.771 6
0120 pf 10  0.180  1.046  1.061 6
0144 em 00  0.034  0.700  0.701 6
0144 cf 00  0.106  0.783  0.790 6
0144 pf 01  0.079  0.472  0.479 6
0144 pf 02 -0.143  0.718  0.732 7
0144 pf 03 -0.124  0.749  0.759 7
0144 pf 04 -0.140  0.715  0.729 7
0144 pf 05  0.085  0.719  0.724 6
0144 pf 06 -0.201  0.448  0.491 7
0144 pf 07  0.185  0.261  0.320 6
0144 pf 08  0.161  0.813  0.829 6
0144 pf 09  0.026  0.764  0.764 6
0144 pf 10  0.179  1.186  1.200 6
0168 em 00 -0.266  0.791  0.835 7
0168 cf 00 -0.159  0.844  0.859 7
0168 pf 01 -0.309  0.519  0.603 7
0168 pf 02 -0.472  0.572  0.742 7
0168 pf 03 -0.411  0.919  1.007 7
0168 pf 04 -0.445  0.787  0.904 7
0168 pf 05 -0.186  0.721  0.745 7
0168 pf 06 -0.507  0.709  0.872 7
0168 pf 07  0.032  0.413  0.414 6
0168 pf 08 -0.065  0.983  0.986 7
0168 pf 09 -0.265  0.928  0.965 7
0168 pf 10 -0.257  1.183  1.210 7
0192 em 00 -0.409  0.842  0.936 7
0192 cf 00 -0.304  0.964  1.011 7
0192 pf 01 -0.892  0.612  1.082 8
0192 pf 02 -0.306  0.493  0.581 7
0192 pf 03 -0.632  0.950  1.141 7
0192 pf 04 -0.502  0.874  1.007 7
0192 pf 05 -0.312  0.736  0.800 7
0192 pf 06 -0.778  0.667  1.025 8
0192 pf 07  0.054  0.429  0.433 6
0192 pf 08 -0.304  1.168  1.207 7
0192 pf 09 -0.068  1.109  1.111 7
0192 pf 10 -0.548  1.088  1.218 7
0216 em 00 -0.550  0.846  1.009 7
0216 cf 00 -0.414  0.958  1.043 7
0216 pf 01 -1.162  0.545  1.283 8
0216 pf 02 -0.412  0.585  0.716 7
0216 pf 03 -0.913  1.012  1.364 7
0216 pf 04 -0.597  0.705  0.924 7
0216 pf 05 -0.302  0.749  0.808 7
0216 pf 06 -1.039  0.562  1.181 8
0216 pf 07 -0.060  0.665  0.667 7
0216 pf 08 -0.352  1.202  1.252 7
0216 pf 09 -0.262  1.214  1.242 7
0216 pf 10 -0.602  0.925  1.103 7
0240 em 00 -0.631  0.717  0.955 7
0240 cf 00 -0.495  0.948  1.069 7
0240 pf 01 -1.235  0.385  1.293 8
0240 pf 02 -0.712  0.567  0.910 8
0240 pf 03 -1.187  0.796  1.429 8
0240 pf 04 -0.521  0.561  0.766 7
0240 pf 05 -0.130  0.548  0.563 7
0240 pf 06 -1.084  0.410  1.159 8
0240 pf 07 -0.284  0.508  0.582 7
0240 pf 08 -0.342  1.093  1.146 7
0240 pf 09 -0.495  1.271  1.364 7
0240 pf 10 -0.518  0.621  0.809 7
0264 em 00 -0.712  0.629  0.950 8
0264 cf 00 -0.601  0.790  0.993 7
0264 pf 01 -1.114  0.327  1.161 8
0264 pf 02 -0.973  0.804  1.262 8
0264 pf 03 -1.381  0.603  1.507 8
0264 pf 04 -0.520  0.568  0.770 7
0264 pf 05 -0.442  0.572  0.723 7
0264 pf 06 -1.158  0.296  1.195 8
0264 pf 07 -0.224  0.325  0.395 7
0264 pf 08 -0.449  0.858  0.968 7
0264 pf 09 -0.606  1.276  1.412 7
0264 pf 10 -0.386  0.318  0.500 8
0288 em 00 -0.673  0.622  0.916 8
0288 cf 00 -0.885  0.803  1.195 8
0288 pf 01 -1.119  0.310  1.161 8
0288 pf 02 -1.026  0.743  1.267 8
0288 pf 03 -1.334  0.570  1.451 8
0288 pf 04 -0.121  0.375  0.394 7
0288 pf 05 -0.330  0.803  0.868 7
0288 pf 06 -1.006  0.237  1.034 8
0288 pf 07 -0.119  0.340  0.360 7
0288 pf 08 -0.615  0.916  1.103 7
0288 pf 09 -0.689  1.098  1.296 7
0288 pf 10 -0.177  0.442  0.477 7
0312 em 00 -0.705  0.523  0.878 8
0312 cf 00 -0.895  0.836  1.225 8
0312 pf 01 -0.828  0.078  0.832 8
0312 pf 02 -1.241  0.513  1.343 8
0312 pf 03 -1.295  0.056  1.296 8
0312 pf 04 -0.288  0.258  0.387 8
0312 pf 05 -0.420  0.733  0.845 7
0312 pf 06 -0.984  0.140  0.994 8
0312 pf 07  0.034  0.346  0.347 6
0312 pf 08 -0.786  0.813  1.131 7
0312 pf 09 -0.870  1.228  1.505 7
0312 pf 10 -0.176  0.571  0.597 7
0336 em 00 -0.795  0.584  0.986 8
0336 cf 00 -1.199  0.843  1.466 8
0336 pf 01 -0.457  0.179  0.491 8
0336 pf 02 -1.282  0.150  1.291 8
0336 pf 03 -0.979 -0.065  0.981 1
0336 pf 04 -0.619  0.554  0.831 8
0336 pf 05 -0.726  0.664  0.984 8
0336 pf 06 -1.090  0.308  1.133 8
0336 pf 07 -0.099  0.564  0.573 7
0336 pf 08 -0.669  0.895  1.118 7
0336 pf 09 -1.191  1.407  1.843 7
0336 pf 10 -0.377  0.754  0.843 7
0360 em 00 -0.844  0.591  1.031 8
0360 cf 00 -1.412  0.700  1.576 8
0360 pf 01 -0.721  0.218  0.753 8
0360 pf 02 -1.392 -0.219  1.409 1
0360 pf 03 -0.832 -0.333  0.896 1
0360 pf 04 -1.032  0.743  1.272 8
0360 pf 05 -0.582  0.602  0.837 7
0360 pf 06 -0.888  0.415  0.980 8
0360 pf 07  0.056  0.859  0.861 6
0360 pf 08 -0.607  1.004  1.174 7
0360 pf 09 -1.332  1.531  2.029 7
0360 pf 10 -0.470  0.820  0.945 7
0384 em 00 -0.869  0.587  1.049 8
0384 cf 00 -1.723  0.450  1.781 8
0384 pf 01 -1.005  0.199  1.025 8
0384 pf 02 -1.398 -0.089  1.401 1
0384 pf 03 -0.792 -0.426  0.899 1
0384 pf 04 -0.918  0.586  1.089 8
0384 pf 05 -0.251  0.834  0.871 7
0384 pf 06 -0.572  0.449  0.728 8
0384 pf 07 -0.140  0.962  0.972 7
0384 pf 08 -0.722  1.180  1.384 7
0384 pf 09 -1.345  1.172  1.784 8
0384 pf 10 -0.605  0.991  1.161 7
0408 em 00 -0.927  0.452  1.031 8
0408 cf 00 -2.040  0.456  2.091 8
0408 pf 01 -0.999  0.019  0.999 8
0408 pf 02 -1.473  0.046  1.474 8
0408 pf 03 -0.892 -0.737  1.157 1
0408 pf 04 -0.956  0.242  0.986 8
0408 pf 05 -0.159  0.907  0.921 7
0408 pf 06 -0.211  0.264  0.338 7
0408 pf 07 -0.340  0.948  1.007 7
0408 pf 08 -0.917  1.125  1.452 7
0408 pf 09 -1.227  0.678  1.402 8
0408 pf 10 -0.893  0.885  1.257 8
0432 em 00 -0.946  0.318  0.998 8
0432 cf 00 -2.140  0.389  2.175 8
0432 pf 01 -0.777 -0.194  0.801 1
0432 pf 02 -1.507 -0.053  1.508 1
0432 pf 03 -1.029 -0.551  1.167 1
0432 pf 04 -0.584 -0.103  0.593 1
0432 pf 05 -0.214  0.513  0.556 7
0432 pf 06 -0.210  0.330  0.391 7
0432 pf 07 -0.485  1.017  1.126 7
0432 pf 08 -1.626  0.882  1.850 8
0432 pf 09 -0.933  0.421  1.024 8
0432 pf 10 -0.797  0.741  1.089 8
0456 em 00 -0.894  0.107  0.900 8
0456 cf 00 -2.140  0.158  2.146 8
0456 pf 01 -0.747 -0.895  1.166 2
0456 pf 02 -1.469 -0.185  1.480 1
0456 pf 03 -0.776 -0.491  0.919 1
0456 pf 04 -0.343 -0.355  0.493 2
0456 pf 05 -0.300  0.080  0.310 8
0456 pf 06 -0.215  0.645  0.680 7
0456 pf 07 -0.328  1.339  1.379 7
0456 pf 08 -1.857  0.466  1.914 8
0456 pf 09 -1.047 -0.102  1.052 1
0456 pf 10 -0.499  0.455  0.675 8
0480 em 00 -0.855  0.033  0.855 8
0480 cf 00 -2.401  0.090  2.402 8
0480 pf 01 -0.258 -1.140  1.169 2
0480 pf 02 -1.563 -0.467  1.632 1
0480 pf 03 -0.523 -0.527  0.742 2
0480 pf 04 -0.523 -0.332  0.619 1
0480 pf 05 -0.098  0.169  0.196 7
0480 pf 06 -0.226  1.020  1.044 7
0480 pf 07 -0.295  1.502  1.531 7
0480 pf 08 -1.926  0.299  1.949 8
0480 pf 09 -1.189 -0.547  1.309 1
0480 pf 10 -0.307  0.261  0.403 8
0504 em 00 -0.802 -0.126  0.812 1
0504 cf 00 -2.577  0.131  2.580 8
0504 pf 01 -0.040 -1.649  1.650 2
0504 pf 02 -1.414 -0.687  1.572 1
0504 pf 03 -0.365 -0.363  0.515 1
0504 pf 04 -0.372 -0.508  0.630 2
0504 pf 05 -0.181  0.110  0.212 8
0504 pf 06 -0.474  1.028  1.132 7
0504 pf 07 -0.259  1.517  1.539 7
0504 pf 08 -1.803 -0.337  1.834 1
0504 pf 09 -0.869 -0.892  1.245 2
0504 pf 10 -0.411  0.268  0.490 8
0528 em 00 -0.618 -0.306  0.689 1
0528 cf 00 -2.214  0.096  2.216 8
0528 pf 01  0.465 -1.645  1.709 3
0528 pf 02 -1.421 -1.296  1.923 1
0528 pf 03 -0.074 -0.516  0.521 2
0528 pf 04  0.057 -0.686  0.688 3
0528 pf 05 -0.070  0.161  0.176 7
0528 pf 06 -0.570  0.813  0.993 7
0528 pf 07 -0.135  1.483  1.489 7
0528 pf 08 -1.775 -0.772  1.936 1
0528 pf 09 -0.539 -0.971  1.110 2
0528 pf 10 -0.498 -0.028  0.498 1
0552 em 00 -0.406 -0.398  0.568 1
0552 cf 00 -1.793 -0.027  1.793 1
0552 pf 01  0.828 -1.799  1.980 3
0552 pf 02 -1.084 -1.284  1.681 2
0552 pf 03  0.256 -0.695  0.741 3
0552 pf 04  0.229 -0.497  0.547 3
0552 pf 05  0.382 -0.005  0.382 4
0552 pf 06 -0.813  0.948  1.249 7
0552 pf 07 -0.156  1.261  1.271 7
0552 pf 08 -1.405 -1.236  1.871 1
0552 pf 09 -0.346 -0.864  0.931 2
0552 pf 10 -0.564 -0.165  0.588 1
0576 em 00 -0.182 -0.563  0.592 2
0576 cf 00 -1.748 -0.266  1.768 1
0576 pf 01  1.268 -2.041  2.403 3
0576 pf 02 -0.380 -1.225  1.283 2
0576 pf 03  0.649 -1.212  1.375 3
0576 pf 04  0.169 -0.257  0.308 3
0576 pf 05  0.605 -0.120  0.617 4
0576 pf 06 -1.079  0.742  1.310 8
0576 pf 07 -0.058  0.910  0.911 7
0576 pf 08 -1.125 -1.610  1.964 2
0576 pf 09 -0.123 -0.858  0.867 2
0576 pf 10 -0.211 -0.215  0.301 2
0600 em 00 -0.097 -0.618  0.625 2
0600 cf 00 -1.508 -0.299  1.538 1
0600 pf 01  1.232 -1.884  2.251 3
0600 pf 02 -0.431 -1.154  1.232 2
0600 pf 03  0.881 -1.619  1.843 3
0600 pf 04  0.373 -0.061  0.378 4
0600 pf 05  0.897 -0.162  0.911 4
0600 pf 06 -1.259  0.164  1.270 8
0600 pf 07 -0.233  0.841  0.873 7
0600 pf 08 -1.114 -1.660  1.999 2
0600 pf 09 -0.024 -0.690  0.691 2
0600 pf 10  0.096 -0.195  0.217 3
0624 em 00 -0.015 -0.622  0.622 2
0624 cf 00 -1.174 -0.415  1.245 1
0624 pf 01  0.986 -1.681  1.949 3
0624 pf 02 -0.272 -1.236  1.266 2
0624 pf 03  1.072 -1.781  2.079 3
0624 pf 04  0.376  0.171  0.413 5
0624 pf 05  1.119  0.137  1.128 5
0624 pf 06 -1.440 -0.195  1.454 1
0624 pf 07 -0.216  0.753  0.783 7
0624 pf 08 -0.925 -1.651  1.892 2
0624 pf 09  0.142 -0.801  0.813 3
0624 pf 10  0.141 -0.076  0.160 4
0648 em 00  0.082 -0.597  0.603 3
0648 cf 00 -0.855 -0.720  1.118 1
0648 pf 01  1.067 -1.260  1.651 3
0648 pf 02 -0.076 -1.032  1.035 2
0648 pf 03  0.917 -1.525  1.779 3
0648 pf 04  0.387  0.262  0.467 5
0648 pf 05  1.116  0.588  1.262 5
0648 pf 06 -1.686 -0.463  1.748 1
0648 pf 07  0.043  0.749  0.750 6
0648 pf 08 -0.331 -1.681  1.713 2
0648 pf 09  0.330 -1.058  1.108 3
0648 pf 10 -0.067 -0.338  0.345 2
0672 em 00  0.200 -0.624  0.655 3
0672 cf 00 -0.689 -1.160  1.349 2
0672 pf 01  1.007 -1.232  1.591 3
0672 pf 02 -0.122 -1.087  1.094 2
0672 pf 03  0.682 -1.346  1.509 3
0672 pf 04  0.539  0.536  0.760 5
0672 pf 05  1.282  0.877  1.554 5
0672 pf 06 -1.519 -0.861  1.746 1
0672 pf 07  0.229  0.829  0.860 6
0672 pf 08  0.448 -1.519  1.583 3
0672 pf 09  0.596 -1.322  1.450 3
0672 pf 10 -0.312 -0.487  0.579 2
0696 em 00  0.362 -0.718  0.805 3
0696 cf 00 -0.307 -1.477  1.508 2
0696 pf 01  0.660 -1.204  1.373 3
0696 pf 02  0.368 -1.418  1.465 3
0696 pf 03  0.989 -1.269  1.609 3
0696 pf 04  0.703  0.778  1.048 6
0696 pf 05  1.262  1.097  1.672 5
0696 pf 06 -1.395 -1.420  1.991 2
0696 pf 07  0.246  0.494  0.552 6
0696 pf 08  0.725 -1.464  1.633 3
0696 pf 09  0.594 -1.332  1.458 3
0696 pf 10  0.080 -0.596  0.601 3
0720 em 00  0.486 -0.702  0.853 3
0720 cf 00  0.134 -1.863  1.868 3
0720 pf 01  0.371 -0.987  1.054 3
0720 pf 02  0.542 -1.327  1.434 3
0720 pf 03  1.204 -0.997  1.563 4
0720 pf 04  0.552  1.006  1.147 6
0720 pf 05  1.090  1.205  1.625 6
0720 pf 06 -1.067 -1.609  1.931 2
0720 pf 07  0.499  0.301  0.583 5
0720 pf 08  0.796 -1.640  1.822 3
0720 pf 09  0.830 -0.897  1.222 3
0720 pf 10  0.344 -0.841  0.909 3
0744 em 00  0.588 -0.643  0.872 3
0744 cf 00  0.309 -2.148  2.170 3
0744 pf 01 -0.075 -0.899  0.902 2
0744 pf 02  0.750 -1.386  1.576 3
0744 pf 03  0.990 -0.929  1.357 4
0744 pf 04  0.486  0.901  1.024 6
0744 pf 05  0.964  1.365  1.671 6
0744 pf 06 -0.581 -1.449  1.561 2
0744 pf 07  0.946  0.393  1.025 5
0744 pf 08  0.951 -1.380  1.675 3
0744 pf 09  0.939 -0.415  1.026 4
0744 pf 10  0.743 -1.090  1.319 3
0768 em 00  0.654 -0.533  0.844 4
0768 cf 00  0.241 -2.281  2.293 3
0768 pf 01 -0.102 -0.799  0.805 2
0768 pf 02  0.559 -1.517  1.616 3
0768 pf 03  1.177 -0.675  1.357 4
0768 pf 04  0.546  1.141  1.265 6
0768 pf 05  1.086  1.566  1.906 6
0768 pf 06 -0.161 -1.444  1.453 2
0768 pf 07  0.866  0.503  1.001 5
0768 pf 08  1.154 -1.227  1.684 3
0768 pf 09  0.778 -0.185  0.799 4
0768 pf 10  0.998 -0.911  1.352 4
0792 em 00  0.780 -0.450  0.900 4
0792 cf 00  0.678 -2.041  2.151 3
0792 pf 01  0.095 -0.527  0.536 3
0792 pf 02  0.670 -1.500  1.643 3
0792 pf 03  1.220 -0.674  1.394 4
0792 pf 04  0.438  1.031  1.120 6
0792 pf 05  0.850  1.642  1.849 6
0792 pf 06  0.155 -1.452  1.460 3
0792 pf 07  0.975  0.561  1.124 5
0792 pf 08  1.706 -1.276  2.131 4
0792 pf 09  0.415 -0.025  0.416 4
0792 pf 10  1.297 -0.667  1.458 4
0816 em 00  0.935 -0.401  1.018 4
0816 cf 00  1.277 -1.797  2.205 3
0816 pf 01  0.399 -0.196  0.445 4
0816 pf 02  0.640 -1.642  1.762 3
0816 pf 03  1.571 -0.302  1.600 4
0816 pf 04  0.027  0.773  0.773 6
0816 pf 05  0.730  1.454  1.627 6
0816 pf 06  0.783 -0.907  1.198 3
0816 pf 07  0.824  0.392  0.913 5
0816 pf 08  1.960 -1.188  2.292 4
0816 pf 09  0.363 -0.277  0.457 4
0816 pf 10  1.588 -0.726  1.746 4
0840 em 00  0.916 -0.434  1.014 4
0840 cf 00  1.653 -1.675  2.354 3
0840 pf 01  0.565 -0.108  0.575 4
0840 pf 02  0.538 -2.013  2.084 3
0840 pf 03  1.589 -0.172  1.598 4
0840 pf 04 -0.123  0.619  0.631 7
0840 pf 05  0.534  1.253  1.362 6
0840 pf 06  1.071 -0.952  1.433 4
0840 pf 07  0.419  0.352  0.547 5
0840 pf 08  2.067 -0.944  2.272 4
0840 pf 09 -0.077 -0.386  0.393 2
0840 pf 10  1.728 -0.776  1.895 4
0864 em 00  0.869 -0.451  0.979 4
0864 cf 00  1.716 -1.555  2.316 4
0864 pf 01  0.811  0.050  0.812 5
0864 pf 02  0.709 -2.120  2.235 3
0864 pf 03  1.623 -0.066  1.624 4
0864 pf 04 -0.382  0.553  0.672 7
0864 pf 05  0.211  1.099  1.119 6
0864 pf 06  1.293 -1.204  1.767 4
0864 pf 07  0.266  0.154  0.308 5
0864 pf 08  1.801 -0.586  1.894 4
0864 pf 09 -0.279 -0.705  0.758 2
0864 pf 10  1.678 -0.612  1.786 4
0888 em 00  0.788 -0.363  0.868 4
0888 cf 00  1.680 -1.198  2.064 4
0888 pf 01  1.011  0.298  1.054 5
0888 pf 02  0.863 -1.996  2.175 3
0888 pf 03  1.119  0.017  1.120 5
0888 pf 04 -0.607  0.541  0.813 8
0888 pf 05 -0.142  0.770  0.783 7
0888 pf 06  1.532 -1.326  2.026 4
0888 pf 07  0.378  0.053  0.382 5
0888 pf 08  1.607 -0.228  1.623 4
0888 pf 09 -0.366 -0.662  0.756 2
0888 pf 10  1.477 -0.312  1.509 4
0912 em 00  0.800 -0.278  0.847 4
0912 cf 00  1.504 -1.024  1.819 4
0912 pf 01  1.267  0.368  1.319 5
0912 pf 02  1.309 -1.856  2.271 3
0912 pf 03  1.037  0.231  1.063 5
0912 pf 04 -0.918  0.311  0.970 8
0912 pf 05 -0.320  0.712  0.781 7
0912 pf 06  1.713 -1.073  2.022 4
0912 pf 07  0.448 -0.232  0.505 4
0912 pf 08  1.523  0.201  1.536 5
0912 pf 09 -0.362 -1.018  1.081 2
0912 pf 10  1.459  0.267  1.483 5
0936 em 00  0.845 -0.261  0.884 4
0936 cf 00  1.457 -0.930  1.728 4
0936 pf 01  1.105  0.255  1.134 5
0936 pf 02  1.895 -1.611  2.487 4
0936 pf 03  0.862  0.338  0.926 5
0936 pf 04 -0.944  0.071  0.947 8
0936 pf 05 -0.310  0.371  0.483 7
0936 pf 06  1.773 -0.904  1.990 4
0936 pf 07  0.543 -0.227  0.589 4
0936 pf 08  1.464  0.324  1.499 5
0936 pf 09 -0.093 -1.127  1.130 2
0936 pf 10  1.404  0.506  1.492 5
0960 em 00  0.879 -0.356  0.948 4
0960 cf 00  1.641 -0.895  1.869 4
0960 pf 01  0.927  0.188  0.946 5
0960 pf 02  2.164 -1.247  2.498 4
0960 pf 03  0.399  0.039  0.401 5
0960 pf 04 -0.972 -0.387  1.046 1
0960 pf 05 -0.189  0.265  0.326 7
0960 pf 06  1.842 -0.713  1.975 4
0960 pf 07  0.425 -0.527  0.677 3
0960 pf 08  1.295  0.130  1.301 5
0960 pf 09  0.426 -1.526  1.584 3
0960 pf 10  1.560  0.678  1.701 5
0984 em 00  0.835 -0.384  0.919 4
0984 cf 00  1.870 -0.779  2.026 4
0984 pf 01  0.633 -0.347  0.722 4
0984 pf 02  2.495 -1.043  2.704 4
0984 pf 03 -0.149 -0.027  0.152 1
0984 pf 04 -1.026 -0.542  1.160 1
0984 pf 05 -0.068  0.140  0.156 7
0984 pf 06  1.985 -0.508  2.049 4
0984 pf 07  0.284 -0.828  0.876 3
0984 pf 08  1.208  0.370  1.263 5
0984 pf 09  0.337 -1.233  1.279 3
0984 pf 10  1.496  0.466  1.567 5
1008 em 00  0.714 -0.366  0.802 4
1008 cf 00  2.176 -0.641  2.268 4
1008 pf 01 -0.012 -0.664  0.664 2
1008 pf 02  2.541 -0.836  2.675 4
1008 pf 03 -0.382 -0.062  0.387 1
1008 pf 04 -1.220 -0.819  1.469 1
1008 pf 05  0.003  0.339  0.339 6
1008 pf 06  1.810 -0.125  1.814 4
1008 pf 07  0.320 -1.033  1.081 3
1008 pf 08  1.318  0.302  1.353 5
1008 pf 09  0.361 -1.167  1.222 3
1008 pf 10  0.834  0.570  1.010 5
1032 em 00  0.646 -0.369  0.744 4
1032 cf 00  1.899 -0.640  2.004 4
1032 pf 01 -0.138 -0.641  0.655 2
1032 pf 02  2.442 -0.289  2.459 4
1032 pf 03 -0.554 -0.040  0.555 1
1032 pf 04 -1.049 -1.115  1.530 2
1032 pf 05  0.184 -0.038  0.188 4
1032 pf 06  1.550 -0.030  1.551 4
1032 pf 07  0.594 -1.341  1.467 3
1032 pf 08  1.236  0.088  1.239 5
1032 pf 09  0.459 -0.994  1.095 3
1032 pf 10  0.416  0.862  0.957 6
1056 em 00  0.571 -0.409  0.702 4
1056 cf 00  1.387 -0.651  1.532 4
1056 pf 01 -0.103 -0.757  0.764 2
1056 pf 02  2.159  0.389  2.194 5
1056 pf 03 -0.571 -0.141  0.588 1
1056 pf 04 -0.970 -1.463  1.755 2
1056 pf 05 -0.037 -0.566  0.567 2
1056 pf 06  1.479  0.305  1.510 5
1056 pf 07  0.665 -1.413  1.562 3
1056 pf 08  1.303 -0.005  1.303 4
1056 pf 09  0.616 -1.111  1.270 3
1056 pf 10  0.312  0.830  0.886 6
1080 em 00  0.581 -0.508  0.772 4
1080 cf 00  1.009 -0.607  1.178 4
1080 pf 01  0.041 -1.123  1.124 3
1080 pf 02  1.821  0.388  1.862 5
1080 pf 03 -0.447 -0.206  0.493 1
1080 pf 04 -0.355 -1.726  1.762 2
1080 pf 05 -0.430 -0.909  1.005 2
1080 pf 06  1.395  0.531  1.492 5
1080 pf 07  1.071 -1.617  1.940 3
1080 pf 08  1.215 -0.248  1.241 4
1080 pf 09  0.612 -0.903  1.091 3
1080 pf 10  0.453  0.749  0.876 6
1104 em 00  0.656 -0.521  0.838 4
1104 cf 00  0.834 -0.630  1.046 4
1104 pf 01 -0.102 -1.081  1.086 2
1104 pf 02  1.586  0.424  1.641 5
1104 pf 03 -0.270 -0.249  0.367 1
1104 pf 04 -0.033 -1.985  1.985 2
1104 pf 05 -0.351 -1.301  1.348 2
1104 pf 06  1.095  0.767  1.337 5
1104 pf 07  1.435 -1.527  2.096 3
1104 pf 08  1.731 -0.179  1.740 4
1104 pf 09  0.758 -0.807  1.107 3
1104 pf 10  0.532  0.775  0.940 6
