ecmf prod rf 2001020100 20180201 11 046
0024 em 00  0.382 -1.756  1.797 3
0024 cf 00  0.312 -1.689  1.718 3
0024 pf 01  0.283 -1.782  1.804 3
0024 pf 02  0.326 -1.851  1.879 3
0024 pf 03  0.371 -1.702  1.742 3
0024 pf 04  0.470 -1.766  1.828 3
0024 pf 05  0.517 -1.719  1.795 3
0024 pf 06  0.341 -1.638  1.674 3
0024 pf 07  0.345 -1.867  1.899 3
0024 pf 08  0.335 -1.796  1.827 3
0024 pf 09  0.434 -1.787  1.839 3
0024 pf 10  0.332 -1.716  1.748 3
0048 em 00  0.656 -1.886  1.996 3
0048 cf 00  0.616 -1.835  1.936 3
0048 pf 01  0.520 -1.818  1.891 3
0048 pf 02  0.609 -2.162  2.246 3
0048 pf 03  0.635 -2.013  2.111 3
0048 pf 04  0.764 -1.832  1.985 3
0048 pf 05  0.653 -1.748  1.866 3
0048 pf 06  0.691 -1.813  1.941 3
0048 pf 07  0.709 -1.884  2.013 3
0048 pf 08  0.616 -1.919  2.015 3
0048 pf 09  0.637 -1.850  1.956 3
0048 pf 10  0.638 -1.843  1.951 3
0072 em 00  0.783 -1.835  1.995 3
0072 cf 00  0.746 -1.778  1.928 3
0072 pf 01  0.815 -1.811  1.986 3
0072 pf 02  0.779 -1.814  1.974 3
0072 pf 03  0.766 -2.044  2.183 3
0072 pf 04  0.933 -1.569  1.825 3
0072 pf 05  0.803 -1.758  1.933 3
0072 pf 06  0.705 -1.772  1.906 3
0072 pf 07  0.789 -1.844  2.006 3
0072 pf 08  0.767 -1.833  1.987 3
0072 pf 09  0.708 -1.972  2.095 3
0072 pf 10  0.685 -1.971  2.086 3
0096 em 00  0.772 -1.546  1.728 3
0096 cf 00  0.806 -1.496  1.699 3
0096 pf 01  0.880 -1.322  1.588 3
0096 pf 02  0.754 -1.598  1.766 3
0096 pf 03  0.740 -1.439  1.618 3
0096 pf 04  0.975 -1.329  1.649 3
0096 pf 05  0.631 -1.473  1.603 3
0096 pf 06  0.835 -1.425  1.652 3
0096 pf 07  0.605 -1.617  1.727 3
0096 pf 08  0.649 -1.710  1.829 3
0096 pf 09  0.641 -1.505  1.636 3
0096 pf 10  0.885 -2.054  2.237 3
0120 em 00  0.889 -1.181  1.478 3
0120 cf 00  0.898 -1.079  1.404 3
0120 pf 01  0.907 -0.976  1.332 3
0120 pf 02  1.127 -1.283  1.708 3
0120 pf 03  0.756 -1.151  1.377 3
0120 pf 04  0.942 -1.077  1.431 3
0120 pf 05  0.888 -0.937  1.291 3
0120 pf 06  1.095 -1.056  1.521 4
0120 pf 07  0.807 -1.292  1.523 3
0120 pf 08  0.379 -1.319  1.372 3
0120 pf 09  0.883 -1.158  1.456 3
0120 pf 10  1.017 -1.614  1.907 3
0144 em 00  0.849 -1.090  1.382 3
0144 cf 00  0.804 -0.996  1.280 3
0144 pf 01  0.709 -0.935  1.174 3
0144 pf 02  0.968 -0.935  1.346 4
0144 pf 03  0.728 -1.151  1.362 3
0144 pf 04  0.943 -1.081  1.434 3
0144 pf 05  0.725 -0.800  1.080 3
0144 pf 06  0.901 -0.998  1.344 3
0144 pf 07  0.880 -1.202  1.489 3
0144 pf 08  0.554 -1.275  1.390 3
0144 pf 09  0.894 -1.129  1.440 3
0144 pf 10  1.195 -1.400  1.841 3
0168 em 00  0.972 -0.930  1.345 4
0168 cf 00  0.940 -0.860  1.274 4
0168 pf 01  0.822 -0.952  1.258 3
0168 pf 02  1.113 -0.733  1.332 4
0168 pf 03  0.965 -1.125  1.482 3
0168 pf 04  1.040 -0.824  1.327 4
0168 pf 05  0.885 -0.658  1.103 4
0168 pf 06  0.914 -0.906  1.287 4
0168 pf 07  0.959 -1.138  1.489 3
0168 pf 08  0.851 -1.074  1.370 3
0168 pf 09  1.039 -0.875  1.359 4
0168 pf 10  1.137 -0.958  1.487 4
0192 em 00  1.037 -0.767  1.290 4
0192 cf 00  1.057 -0.783  1.315 4
0192 pf 01  1.072 -0.642  1.250 4
0192 pf 02  0.980 -0.483  1.093 4
0192 pf 03  1.046 -1.034  1.471 4
0192 pf 04  1.125 -0.578  1.265 4
0192 pf 05  0.903 -0.550  1.057 4
0192 pf 06  1.302 -0.784  1.520 4
0192 pf 07  1.072 -0.994  1.462 4
0192 pf 08  0.906 -0.897  1.274 4
0192 pf 09  1.089 -0.746  1.320 4
0192 pf 10  0.834 -0.819  1.169 4
0216 em 00  1.050 -0.588  1.204 4
0216 cf 00  0.915 -0.627  1.109 4
0216 pf 01  1.147 -0.611  1.299 4
0216 pf 02  0.889 -0.174  0.906 4
0216 pf 03  1.047 -0.642  1.228 4
0216 pf 04  1.134 -0.582  1.274 4
0216 pf 05  0.861 -0.285  0.907 4
0216 pf 06  1.310 -0.441  1.382 4
0216 pf 07  1.323 -0.737  1.514 4
0216 pf 08  1.155 -0.884  1.454 4
0216 pf 09  1.067 -0.673  1.262 4
0216 pf 10  0.693 -0.677  0.969 4
0240 em 00  1.038 -0.133  1.046 4
0240 cf 00  0.840 -0.309  0.895 4
0240 pf 01  0.775 -0.119  0.784 4
0240 pf 02  1.002  0.256  1.034 5
0240 pf 03  0.816 -0.082  0.820 4
0240 pf 04  1.250 -0.030  1.250 4
0240 pf 05  0.941 -0.133  0.950 4
0240 pf 06  1.219  0.065  1.221 5
0240 pf 07  1.414  0.006  1.414 5
0240 pf 08  1.342 -0.523  1.440 4
0240 pf 09  1.038 -0.274  1.074 4
0240 pf 10  0.780 -0.216  0.809 4
0264 em 00  0.931  0.226  0.958 5
0264 cf 00  0.734 -0.289  0.789 4
0264 pf 01  0.509  0.452  0.681 5
0264 pf 02  1.003  0.729  1.240 5
0264 pf 03  0.887  0.347  0.952 5
0264 pf 04  1.070  0.366  1.131 5
0264 pf 05  0.828 -0.104  0.834 4
0264 pf 06  0.992  0.559  1.139 5
0264 pf 07  1.219  0.421  1.290 5
0264 pf 08  1.546  0.000  1.546 5
0264 pf 09  0.723  0.117  0.732 5
0264 pf 10  0.748 -0.077  0.752 4
0288 em 00  0.861  0.463  0.978 5
0288 cf 00  0.567 -0.059  0.570 4
0288 pf 01  0.414  0.675  0.791 6
0288 pf 02  0.896  1.037  1.370 6
0288 pf 03  0.809  0.546  0.977 5
0288 pf 04  0.873  0.740  1.144 5
0288 pf 05  1.028 -0.120  1.035 4
0288 pf 06  0.819  0.778  1.130 5
0288 pf 07  1.307  0.916  1.596 5
0288 pf 08  1.318  0.368  1.369 5
0288 pf 09  0.764  0.466  0.895 5
0288 pf 10  0.706 -0.262  0.753 4
0312 em 00  0.726  0.497  0.880 5
0312 cf 00  0.427 -0.170  0.460 4
0312 pf 01  0.379  0.864  0.943 6
0312 pf 02  0.913  0.926  1.301 6
0312 pf 03  0.645  0.480  0.804 5
0312 pf 04  1.017  0.894  1.354 5
0312 pf 05  1.022  0.083  1.025 5
0312 pf 06  0.549  0.369  0.661 5
0312 pf 07  0.902  1.483  1.736 6
0312 pf 08  1.009  0.299  1.052 5
0312 pf 09  0.355  0.500  0.614 6
0312 pf 10  0.790 -0.281  0.838 4
0336 em 00  0.462  0.539  0.710 6
0336 cf 00  0.483 -0.219  0.530 4
0336 pf 01 -0.120  1.045  1.052 7
0336 pf 02  0.511  0.756  0.912 6
0336 pf 03  0.374  0.456  0.590 6
0336 pf 04  0.918  1.005  1.361 6
0336 pf 05  0.801  0.257  0.841 5
0336 pf 06  0.196  0.026  0.198 5
0336 pf 07  0.581  1.725  1.820 6
0336 pf 08  0.314  0.653  0.725 6
0336 pf 09  0.302  0.451  0.543 6
0336 pf 10  0.761 -0.253  0.802 4
0360 em 00  0.323  0.616  0.696 6
0360 cf 00  0.439 -0.225  0.493 4
0360 pf 01 -0.328  1.054  1.104 7
0360 pf 02  0.472  0.705  0.849 6
0360 pf 03  0.263  0.648  0.700 6
0360 pf 04  0.758  1.157  1.383 6
0360 pf 05  0.286  0.347  0.450 6
0360 pf 06  0.227 -0.229  0.323 3
0360 pf 07  0.157  1.776  1.783 6
0360 pf 08  0.160  1.050  1.062 6
0360 pf 09  0.208  0.380  0.433 6
0360 pf 10  0.983  0.083  0.987 5
0384 em 00  0.206  0.680  0.711 6
0384 cf 00  0.305 -0.359  0.471 3
0384 pf 01 -0.304  1.193  1.231 7
0384 pf 02  0.561  0.761  0.946 6
0384 pf 03  0.196  0.522  0.558 6
0384 pf 04  1.060  1.270  1.654 6
0384 pf 05 -0.413  0.440  0.604 7
0384 pf 06  0.369 -0.090  0.380 4
0384 pf 07 -0.163  1.679  1.687 7
0384 pf 08 -0.185  1.109  1.125 7
0384 pf 09 -0.002  0.676  0.676 7
0384 pf 10  0.948  0.247  0.980 5
0408 em 00  0.187  0.678  0.703 6
0408 cf 00  0.434 -0.099  0.445 4
0408 pf 01 -0.003  0.627  0.627 7
0408 pf 02  0.354  0.751  0.830 6
0408 pf 03  0.336  0.663  0.744 6
0408 pf 04  0.988  1.501  1.797 6
0408 pf 05 -0.378  0.558  0.674 7
0408 pf 06  0.526 -0.203  0.564 4
0408 pf 07 -0.057  1.443  1.444 7
0408 pf 08 -0.315  0.873  0.928 7
0408 pf 09 -0.523  1.031  1.156 7
0408 pf 10  0.795  0.286  0.845 5
0432 em 00  0.134  0.763  0.774 6
0432 cf 00  0.379  0.233  0.445 5
0432 pf 01  0.327  0.523  0.617 6
0432 pf 02  0.262  0.919  0.956 6
0432 pf 03  0.859  0.904  1.247 6
0432 pf 04  0.658  1.653  1.779 6
0432 pf 05 -0.536  0.410  0.675 8
0432 pf 06  0.726  0.307  0.788 5
0432 pf 07  0.124  1.124  1.131 6
0432 pf 08 -0.668  0.740  0.997 7
0432 pf 09 -1.082  1.168  1.592 7
0432 pf 10  0.524  0.393  0.655 5
0456 em 00  0.106  0.925  0.931 6
0456 cf 00  0.256  0.543  0.601 6
0456 pf 01  0.500  0.487  0.698 5
0456 pf 02  0.377  1.118  1.180 6
0456 pf 03  1.137  1.198  1.651 6
0456 pf 04  0.660  2.119  2.219 6
0456 pf 05 -0.544  0.254  0.601 8
0456 pf 06  0.685  0.688  0.971 6
0456 pf 07  0.098  1.152  1.156 6
0456 pf 08 -0.548  0.772  0.947 7
0456 pf 09 -1.508  1.156  1.900 8
0456 pf 10  0.167  0.704  0.724 6
0480 em 00  0.185  0.969  0.986 6
0480 cf 00  0.091  0.630  0.637 6
0480 pf 01  0.788  0.525  0.946 5
0480 pf 02  0.932  1.271  1.576 6
0480 pf 03  1.155  1.207  1.671 6
0480 pf 04  0.410  2.390  2.425 6
0480 pf 05 -0.346 -0.013  0.347 1
0480 pf 06  0.784  0.867  1.168 6
0480 pf 07  0.093  1.074  1.078 6
0480 pf 08 -0.613  0.871  1.065 7
0480 pf 09 -1.365  1.046  1.720 8
0480 pf 10  0.205  0.830  0.855 6
0504 em 00  0.303  1.059  1.102 6
0504 cf 00  0.284  0.811  0.859 6
0504 pf 01  1.113  0.733  1.332 5
0504 pf 02  1.212  1.609  2.014 6
0504 pf 03  1.199  1.245  1.729 6
0504 pf 04  0.339  2.569  2.591 6
0504 pf 05 -0.039  0.032  0.050 8
0504 pf 06  0.845  1.039  1.340 6
0504 pf 07 -0.095  1.226  1.229 7
0504 pf 08 -0.562  0.974  1.124 7
0504 pf 09 -1.098  0.952  1.453 8
0504 pf 10  0.224  0.502  0.549 6
0528 em 00  0.376  1.207  1.264 6
0528 cf 00  0.622  0.892  1.087 6
0528 pf 01  1.356  0.880  1.616 5
0528 pf 02  1.203  2.130  2.447 6
0528 pf 03  1.185  1.421  1.851 6
0528 pf 04  0.136  2.821  2.824 6
0528 pf 05 -0.013  0.182  0.182 7
0528 pf 06  0.708  1.425  1.591 6
0528 pf 07 -0.159  1.114  1.125 7
0528 pf 08 -0.416  1.272  1.339 7
0528 pf 09 -0.741  1.039  1.276 7
0528 pf 10  0.324  0.141  0.354 5
0552 em 00  0.349  1.476  1.517 6
0552 cf 00  0.687  1.182  1.367 6
0552 pf 01  1.212  1.445  1.886 6
0552 pf 02  0.757  2.566  2.675 6
0552 pf 03  1.033  1.810  2.084 6
0552 pf 04 -0.395  2.897  2.923 7
0552 pf 05  0.301  0.719  0.779 6
0552 pf 06  0.592  1.903  1.993 6
0552 pf 07 -0.239  1.481  1.501 7
0552 pf 08 -0.375  1.042  1.107 7
0552 pf 09 -0.187  1.044  1.060 7
0552 pf 10  0.491  0.184  0.525 5
0576 em 00  0.180  1.791  1.800 6
0576 cf 00  0.678  1.500  1.646 6
0576 pf 01  0.588  2.231  2.307 6
0576 pf 02  0.186  2.877  2.883 6
0576 pf 03  0.995  2.310  2.515 6
0576 pf 04 -0.995  2.957  3.120 7
0576 pf 05  0.182  1.209  1.223 6
0576 pf 06  0.401  1.807  1.851 6
0576 pf 07 -0.005  1.842  1.842 7
0576 pf 08 -0.367  1.160  1.216 7
0576 pf 09 -0.124  1.213  1.220 7
0576 pf 10  0.496  0.578  0.762 6
0600 em 00 -0.010  1.957  1.957 7
0600 cf 00  0.367  1.861  1.897 6
0600 pf 01 -0.006  2.422  2.422 7
0600 pf 02 -0.267  2.908  2.921 7
0600 pf 03  0.783  2.874  2.979 6
0600 pf 04 -1.304  3.056  3.322 7
0600 pf 05  0.527  1.626  1.710 6
0600 pf 06  0.161  1.634  1.642 6
0600 pf 07  0.162  1.857  1.864 6
0600 pf 08 -0.427  1.012  1.099 7
0600 pf 09 -0.613  1.398  1.526 7
0600 pf 10  0.585  0.849  1.031 6
0624 em 00 -0.261  2.091  2.107 7
0624 cf 00 -0.161  1.954  1.960 7
0624 pf 01 -0.329  2.524  2.545 7
0624 pf 02 -0.721  2.814  2.905 7
0624 pf 03  0.509  3.031  3.074 6
0624 pf 04 -1.367  2.959  3.259 7
0624 pf 05  0.302  1.714  1.740 6
0624 pf 06 -0.159  1.855  1.862 7
0624 pf 07  0.202  2.061  2.071 6
0624 pf 08 -0.377  1.105  1.168 7
0624 pf 09 -1.111  1.931  2.228 7
0624 pf 10  0.434  1.029  1.117 6
0648 em 00 -0.512  2.125  2.186 7
0648 cf 00 -0.337  2.078  2.105 7
0648 pf 01 -0.311  2.596  2.614 7
0648 pf 02 -1.274  2.333  2.658 7
0648 pf 03  0.102  3.014  3.016 6
0648 pf 04 -1.537  3.204  3.553 7
0648 pf 05 -0.255  1.609  1.629 7
0648 pf 06 -0.516  1.893  1.962 7
0648 pf 07 -0.174  2.157  2.164 7
0648 pf 08 -0.366  1.120  1.178 7
0648 pf 09 -1.447  1.860  2.356 7
0648 pf 10  0.598  1.492  1.608 6
0672 em 00 -0.612  2.169  2.254 7
0672 cf 00 -0.486  1.988  2.046 7
0672 pf 01 -0.152  2.314  2.319 7
0672 pf 02 -1.559  2.191  2.690 7
0672 pf 03 -0.253  3.045  3.055 7
0672 pf 04 -1.403  3.280  3.567 7
0672 pf 05 -0.822  1.548  1.752 7
0672 pf 06 -0.548  1.932  2.009 7
0672 pf 07 -0.531  2.718  2.769 7
0672 pf 08 -0.416  1.431  1.490 7
0672 pf 09 -1.371  1.819  2.278 7
0672 pf 10  0.889  1.594  1.825 6
0696 em 00 -0.792  2.186  2.326 7
0696 cf 00 -0.775  1.758  1.921 7
0696 pf 01 -0.295  2.266  2.285 7
0696 pf 02 -1.521  1.987  2.502 7
0696 pf 03 -0.820  2.927  3.040 7
0696 pf 04 -1.065  3.756  3.904 7
0696 pf 05 -1.514  1.478  2.116 8
0696 pf 06 -0.716  1.782  1.920 7
0696 pf 07 -0.937  2.798  2.950 7
0696 pf 08 -0.211  1.611  1.624 7
0696 pf 09 -1.616  1.625  2.292 7
0696 pf 10  0.840  2.060  2.225 6
0720 em 00 -1.008  2.104  2.333 7
0720 cf 00 -1.056  1.744  2.039 7
0720 pf 01 -0.629  2.550  2.626 7
0720 pf 02 -1.377  1.850  2.306 7
0720 pf 03 -0.963  2.294  2.488 7
0720 pf 04 -1.403  3.832  4.080 7
0720 pf 05 -1.945  1.392  2.392 8
0720 pf 06 -0.770  1.719  1.883 7
0720 pf 07 -1.411  2.702  3.048 7
0720 pf 08 -0.371  1.710  1.749 7
0720 pf 09 -1.642  1.233  2.053 8
0720 pf 10  0.562  2.105  2.179 6
0744 em 00 -1.178  1.959  2.286 7
0744 cf 00 -0.914  1.606  1.848 7
0744 pf 01 -1.169  2.730  2.970 7
0744 pf 02 -1.361  1.804  2.260 7
0744 pf 03 -0.956  2.009  2.225 7
0744 pf 04 -1.730  3.388  3.804 7
0744 pf 05 -1.968  1.021  2.217 8
0744 pf 06 -1.017  1.529  1.837 7
0744 pf 07 -1.643  2.564  3.046 7
0744 pf 08 -0.440  1.756  1.810 7
0744 pf 09 -1.747  0.991  2.009 8
0744 pf 10  0.060  2.154  2.155 6
0768 em 00 -1.268  1.777  2.183 7
0768 cf 00 -0.997  1.103  1.487 7
0768 pf 01 -1.237  2.926  3.177 7
0768 pf 02 -1.240  1.240  1.754 7
0768 pf 03 -1.092  1.794  2.100 7
0768 pf 04 -1.969  3.167  3.729 7
0768 pf 05 -1.768  0.594  1.865 8
0768 pf 06 -1.090  1.252  1.661 7
0768 pf 07 -1.787  2.361  2.961 7
0768 pf 08 -0.644  1.759  1.874 7
0768 pf 09 -1.409  1.163  1.827 8
0768 pf 10 -0.671  2.215  2.314 7
0792 em 00 -1.413  1.638  2.164 7
0792 cf 00 -1.552  0.690  1.698 8
0792 pf 01 -1.550  3.219  3.573 7
0792 pf 02 -1.262  0.677  1.432 8
0792 pf 03 -1.401  2.021  2.459 7
0792 pf 04 -2.186  3.283  3.945 7
0792 pf 05 -1.198  0.303  1.236 8
0792 pf 06 -1.147  1.185  1.649 7
0792 pf 07 -1.580  1.798  2.394 7
0792 pf 08 -0.887  1.727  1.942 7
0792 pf 09 -1.228  0.957  1.557 8
0792 pf 10 -1.505  2.206  2.670 7
0816 em 00 -1.517  1.618  2.218 7
0816 cf 00 -1.824  0.752  1.973 8
0816 pf 01 -2.417  2.911  3.783 7
0816 pf 02 -1.514  0.735  1.683 8
0816 pf 03 -1.337  1.972  2.383 7
0816 pf 04 -2.215  3.899  4.484 7
0816 pf 05 -0.613  0.131  0.627 8
0816 pf 06 -1.405  1.010  1.731 8
0816 pf 07 -1.252  1.381  1.864 7
0816 pf 08 -1.099  1.858  2.158 7
0816 pf 09 -1.029  0.908  1.372 8
0816 pf 10 -1.935  2.300  3.005 7
0840 em 00 -1.375  1.567  2.084 7
0840 cf 00 -1.539  1.033  1.854 8
0840 pf 01 -2.704  2.732  3.844 7
0840 pf 02 -1.443  0.808  1.654 8
0840 pf 03 -1.087  1.780  2.085 7
0840 pf 04 -2.339  4.093  4.714 7
0840 pf 05 -0.213  0.171  0.274 8
0840 pf 06 -1.315  0.821  1.551 8
0840 pf 07 -0.378  1.025  1.092 7
0840 pf 08 -1.019  1.812  2.079 7
0840 pf 09 -1.095  0.815  1.365 8
0840 pf 10 -1.952  2.161  2.912 7
0864 em 00 -1.179  1.544  1.943 7
0864 cf 00 -1.095  1.276  1.682 7
0864 pf 01 -2.613  2.481  3.603 8
0864 pf 02 -0.979  0.883  1.319 8
0864 pf 03 -1.149  1.481  1.874 7
0864 pf 04 -2.356  4.223  4.835 7
0864 pf 05 -0.081  0.398  0.406 7
0864 pf 06 -1.164  0.842  1.437 8
0864 pf 07  0.253  0.856  0.893 6
0864 pf 08 -0.810  1.753  1.931 7
0864 pf 09 -0.623  0.990  1.169 7
0864 pf 10 -2.348  1.804  2.961 8
0888 em 00 -1.136  1.363  1.774 7
0888 cf 00 -1.008  1.194  1.563 7
0888 pf 01 -2.757  2.105  3.469 8
0888 pf 02 -0.925  0.893  1.286 8
0888 pf 03 -1.433  1.193  1.864 8
0888 pf 04 -2.359  3.836  4.503 7
0888 pf 05 -0.112  0.403  0.418 7
0888 pf 06 -1.142  0.791  1.389 8
0888 pf 07  0.528  0.595  0.795 6
0888 pf 08 -0.580  1.684  1.781 7
0888 pf 09 -0.251  1.030  1.060 7
0888 pf 10 -2.491  1.272  2.797 8
0912 em 00 -1.069  1.316  1.696 7
0912 cf 00 -1.043  1.297  1.664 7
0912 pf 01 -2.874  1.909  3.450 8
0912 pf 02 -0.633  1.050  1.226 7
0912 pf 03 -1.369  1.333  1.911 8
0912 pf 04 -2.703  3.395  4.340 7
0912 pf 05 -0.101  0.554  0.563 7
0912 pf 06 -0.962  0.732  1.209 8
0912 pf 07  0.254  0.490  0.552 6
0912 pf 08 -0.117  1.711  1.715 7
0912 pf 09  0.118  0.925  0.933 6
0912 pf 10 -2.382  1.065  2.609 8
0936 em 00 -1.127  1.281  1.706 7
0936 cf 00 -1.156  1.562  1.943 7
0936 pf 01 -3.453  2.016  3.998 8
0936 pf 02 -0.556  1.231  1.351 7
0936 pf 03 -1.095  1.378  1.760 7
0936 pf 04 -2.837  2.849  4.021 7
0936 pf 05 -0.233  0.507  0.558 7
0936 pf 06 -0.937  0.520  1.072 8
0936 pf 07 -0.113  0.486  0.499 7
0936 pf 08 -0.078  1.676  1.677 7
0936 pf 09  0.075  0.889  0.892 6
0936 pf 10 -2.083  0.918  2.276 8
0960 em 00 -1.158  1.247  1.701 7
0960 cf 00 -1.267  1.720  2.137 7
0960 pf 01 -3.449  1.806  3.893 8
0960 pf 02 -0.167  1.252  1.263 7
0960 pf 03 -0.779  1.205  1.435 7
0960 pf 04 -2.944  2.467  3.841 8
0960 pf 05 -0.335  0.392  0.515 7
0960 pf 06 -1.162  0.425  1.237 8
0960 pf 07 -0.208  0.929  0.952 7
0960 pf 08 -0.401  1.750  1.796 7
0960 pf 09 -0.262  1.067  1.099 7
0960 pf 10 -1.831  0.616  1.932 8
0984 em 00 -1.274  1.250  1.785 8
0984 cf 00 -1.400  1.583  2.113 7
0984 pf 01 -3.389  1.742  3.810 8
0984 pf 02 -0.510  1.068  1.184 7
0984 pf 03 -0.603  1.091  1.247 7
0984 pf 04 -3.101  2.374  3.905 8
0984 pf 05 -0.489  0.761  0.905 7
0984 pf 06 -1.095  0.697  1.298 8
0984 pf 07 -0.485  0.820  0.953 7
0984 pf 08 -0.703  2.022  2.140 7
0984 pf 09 -0.636  0.791  1.015 7
0984 pf 10 -1.642  0.702  1.786 8
1008 em 00 -1.529  1.099  1.883 8
1008 cf 00 -1.733  1.253  2.138 8
1008 pf 01 -3.614  1.558  3.936 8
1008 pf 02 -1.143  0.914  1.463 8
1008 pf 03 -0.767  0.960  1.229 7
1008 pf 04 -3.448  1.971  3.972 8
1008 pf 05 -0.486  0.543  0.729 7
1008 pf 06 -0.843  0.616  1.044 8
1008 pf 07 -1.100  0.845  1.387 8
1008 pf 08 -0.992  2.147  2.366 7
1008 pf 09 -1.084  0.603  1.241 8
1008 pf 10 -1.581  0.573  1.682 8
1032 em 00 -1.650  0.906  1.882 8
1032 cf 00 -1.968  1.016  2.215 8
1032 pf 01 -3.700  1.252  3.906 8
1032 pf 02 -1.440  0.828  1.661 8
1032 pf 03 -0.943  1.076  1.431 7
1032 pf 04 -3.622  1.499  3.920 8
1032 pf 05 -0.225  0.396  0.455 7
1032 pf 06 -0.817  0.725  1.093 8
1032 pf 07 -1.543  0.508  1.624 8
1032 pf 08 -1.267  1.934  2.312 7
1032 pf 09 -0.995  0.407  1.075 8
1032 pf 10 -1.583  0.177  1.593 8
1056 em 00 -1.637  0.670  1.769 8
1056 cf 00 -1.874  0.788  2.033 8
1056 pf 01 -3.551  0.701  3.620 8
1056 pf 02 -1.619  0.713  1.769 8
1056 pf 03 -0.614  1.083  1.245 7
1056 pf 04 -3.661  1.096  3.821 8
1056 pf 05 -0.224  0.189  0.293 8
1056 pf 06 -1.188  0.689  1.374 8
1056 pf 07 -1.456 -0.001  1.456 1
1056 pf 08 -1.528  1.613  2.222 7
1056 pf 09 -0.721  0.508  0.882 8
1056 pf 10 -1.497 -0.153  1.505 1
1080 em 00 -1.560  0.526  1.646 8
1080 cf 00 -1.860  0.449  1.913 8
1080 pf 01 -3.560  0.367  3.578 8
1080 pf 02 -1.888  0.742  2.028 8
1080 pf 03 -0.178  1.014  1.029 7
1080 pf 04 -3.397  0.711  3.470 8
1080 pf 05 -0.087 -0.060  0.106 1
1080 pf 06 -1.190  0.965  1.532 8
1080 pf 07 -1.174 -0.258  1.202 1
1080 pf 08 -1.720  1.398  2.217 8
1080 pf 09 -0.563  0.435  0.712 8
1080 pf 10 -1.482 -0.143  1.489 1
1104 em 00 -1.546  0.265  1.568 8
1104 cf 00 -1.725  0.219  1.738 8
1104 pf 01 -3.605 -0.109  3.607 1
1104 pf 02 -1.747  0.469  1.809 8
1104 pf 03 -0.214  0.840  0.867 7
1104 pf 04 -3.186  0.301  3.200 8
1104 pf 05 -0.233 -0.290  0.372 2
1104 pf 06 -1.021  0.807  1.302 8
1104 pf 07 -1.287 -0.401  1.348 1
1104 pf 08 -1.759  1.069  2.058 8
1104 pf 09 -0.899  0.008  0.899 8
1104 pf 10 -1.257 -0.149  1.265 1
