ecmf prod rf 2007010500 20170105 11 046
0024 em 00  1.735  0.416  1.784 5
0024 cf 00  1.708  0.413  1.757 5
0024 pf 01  1.683  0.485  1.752 5
0024 pf 02  1.738  0.426  1.790 5
0024 pf 03  1.741  0.454  1.799 5
0024 pf 04  1.777  0.402  1.822 5
0024 pf 05  1.703  0.403  1.750 5
0024 pf 06  1.645  0.419  1.697 5
0024 pf 07  1.734  0.529  1.813 5
0024 pf 08  1.878  0.349  1.910 5
0024 pf 09  1.628  0.431  1.685 5
0024 pf 10  1.666  0.264  1.686 5
0048 em 00  1.766  0.756  1.921 5
0048 cf 00  1.756  0.682  1.884 5
0048 pf 01  1.873  0.825  2.047 5
0048 pf 02  1.666  0.689  1.803 5
0048 pf 03  1.793  0.891  2.002 5
0048 pf 04  1.809  0.807  1.981 5
0048 pf 05  1.735  0.826  1.921 5
0048 pf 06  1.697  0.615  1.805 5
0048 pf 07  1.847  0.669  1.964 5
0048 pf 08  1.807  0.850  1.997 5
0048 pf 09  1.599  0.683  1.738 5
0048 pf 10  1.638  0.711  1.786 5
0072 em 00  1.610  0.577  1.710 5
0072 cf 00  1.627  0.442  1.686 5
0072 pf 01  1.767  0.925  1.994 5
0072 pf 02  1.533  0.610  1.650 5
0072 pf 03  1.522  0.683  1.668 5
0072 pf 04  1.567  0.543  1.658 5
0072 pf 05  1.454  0.512  1.541 5
0072 pf 06  1.464  0.285  1.492 5
0072 pf 07  1.820  0.529  1.895 5
0072 pf 08  1.653  0.601  1.759 5
0072 pf 09  1.421  0.582  1.536 5
0072 pf 10  1.705  0.554  1.792 5
0096 em 00  1.041  0.791  1.307 5
0096 cf 00  1.046  0.703  1.261 5
0096 pf 01  1.007  1.034  1.443 6
0096 pf 02  0.886  0.739  1.154 5
0096 pf 03  1.029  0.877  1.352 5
0096 pf 04  0.881  0.835  1.214 5
0096 pf 05  0.982  0.735  1.227 5
0096 pf 06  0.941  0.721  1.186 5
0096 pf 07  1.261  0.740  1.463 5
0096 pf 08  1.138  0.529  1.255 5
0096 pf 09  0.847  0.793  1.160 5
0096 pf 10  1.311  0.872  1.575 5
0120 em 00  0.758  1.048  1.294 6
0120 cf 00  0.755  1.054  1.296 6
0120 pf 01  0.563  1.298  1.414 6
0120 pf 02  0.741  1.173  1.388 6
0120 pf 03  0.937  0.997  1.368 6
0120 pf 04  0.481  0.911  1.030 6
0120 pf 05  0.547  1.011  1.150 6
0120 pf 06  0.603  0.870  1.059 6
0120 pf 07  0.885  0.981  1.322 6
0120 pf 08  0.959  0.728  1.204 5
0120 pf 09  0.595  1.008  1.171 6
0120 pf 10  1.177  1.339  1.783 6
0144 em 00  0.742  1.102  1.329 6
0144 cf 00  0.761  1.092  1.331 6
0144 pf 01  0.371  1.176  1.233 6
0144 pf 02  0.790  1.313  1.532 6
0144 pf 03  0.904  1.018  1.362 6
0144 pf 04  0.440  0.943  1.040 6
0144 pf 05  0.463  0.965  1.070 6
0144 pf 06  0.675  0.845  1.081 6
0144 pf 07  0.820  1.243  1.489 6
0144 pf 08  0.728  0.820  1.096 6
0144 pf 09  0.744  1.126  1.349 6
0144 pf 10  1.402  1.436  2.006 6
0168 em 00  0.762  1.110  1.347 6
0168 cf 00  0.700  0.965  1.192 6
0168 pf 01  0.514  1.017  1.139 6
0168 pf 02  0.864  1.686  1.894 6
0168 pf 03  0.720  1.238  1.432 6
0168 pf 04  0.622  0.777  0.995 6
0168 pf 05  0.438  0.763  0.879 6
0168 pf 06  0.608  1.078  1.237 6
0168 pf 07  0.799  1.316  1.540 6
0168 pf 08  0.760  0.824  1.121 6
0168 pf 09  0.945  1.022  1.392 6
0168 pf 10  1.369  1.371  1.938 6
0192 em 00  0.809  1.028  1.308 6
0192 cf 00  0.712  0.794  1.067 6
0192 pf 01  0.491  0.951  1.070 6
0192 pf 02  0.628  1.580  1.701 6
0192 pf 03  0.879  1.479  1.721 6
0192 pf 04  0.743  0.891  1.160 6
0192 pf 05  0.576  0.708  0.912 6
0192 pf 06  0.605  0.898  1.083 6
0192 pf 07  0.977  0.922  1.344 5
0192 pf 08  0.764  0.614  0.980 5
0192 pf 09  1.240  0.862  1.510 5
0192 pf 10  1.270  1.464  1.938 6
0216 em 00  0.829  0.958  1.266 6
0216 cf 00  0.675  0.613  0.912 5
0216 pf 01  0.728  0.922  1.175 6
0216 pf 02  0.932  1.141  1.473 6
0216 pf 03  0.731  1.336  1.523 6
0216 pf 04  1.026  0.869  1.345 5
0216 pf 05  0.896  0.825  1.218 5
0216 pf 06  0.455  0.821  0.939 6
0216 pf 07  0.837  1.153  1.425 6
0216 pf 08  1.007  0.580  1.162 5
0216 pf 09  0.970  0.722  1.209 5
0216 pf 10  0.834  1.415  1.642 6
0240 em 00  0.737  0.889  1.155 6
0240 cf 00  0.575  0.615  0.842 6
0240 pf 01  0.856  0.809  1.178 5
0240 pf 02  0.794  0.933  1.225 6
0240 pf 03  0.492  1.457  1.538 6
0240 pf 04  0.808  0.686  1.060 5
0240 pf 05  0.832  0.734  1.110 5
0240 pf 06  0.360  0.897  0.967 6
0240 pf 07  0.596  1.240  1.376 6
0240 pf 08  1.156  0.416  1.228 5
0240 pf 09  0.796  0.668  1.039 5
0240 pf 10  0.812  1.204  1.452 6
0264 em 00  0.555  0.900  1.057 6
0264 cf 00  0.314  0.674  0.743 6
0264 pf 01  1.006  1.214  1.576 6
0264 pf 02  0.552  0.508  0.751 5
0264 pf 03  0.276  1.222  1.253 6
0264 pf 04  0.607  0.428  0.742 5
0264 pf 05  0.517  0.607  0.797 6
0264 pf 06  0.371  0.815  0.895 6
0264 pf 07  0.287  1.517  1.544 6
0264 pf 08  1.117  0.465  1.210 5
0264 pf 09  0.609  0.981  1.155 6
0264 pf 10  0.421  1.360  1.423 6
0288 em 00  0.454  0.811  0.930 6
0288 cf 00  0.145  0.436  0.459 6
0288 pf 01  0.975  1.159  1.514 6
0288 pf 02  0.181  0.026  0.183 5
0288 pf 03 -0.141  1.025  1.035 7
0288 pf 04  0.511  0.466  0.691 5
0288 pf 05  0.591  0.441  0.737 5
0288 pf 06  0.393  0.658  0.766 6
0288 pf 07  0.641  1.317  1.465 6
0288 pf 08  1.044  0.842  1.341 5
0288 pf 09  0.510  1.330  1.424 6
0288 pf 10  0.123  1.144  1.150 6
0312 em 00  0.341  0.826  0.893 6
0312 cf 00  0.052  0.201  0.208 6
0312 pf 01  0.971  1.471  1.763 6
0312 pf 02  0.263  0.185  0.322 5
0312 pf 03 -0.072  0.762  0.765 7
0312 pf 04  0.332  0.441  0.552 6
0312 pf 05  0.576  0.550  0.797 5
0312 pf 06  0.392  0.592  0.710 6
0312 pf 07  0.605  1.526  1.642 6
0312 pf 08  0.579  0.863  1.039 6
0312 pf 09  0.223  1.443  1.460 6
0312 pf 10 -0.176  0.976  0.991 7
0336 em 00  0.204  0.778  0.804 6
0336 cf 00  0.051  0.170  0.178 6
0336 pf 01  0.821  1.255  1.500 6
0336 pf 02  0.230  0.135  0.267 5
0336 pf 03 -0.045  0.940  0.941 7
0336 pf 04  0.561  0.477  0.737 5
0336 pf 05  0.449  0.795  0.913 6
0336 pf 06  0.392  0.698  0.801 6
0336 pf 07  0.168  1.449  1.458 6
0336 pf 08  0.164  0.505  0.530 6
0336 pf 09 -0.104  1.323  1.327 7
0336 pf 10 -0.427  0.733  0.848 7
0360 em 00  0.124  0.772  0.782 6
0360 cf 00  0.257  0.054  0.262 5
0360 pf 01  0.523  1.134  1.249 6
0360 pf 02  0.097  0.251  0.269 6
0360 pf 03  0.156  0.932  0.945 6
0360 pf 04  0.632  0.330  0.713 5
0360 pf 05  0.032  0.647  0.648 6
0360 pf 06  0.250  1.232  1.257 6
0360 pf 07 -0.006  1.657  1.657 7
0360 pf 08  0.263  0.520  0.583 6
0360 pf 09 -0.610  1.342  1.474 7
0360 pf 10 -0.186  0.317  0.368 7
0384 em 00  0.252  0.792  0.831 6
0384 cf 00  0.714 -0.010  0.714 4
0384 pf 01  0.892  1.173  1.473 6
0384 pf 02  0.062  0.382  0.387 6
0384 pf 03  0.314  0.877  0.931 6
0384 pf 04  0.957  0.464  1.064 5
0384 pf 05 -0.287  0.590  0.656 7
0384 pf 06 -0.076  1.094  1.097 7
0384 pf 07  0.244  1.742  1.759 6
0384 pf 08  0.181  0.586  0.613 6
0384 pf 09 -0.400  1.585  1.634 7
0384 pf 10  0.246  0.158  0.292 5
0408 em 00  0.360  0.896  0.966 6
0408 cf 00  0.908  0.192  0.928 5
0408 pf 01  1.266  1.153  1.712 5
0408 pf 02  0.043  0.866  0.867 6
0408 pf 03  0.264  0.792  0.835 6
0408 pf 04  1.000  0.645  1.190 5
0408 pf 05 -0.178  0.448  0.482 7
0408 pf 06 -0.402  1.171  1.238 7
0408 pf 07  0.225  1.924  1.937 6
0408 pf 08  0.209  0.742  0.771 6
0408 pf 09  0.085  1.772  1.774 6
0408 pf 10  0.630  0.084  0.635 5
0432 em 00  0.360  1.010  1.072 6
0432 cf 00  1.028  0.571  1.176 5
0432 pf 01  1.081  1.307  1.696 6
0432 pf 02  0.019  0.845  0.845 6
0432 pf 03  0.264  0.918  0.955 6
0432 pf 04  0.952  1.192  1.526 6
0432 pf 05  0.038  0.359  0.361 6
0432 pf 06 -0.595  1.134  1.281 7
0432 pf 07 -0.079  1.855  1.857 7
0432 pf 08  0.508  0.842  0.983 6
0432 pf 09  0.108  1.840  1.843 6
0432 pf 10  0.749  0.168  0.767 5
0456 em 00  0.237  1.153  1.177 6
0456 cf 00  1.044  0.800  1.315 5
0456 pf 01  0.863  1.603  1.821 6
0456 pf 02  0.087  1.294  1.297 6
0456 pf 03  0.070  0.970  0.972 6
0456 pf 04  0.367  1.517  1.561 6
0456 pf 05  0.163  0.439  0.468 6
0456 pf 06 -0.629  1.217  1.370 7
0456 pf 07 -0.537  1.946  2.019 7
0456 pf 08  0.742  0.990  1.238 6
0456 pf 09  0.203  1.857  1.868 6
0456 pf 10  0.366 -0.032  0.368 4
0480 em 00  0.057  1.354  1.356 6
0480 cf 00  0.994  1.015  1.421 6
0480 pf 01  0.533  1.649  1.733 6
0480 pf 02 -0.047  1.670  1.671 7
0480 pf 03  0.248  0.988  1.019 6
0480 pf 04  0.010  2.105  2.105 6
0480 pf 05  0.013  0.463  0.463 6
0480 pf 06 -1.140  1.499  1.883 7
0480 pf 07 -0.634  2.041  2.137 7
0480 pf 08  0.770  1.186  1.414 6
0480 pf 09  0.094  1.987  1.989 6
0480 pf 10 -0.066  0.205  0.215 7
0504 em 00 -0.053  1.410  1.411 7
0504 cf 00  0.682  1.022  1.229 6
0504 pf 01  0.441  1.716  1.772 6
0504 pf 02 -0.227  2.049  2.062 7
0504 pf 03 -0.154  1.263  1.273 7
0504 pf 04  0.051  2.362  2.362 6
0504 pf 05 -0.078  0.548  0.553 7
0504 pf 06 -0.910  1.512  1.764 7
0504 pf 07 -1.207  1.894  2.246 7
0504 pf 08  0.922  1.035  1.386 6
0504 pf 09  0.004  1.913  1.913 6
0504 pf 10  0.073  0.124  0.144 6
0528 em 00 -0.174  1.395  1.406 7
0528 cf 00  0.549  1.011  1.150 6
0528 pf 01  0.610  1.864  1.961 6
0528 pf 02 -0.271  2.017  2.036 7
0528 pf 03 -0.546  1.158  1.280 7
0528 pf 04 -0.659  2.695  2.775 7
0528 pf 05  0.072  0.597  0.602 6
0528 pf 06 -0.622  1.378  1.512 7
0528 pf 07 -1.544  1.837  2.400 7
0528 pf 08  0.784  0.706  1.055 5
0528 pf 09 -0.299  1.961  1.984 7
0528 pf 10  0.204  0.047  0.210 5
0552 em 00 -0.257  1.343  1.367 7
0552 cf 00  0.661  0.821  1.054 6
0552 pf 01  0.455  1.511  1.578 6
0552 pf 02 -0.419  1.828  1.875 7
0552 pf 03 -0.536  1.243  1.354 7
0552 pf 04 -1.310  2.623  2.932 7
0552 pf 05  0.257  0.838  0.876 6
0552 pf 06 -0.414  1.321  1.384 7
0552 pf 07 -1.783  1.777  2.517 8
0552 pf 08  0.536  0.894  1.043 6
0552 pf 09 -0.253  1.765  1.783 7
0552 pf 10  0.167  0.094  0.192 5
0576 em 00 -0.312  1.283  1.320 7
0576 cf 00  0.815  0.732  1.095 5
0576 pf 01  0.010  1.523  1.523 6
0576 pf 02 -0.329  1.441  1.478 7
0576 pf 03 -0.645  1.040  1.224 7
0576 pf 04 -1.564  2.503  2.951 7
0576 pf 05  0.219  1.095  1.117 6
0576 pf 06 -0.147  1.090  1.099 7
0576 pf 07 -2.093  1.629  2.653 8
0576 pf 08  0.444  1.017  1.109 6
0576 pf 09 -0.215  1.624  1.638 7
0576 pf 10  0.284  0.368  0.465 6
0600 em 00 -0.404  1.220  1.285 7
0600 cf 00  0.995  0.582  1.153 5
0600 pf 01 -0.315  1.202  1.242 7
0600 pf 02 -0.362  1.417  1.462 7
0600 pf 03 -0.919  0.937  1.312 7
0600 pf 04 -1.646  2.150  2.708 7
0600 pf 05 -0.253  1.363  1.386 7
0600 pf 06 -0.100  1.129  1.133 7
0600 pf 07 -2.121  1.327  2.502 8
0600 pf 08  0.186  1.429  1.441 6
0600 pf 09 -0.342  1.339  1.382 7
0600 pf 10  0.662  0.541  0.855 5
0624 em 00 -0.470  1.046  1.147 7
0624 cf 00  1.288  0.427  1.357 5
0624 pf 01 -0.746  0.749  1.057 7
0624 pf 02 -0.769  1.602  1.777 7
0624 pf 03 -0.894  0.837  1.225 8
0624 pf 04 -1.994  1.418  2.446 8
0624 pf 05 -0.488  1.287  1.377 7
0624 pf 06  0.394  0.792  0.885 6
0624 pf 07 -2.005  0.905  2.200 8
0624 pf 08 -0.106  1.609  1.612 7
0624 pf 09 -0.422  1.318  1.384 7
0624 pf 10  0.816  0.607  1.017 5
0648 em 00 -0.509  0.881  1.017 7
0648 cf 00  1.328  0.592  1.454 5
0648 pf 01 -0.626  0.427  0.758 8
0648 pf 02 -1.045  1.728  2.019 7
0648 pf 03 -0.662  0.574  0.876 8
0648 pf 04 -2.114  0.854  2.280 8
0648 pf 05 -0.432  1.297  1.368 7
0648 pf 06  0.714  0.486  0.864 5
0648 pf 07 -2.001  0.799  2.155 8
0648 pf 08 -0.314  1.715  1.744 7
0648 pf 09 -0.526  0.833  0.985 7
0648 pf 10  0.342  0.499  0.605 6
0672 em 00 -0.466  0.774  0.903 7
0672 cf 00  1.461  1.062  1.806 5
0672 pf 01 -0.574  0.168  0.598 8
0672 pf 02 -1.269  1.674  2.100 7
0672 pf 03 -0.122  0.144  0.189 7
0672 pf 04 -2.116  0.531  2.181 8
0672 pf 05 -0.276  1.022  1.059 7
0672 pf 06  0.733  0.252  0.776 5
0672 pf 07 -1.796  0.761  1.951 8
0672 pf 08 -0.570  1.672  1.766 7
0672 pf 09 -0.384  0.785  0.873 7
0672 pf 10  0.036  0.600  0.601 6
0696 em 00 -0.421  0.680  0.800 7
0696 cf 00  1.484  1.319  1.985 5
0696 pf 01 -0.926  0.048  0.927 8
0696 pf 02 -1.230  1.560  1.987 7
0696 pf 03 -0.008 -0.257  0.257 2
0696 pf 04 -2.128  0.053  2.128 8
0696 pf 05 -0.251  0.939  0.972 7
0696 pf 06  0.983  0.178  0.999 5
0696 pf 07 -1.290  0.697  1.466 8
0696 pf 08 -0.776  1.380  1.583 7
0696 pf 09 -0.350  0.821  0.892 7
0696 pf 10  0.080  0.924  0.927 6
0720 em 00 -0.347  0.524  0.629 7
0720 cf 00  1.294  1.385  1.895 6
0720 pf 01 -0.967 -0.117  0.974 1
0720 pf 02 -1.100  1.079  1.541 8
0720 pf 03  0.207 -0.377  0.430 3
0720 pf 04 -1.911 -0.279  1.931 1
0720 pf 05 -0.470  0.643  0.797 7
0720 pf 06  1.101  0.208  1.121 5
0720 pf 07 -1.101  0.494  1.207 8
0720 pf 08 -0.764  1.241  1.457 7
0720 pf 09 -0.190  0.826  0.848 7
0720 pf 10  0.279  0.865  0.909 6
0744 em 00 -0.290  0.338  0.445 7
0744 cf 00  1.007  1.485  1.794 6
0744 pf 01 -0.996 -0.147  1.007 1
0744 pf 02 -1.453  0.575  1.563 8
0744 pf 03  0.693 -0.552  0.886 4
0744 pf 04 -1.302 -0.145  1.310 1
0744 pf 05 -0.828  0.025  0.828 8
0744 pf 06  1.144  0.526  1.259 5
0744 pf 07 -0.984 -0.213  1.006 1
0744 pf 08 -0.723  0.802  1.080 7
0744 pf 09  0.150  0.800  0.814 6
0744 pf 10  0.248  0.761  0.800 6
0768 em 00 -0.248  0.169  0.300 8
0768 cf 00  0.592  1.601  1.707 6
0768 pf 01 -1.153 -0.206  1.171 1
0768 pf 02 -1.316  0.025  1.316 8
0768 pf 03  1.001 -0.954  1.382 4
0768 pf 04 -0.726 -0.354  0.808 1
0768 pf 05 -0.713 -0.151  0.728 1
0768 pf 06  1.244  0.391  1.303 5
0768 pf 07 -0.905 -0.745  1.172 1
0768 pf 08 -0.699  0.653  0.956 8
0768 pf 09  0.131  0.734  0.746 6
0768 pf 10 -0.075  1.077  1.080 7
0792 em 00 -0.194  0.083  0.211 8
0792 cf 00  0.237  1.693  1.710 6
0792 pf 01 -1.415  0.002  1.415 8
0792 pf 02 -1.128 -0.409  1.200 1
0792 pf 03  1.049 -1.263  1.642 3
0792 pf 04 -0.238 -0.070  0.248 1
0792 pf 05 -0.632 -0.373  0.733 1
0792 pf 06  1.240  0.225  1.260 5
0792 pf 07 -0.639 -1.239  1.394 2
0792 pf 08 -0.304  0.666  0.732 7
0792 pf 09  0.334  0.635  0.718 6
0792 pf 10 -0.592  1.215  1.352 7
0816 em 00 -0.098 -0.032  0.103 1
0816 cf 00  0.038  1.652  1.653 6
0816 pf 01 -1.070  0.109  1.076 8
0816 pf 02 -1.044 -0.671  1.241 1
0816 pf 03  1.132 -0.987  1.502 4
0816 pf 04 -0.057  0.020  0.061 8
0816 pf 05 -0.460 -0.736  0.868 2
0816 pf 06  1.075  0.224  1.098 5
0816 pf 07 -0.163 -1.900  1.907 2
0816 pf 08 -0.224  0.882  0.910 7
0816 pf 09  0.633  0.320  0.709 5
0816 pf 10 -0.952  0.910  1.317 8
0840 em 00  0.081 -0.147  0.167 3
0840 cf 00 -0.218  1.556  1.572 7
0840 pf 01 -0.738  0.008  0.738 8
0840 pf 02 -0.614 -0.997  1.171 2
0840 pf 03  1.073 -0.751  1.309 4
0840 pf 04  0.006  0.415  0.415 6
0840 pf 05  0.177 -1.054  1.069 3
0840 pf 06  1.008  0.446  1.103 5
0840 pf 07  0.272 -2.313  2.329 3
0840 pf 08 -0.030  0.962  0.963 7
0840 pf 09  0.840 -0.082  0.844 4
0840 pf 10 -0.952  0.397  1.031 8
0864 em 00  0.164 -0.195  0.255 3
0864 cf 00 -0.675  1.371  1.528 7
0864 pf 01 -0.455  0.189  0.492 8
0864 pf 02 -0.008 -1.332  1.332 2
0864 pf 03  1.251 -0.593  1.384 4
0864 pf 04 -0.211  0.501  0.543 7
0864 pf 05  0.741 -1.028  1.267 3
0864 pf 06  0.681  0.764  1.024 6
0864 pf 07  0.596 -2.352  2.426 3
0864 pf 08  0.079  0.826  0.830 6
0864 pf 09  0.614 -0.352  0.708 4
0864 pf 10 -0.920  0.063  0.922 8
0888 em 00  0.173 -0.224  0.283 3
0888 cf 00 -0.787  1.184  1.422 7
0888 pf 01 -0.354  0.034  0.356 8
0888 pf 02  0.311 -1.572  1.603 3
0888 pf 03  1.194 -0.205  1.212 4
0888 pf 04 -0.407  0.236  0.471 8
0888 pf 05  1.123 -0.792  1.374 4
0888 pf 06  0.652  0.893  1.106 6
0888 pf 07  0.545 -2.353  2.416 3
0888 pf 08 -0.165  0.614  0.635 7
0888 pf 09  0.341 -0.423  0.543 3
0888 pf 10 -0.680  0.114  0.690 8
0912 em 00  0.264 -0.239  0.356 4
0912 cf 00 -0.813  1.099  1.367 7
0912 pf 01 -0.303 -0.240  0.386 1
0912 pf 02  0.652 -1.643  1.768 3
0912 pf 03  1.271  0.185  1.284 5
0912 pf 04 -0.625  0.233  0.667 8
0912 pf 05  1.644 -0.631  1.760 4
0912 pf 06  0.042  0.920  0.921 6
0912 pf 07  1.121 -1.997  2.290 3
0912 pf 08 -0.036  0.350  0.351 7
0912 pf 09  0.233 -0.598  0.642 3
0912 pf 10 -0.441 -0.134  0.461 1
0936 em 00  0.276 -0.265  0.382 4
0936 cf 00 -0.926  0.891  1.285 8
0936 pf 01 -0.672 -0.697  0.968 2
0936 pf 02  1.001 -1.487  1.792 3
0936 pf 03  0.982  0.723  1.220 5
0936 pf 04 -0.807 -0.279  0.854 1
0936 pf 05  1.984 -0.399  2.024 4
0936 pf 06 -0.363  0.927  0.995 7
0936 pf 07  1.519 -1.790  2.348 3
0936 pf 08 -0.066  0.116  0.134 7
0936 pf 09  0.284 -0.646  0.706 3
0936 pf 10 -0.066 -0.110  0.128 2
0960 em 00  0.256 -0.329  0.417 3
0960 cf 00 -1.098  0.617  1.260 8
0960 pf 01 -0.566 -0.915  1.076 2
0960 pf 02  1.300 -1.211  1.777 4
0960 pf 03  0.578  1.017  1.170 6
0960 pf 04 -0.586 -0.690  0.905 2
0960 pf 05  1.998 -0.070  1.999 4
0960 pf 06 -0.606  0.620  0.868 7
0960 pf 07  2.028 -1.518  2.533 4
0960 pf 08 -0.219  0.008  0.219 8
0960 pf 09 -0.261 -0.731  0.776 2
0960 pf 10  0.086 -0.608  0.614 3
0984 em 00  0.326 -0.422  0.533 3
0984 cf 00 -1.268  0.238  1.291 8
0984 pf 01 -0.169 -0.858  0.874 2
0984 pf 02  1.823 -0.935  2.049 4
0984 pf 03  0.002  1.177  1.177 6
0984 pf 04 -0.354 -1.024  1.084 2
0984 pf 05  2.055  0.217  2.066 5
0984 pf 06 -0.647 -0.128  0.660 1
0984 pf 07  2.179 -1.537  2.666 4
0984 pf 08 -0.373 -0.235  0.441 1
0984 pf 09 -0.088 -1.126  1.129 2
0984 pf 10  0.228 -0.297  0.374 3
1008 em 00  0.355 -0.503  0.616 3
1008 cf 00 -1.084 -0.085  1.088 1
1008 pf 01 -0.348 -1.164  1.215 2
1008 pf 02  2.045 -0.671  2.152 4
1008 pf 03 -0.433  0.895  0.994 7
1008 pf 04 -0.114 -1.056  1.062 2
1008 pf 05  1.878  0.185  1.887 5
1008 pf 06 -0.753 -0.302  0.812 1
1008 pf 07  2.400 -1.403  2.780 4
1008 pf 08 -0.369 -0.250  0.445 1
1008 pf 09  0.269 -1.114  1.146 3
1008 pf 10  0.183 -0.460  0.495 3
1032 em 00  0.484 -0.465  0.671 4
1032 cf 00 -0.763 -0.329  0.831 1
1032 pf 01 -0.611 -1.372  1.502 2
1032 pf 02  2.161 -0.187  2.169 4
1032 pf 03 -0.553  0.764  0.943 7
1032 pf 04  0.166 -0.901  0.917 3
1032 pf 05  2.094  0.697  2.207 5
1032 pf 06 -0.535 -0.352  0.640 1
1032 pf 07  2.669 -0.833  2.796 4
1032 pf 08 -0.248 -0.504  0.562 2
1032 pf 09  0.675 -1.343  1.503 3
1032 pf 10  0.037 -0.674  0.675 3
1056 em 00  0.608 -0.354  0.703 4
1056 cf 00 -0.289 -0.350  0.454 2
1056 pf 01 -0.540 -1.266  1.376 2
1056 pf 02  2.270  0.120  2.274 5
1056 pf 03 -0.601  0.364  0.703 8
1056 pf 04  0.596 -0.827  1.019 3
1056 pf 05  1.931  1.136  2.241 5
1056 pf 06 -0.282 -0.220  0.358 1
1056 pf 07  2.924 -0.051  2.925 4
1056 pf 08 -0.060 -0.671  0.673 2
1056 pf 09  0.698 -1.360  1.528 3
1056 pf 10 -0.167 -0.722  0.741 2
1080 em 00  0.727 -0.270  0.776 4
1080 cf 00 -0.167 -0.403  0.437 2
1080 pf 01 -0.138 -1.386  1.393 2
1080 pf 02  2.164  0.488  2.219 5
1080 pf 03 -0.363  0.317  0.482 8
1080 pf 04  0.887 -0.554  1.046 4
1080 pf 05  1.634  1.095  1.967 5
1080 pf 06 -0.196 -0.263  0.328 2
1080 pf 07  3.006  0.472  3.043 5
1080 pf 08  0.239 -0.764  0.801 3
1080 pf 09  0.697 -1.065  1.273 3
1080 pf 10  0.043 -0.879  0.880 3
1104 em 00  0.781 -0.145  0.794 4
1104 cf 00  0.211 -0.316  0.380 3
1104 pf 01  0.186 -1.341  1.354 3
1104 pf 02  1.811  0.901  2.023 5
1104 pf 03 -0.557  0.007  0.557 8
1104 pf 04  0.959 -0.286  1.001 4
1104 pf 05  1.653  1.440  2.193 5
1104 pf 06  0.423 -0.192  0.464 4
1104 pf 07  2.495  1.000  2.688 5
1104 pf 08  0.375 -0.859  0.937 3
1104 pf 09  0.756 -0.697  1.028 4
1104 pf 10  0.096 -1.248  1.252 3
